1.900000000000000105e-05
1.871999999999999966e-03
2.403999999999999887e-03
3.667000000000000121e-03
4.820999999999999765e-03
8.316000000000000475e-03
1.110900000000000082e-02
1.169399999999999953e-02
1.115099999999999945e-02
1.154600000000000071e-02
1.278699999999999976e-02
1.674000000000000141e-02
2.274500000000000133e-02
2.158900000000000055e-02
2.283999999999999919e-02
2.262300000000000075e-02
2.709599999999999856e-02
2.532699999999999882e-02
3.083299999999999930e-02
3.169199999999999795e-02
2.950799999999999951e-02
3.786899999999999988e-02
3.782800000000000051e-02
4.666800000000000115e-02
3.903600000000000125e-02
4.027499999999999830e-02
4.755899999999999711e-02
4.917799999999999949e-02
4.914600000000000218e-02
4.527599999999999680e-02
5.080799999999999900e-02
4.774300000000000072e-02
5.173300000000000121e-02
5.187800000000000050e-02
5.333999999999999853e-02
5.873699999999999755e-02
6.579400000000000526e-02
5.504300000000000165e-02
5.135399999999999687e-02
5.668499999999999928e-02
5.673099999999999671e-02
5.733599999999999808e-02
5.961799999999999738e-02
6.407899999999999707e-02
6.848200000000000121e-02
7.327799999999999592e-02
7.807300000000000351e-02
6.130000000000000032e-02
6.197899999999999937e-02
6.403200000000000558e-02
6.605700000000000460e-02
7.311700000000000144e-02
7.363999999999999713e-02
6.824800000000000311e-02
7.230499999999999428e-02
7.243399999999999839e-02
7.252999999999999725e-02
7.992000000000000492e-02
1.064709999999999962e-01
9.972499999999999420e-02
1.122029999999999972e-01
7.904700000000000615e-02
8.086999999999999744e-02
8.271399999999999586e-02
8.385199999999999598e-02
9.202699999999999769e-02
9.095000000000000306e-02
8.755100000000000382e-02
9.491499999999999937e-02
9.572100000000000053e-02
9.364500000000000601e-02
9.567900000000000016e-02
9.687199999999999978e-02
1.069650000000000045e-01
1.041969999999999980e-01
1.077000000000000041e-01
1.061020000000000019e-01
1.087619999999999976e-01
1.101120000000000015e-01
1.094640000000000057e-01
1.049130000000000063e-01
1.062329999999999941e-01
1.061269999999999991e-01
1.075569999999999998e-01
1.142449999999999993e-01
1.113589999999999997e-01
1.150150000000000061e-01
1.146080000000000015e-01
1.163440000000000030e-01
1.320630000000000137e-01
1.172969999999999985e-01
1.199569999999999942e-01
1.192539999999999989e-01
1.200439999999999979e-01
1.226109999999999978e-01
1.239969999999999961e-01
1.253720000000000112e-01
1.262959999999999916e-01
1.348469999999999946e-01
1.299629999999999952e-01
