7.100000000000000462e-05
4.810000000000000039e-03
9.478000000000000314e-03
1.336999999999999994e-02
1.581499999999999920e-02
2.174999999999999850e-02
2.493899999999999936e-02
2.786999999999999894e-02
3.972500000000000336e-02
3.522000000000000131e-02
4.729900000000000077e-02
4.600900000000000128e-02
5.202099999999999780e-02
5.800099999999999700e-02
5.620599999999999902e-02
7.070500000000000396e-02
7.140599999999999725e-02
7.893999999999999628e-02
8.078000000000000458e-02
8.515300000000000646e-02
8.364199999999999413e-02
9.065900000000000347e-02
9.886599999999999555e-02
1.032180000000000042e-01
1.093739999999999990e-01
1.098650000000000043e-01
9.091599999999999682e-02
9.428699999999999581e-02
1.005980000000000069e-01
1.053940000000000016e-01
1.126400000000000040e-01
1.130509999999999987e-01
1.196819999999999967e-01
1.595060000000000089e-01
1.835900000000000032e-01
1.236369999999999969e-01
1.262010000000000076e-01
1.292510000000000048e-01
1.324720000000000064e-01
1.354140000000000066e-01
1.407059999999999977e-01
1.457229999999999914e-01
1.483730000000000049e-01
1.501300000000000134e-01
1.537910000000000110e-01
1.570479999999999932e-01
1.599629999999999941e-01
1.643169999999999908e-01
1.687720000000000053e-01
1.711890000000000078e-01
1.823819999999999886e-01
1.852600000000000080e-01
1.825289999999999968e-01
1.893120000000000080e-01
1.910560000000000036e-01
1.927790000000000059e-01
1.975399999999999934e-01
1.980939999999999923e-01
2.034189999999999887e-01
2.084679999999999866e-01
2.164889999999999870e-01
2.749449999999999950e-01
2.601080000000000059e-01
2.408160000000000023e-01
2.506079999999999974e-01
2.517170000000000241e-01
2.495829999999999993e-01
3.103589999999999960e-01
2.614940000000000042e-01
2.428669999999999995e-01
2.546979999999999800e-01
2.715719999999999801e-01
2.736720000000000264e-01
2.622680000000000011e-01
2.865230000000000277e-01
3.129250000000000087e-01
3.465269999999999739e-01
3.691940000000000222e-01
3.519930000000000003e-01
3.497660000000000213e-01
4.123789999999999956e-01
2.945320000000000160e-01
2.960860000000000158e-01
3.028790000000000093e-01
3.244920000000000027e-01
3.050129999999999786e-01
3.201680000000000081e-01
3.488350000000000062e-01
3.596679999999999877e-01
3.224739999999999829e-01
3.870489999999999764e-01
3.882070000000000243e-01
3.591940000000000133e-01
4.684499999999999775e-01
3.382240000000000246e-01
3.678759999999999808e-01
4.582899999999999752e-01
3.438010000000000232e-01
3.539080000000000004e-01
3.508959999999999857e-01
