1.900000000000000105e-05
2.099999999999999870e-03
4.041999999999999586e-03
8.786999999999999672e-03
1.187000000000000034e-02
1.285099999999999958e-02
1.732600000000000112e-02
1.690799999999999942e-02
2.325699999999999990e-02
2.775299999999999989e-02
2.849600000000000050e-02
3.241299999999999737e-02
3.546799999999999953e-02
3.155000000000000165e-02
3.630099999999999993e-02
3.671900000000000164e-02
3.634899999999999937e-02
5.055599999999999677e-02
4.144699999999999773e-02
4.999900000000000178e-02
5.550900000000000278e-02
5.688000000000000000e-02
6.283199999999999896e-02
6.109200000000000047e-02
6.707399999999999474e-02
6.443300000000000416e-02
7.856899999999999995e-02
7.315099999999999381e-02
8.429399999999999393e-02
7.308099999999999319e-02
8.512400000000000522e-02
8.914400000000000102e-02
9.776500000000000468e-02
8.530100000000000182e-02
9.389300000000000423e-02
7.559899999999999953e-02
7.806399999999999451e-02
7.968699999999999395e-02
8.283300000000000385e-02
8.389000000000000623e-02
8.647599999999999731e-02
8.937599999999999711e-02
9.155099999999999349e-02
9.362299999999999789e-02
9.556099999999999317e-02
9.836799999999999711e-02
1.010999999999999954e-01
1.020520000000000038e-01
1.038670000000000010e-01
1.054360000000000019e-01
1.089439999999999992e-01
1.104819999999999969e-01
1.116639999999999994e-01
1.145540000000000030e-01
1.210019999999999984e-01
1.265330000000000066e-01
1.207170000000000049e-01
1.278199999999999892e-01
1.305749999999999966e-01
1.444269999999999998e-01
1.445780000000000121e-01
1.395699999999999996e-01
1.514270000000000060e-01
1.739980000000000138e-01
1.989720000000000100e-01
2.257679999999999965e-01
1.515499999999999903e-01
1.503919999999999979e-01
1.657240000000000102e-01
1.556599999999999928e-01
1.529059999999999864e-01
1.551099999999999979e-01
1.602669999999999928e-01
1.718770000000000020e-01
1.620290000000000064e-01
1.713540000000000063e-01
1.723580000000000112e-01
1.674430000000000085e-01
1.887220000000000009e-01
1.811899999999999900e-01
1.753589999999999871e-01
2.048169999999999991e-01
1.825839999999999963e-01
1.805980000000000085e-01
2.003630000000000133e-01
1.881089999999999984e-01
1.970260000000000067e-01
2.450039999999999996e-01
2.356999999999999929e-01
2.653610000000000135e-01
2.920860000000000123e-01
2.412719999999999865e-01
2.353059999999999874e-01
2.111709999999999976e-01
2.198440000000000116e-01
2.205600000000000060e-01
2.960829999999999851e-01
2.614079999999999737e-01
2.366759999999999975e-01
2.404699999999999893e-01
