1.800000000000000046e-05
4.969000000000000326e-03
8.378999999999999296e-03
9.903999999999999609e-03
1.197400000000000027e-02
1.918800000000000019e-02
2.410100000000000089e-02
2.622400000000000078e-02
2.815799999999999900e-02
3.631899999999999712e-02
3.349300000000000194e-02
3.071600000000000025e-02
3.813199999999999923e-02
5.220099999999999740e-02
5.030300000000000049e-02
5.633500000000000313e-02
6.609500000000000097e-02
6.106700000000000322e-02
5.903200000000000114e-02
6.193499999999999700e-02
6.834500000000000297e-02
7.560400000000000453e-02
8.283999999999999697e-02
1.002379999999999938e-01
9.335400000000000642e-02
9.695800000000000252e-02
9.816800000000000526e-02
9.777099999999999680e-02
1.037809999999999983e-01
1.038980000000000042e-01
1.150150000000000061e-01
1.140629999999999977e-01
1.177269999999999983e-01
1.185149999999999954e-01
1.228810000000000041e-01
1.497179999999999900e-01
1.339660000000000017e-01
1.300939999999999874e-01
1.184299999999999936e-01
1.200200000000000017e-01
1.168369999999999964e-01
1.150800000000000017e-01
1.203609999999999958e-01
1.231079999999999952e-01
1.642190000000000039e-01
1.283209999999999906e-01
1.266609999999999958e-01
1.253370000000000040e-01
1.291410000000000058e-01
1.347609999999999919e-01
1.340030000000000110e-01
1.406920000000000115e-01
1.494530000000000025e-01
1.500080000000000024e-01
1.570969999999999867e-01
1.906920000000000004e-01
1.922429999999999972e-01
1.729719999999999869e-01
1.603900000000000048e-01
1.613690000000000124e-01
1.596440000000000081e-01
1.689799999999999913e-01
2.163430000000000075e-01
1.725720000000000032e-01
1.731989999999999919e-01
1.975040000000000129e-01
2.077269999999999950e-01
1.885689999999999866e-01
1.836260000000000114e-01
2.099020000000000052e-01
1.991209999999999924e-01
2.002259999999999873e-01
2.017190000000000094e-01
2.001779999999999948e-01
1.992990000000000039e-01
2.023619999999999863e-01
2.113730000000000053e-01
2.465219999999999911e-01
2.698400000000000243e-01
2.688490000000000046e-01
3.008839999999999848e-01
2.548320000000000030e-01
3.254960000000000075e-01
2.251259999999999928e-01
2.438390000000000002e-01
2.605899999999999883e-01
2.479010000000000102e-01
2.300520000000000065e-01
2.437050000000000050e-01
2.480130000000000112e-01
2.405470000000000108e-01
2.522490000000000010e-01
2.594239999999999879e-01
2.604569999999999941e-01
2.601939999999999809e-01
2.539870000000000183e-01
2.740670000000000051e-01
3.234560000000000213e-01
2.722220000000000195e-01
2.955820000000000114e-01
