2.099999999999999884e-05
4.505000000000000324e-03
1.222400000000000049e-02
1.413900000000000053e-02
2.122900000000000134e-02
3.025100000000000011e-02
4.154000000000000054e-02
4.182199999999999807e-02
4.049300000000000122e-02
4.780899999999999733e-02
6.013000000000000289e-02
6.368600000000000649e-02
6.072700000000000320e-02
6.159900000000000098e-02
6.110000000000000153e-02
6.607699999999999685e-02
6.900599999999999790e-02
9.573800000000000365e-02
1.127080000000000026e-01
1.004590000000000066e-01
1.154649999999999982e-01
9.704200000000000326e-02
1.019229999999999997e-01
1.052420000000000022e-01
1.067379999999999995e-01
1.114969999999999989e-01
1.191129999999999967e-01
1.205679999999999946e-01
1.232720000000000066e-01
1.288829999999999976e-01
1.313429999999999875e-01
1.469439999999999913e-01
1.672260000000000135e-01
1.586490000000000122e-01
1.658010000000000039e-01
1.981310000000000016e-01
1.778899999999999926e-01
1.942309999999999870e-01
1.746020000000000072e-01
1.909119999999999984e-01
1.794560000000000044e-01
1.839659999999999906e-01
1.908640000000000059e-01
1.919679999999999997e-01
1.958149999999999891e-01
2.001300000000000023e-01
2.057789999999999897e-01
2.123919999999999975e-01
2.302400000000000002e-01
2.229240000000000110e-01
2.263670000000000126e-01
2.286809999999999954e-01
2.357229999999999881e-01
2.502380000000000160e-01
2.622729999999999784e-01
2.499689999999999968e-01
2.961289999999999756e-01
3.055490000000000150e-01
3.039189999999999947e-01
2.659090000000000065e-01
2.819599999999999884e-01
2.895499999999999741e-01
2.901130000000000098e-01
3.394559999999999800e-01
3.042719999999999869e-01
2.887739999999999752e-01
2.943709999999999938e-01
2.986139999999999906e-01
2.983350000000000168e-01
3.009749999999999925e-01
3.124830000000000108e-01
3.111860000000000182e-01
3.171479999999999855e-01
3.220819999999999794e-01
3.278300000000000103e-01
3.271009999999999751e-01
3.332439999999999847e-01
3.392490000000000228e-01
3.463189999999999880e-01
4.199620000000000020e-01
3.556429999999999869e-01
3.578310000000000102e-01
3.588620000000000143e-01
4.891800000000000037e-01
3.748259999999999925e-01
3.817189999999999750e-01
3.822220000000000062e-01
3.848770000000000246e-01
3.883800000000000030e-01
3.946959999999999913e-01
3.974909999999999832e-01
4.572519999999999918e-01
4.901190000000000269e-01
5.675029999999999797e-01
4.247330000000000272e-01
4.207000000000000184e-01
4.268759999999999777e-01
4.334790000000000032e-01
4.409980000000000011e-01
4.404660000000000242e-01
4.378049999999999997e-01
4.440140000000000198e-01
5.147030000000000216e-01
4.779749999999999832e-01
4.606180000000000274e-01
4.593389999999999973e-01
4.650469999999999882e-01
4.723709999999999853e-01
4.753359999999999808e-01
4.808109999999999884e-01
4.816770000000000218e-01
4.904000000000000026e-01
4.956929999999999947e-01
5.951269999999999616e-01
5.010970000000000146e-01
5.056829999999999936e-01
5.079949999999999743e-01
5.144750000000000156e-01
5.212599999999999456e-01
5.227650000000000352e-01
5.275170000000000137e-01
5.309359999999999635e-01
6.060590000000000144e-01
5.661939999999999751e-01
5.442590000000000483e-01
5.551719999999999988e-01
5.509640000000000093e-01
5.590039999999999454e-01
5.674120000000000275e-01
5.676330000000000542e-01
5.699378999999999973e-01
6.354199999999999848e-01
6.203039999999999665e-01
5.788170000000000259e-01
5.856810000000000072e-01
5.947270000000000056e-01
6.022610000000000463e-01
6.043830000000000036e-01
6.088299999999999823e-01
6.091509999999999980e-01
7.067961000000000382e-01
6.156420000000000226e-01
6.282948999999999895e-01
6.325749999999999984e-01
6.369369999999999754e-01
8.367590000000000305e-01
6.395319999999999894e-01
6.857229999999999714e-01
6.975369999999999626e-01
6.565689999999999582e-01
6.623360000000000358e-01
6.636739999999999862e-01
6.653679999999999595e-01
6.675330000000000430e-01
6.766170000000000240e-01
7.836819999999999897e-01
6.812399999999999567e-01
7.087010000000000254e-01
7.009480000000000155e-01
6.923259999999999970e-01
6.974970000000000336e-01
7.017769999999999841e-01
8.138619999999999743e-01
7.177210000000000534e-01
7.289759999999999573e-01
7.538709999999999578e-01
7.230480000000000240e-01
7.360360000000000236e-01
7.335570000000000146e-01
8.472990000000000244e-01
7.477700000000000458e-01
7.497869999999999813e-01
7.555039999999999534e-01
7.559320000000000483e-01
7.633790000000000298e-01
7.677929999999999477e-01
8.618069999999999897e-01
7.728930000000000522e-01
7.773160000000000069e-01
7.865370000000000417e-01
7.910920000000000174e-01
8.066429999999999989e-01
8.898040000000000393e-01
8.034980000000000455e-01
8.085539999999999949e-01
8.127799999999999470e-01
8.369440000000000213e-01
8.286860000000000337e-01
9.232489999999999863e-01
9.221690000000000165e-01
8.815760000000000263e-01
8.654579999999999496e-01
8.626700000000000479e-01
8.705850000000000533e-01
9.721490000000000409e-01
8.534340000000000259e-01
8.587749999999999551e-01
8.769360000000000488e-01
8.712530000000000552e-01
8.875709999999999988e-01
