1.599999999999999928e-05
3.041999999999999999e-03
5.531000000000000326e-03
6.270999999999999665e-03
9.065000000000000141e-03
1.255299999999999992e-02
1.472599999999999951e-02
1.891599999999999879e-02
1.836099999999999885e-02
2.393899999999999847e-02
2.725999999999999951e-02
2.921500000000000138e-02
3.276600000000000346e-02
3.605099999999999971e-02
3.415200000000000180e-02
3.568099999999999744e-02
3.814399999999999735e-02
3.904599999999999738e-02
4.105799999999999728e-02
4.415800000000000280e-02
4.630399999999999794e-02
5.001799999999999996e-02
5.109400000000000053e-02
5.648299999999999849e-02
5.600800000000000223e-02
5.481599999999999667e-02
5.641100000000000281e-02
5.941899999999999959e-02
6.175800000000000040e-02
6.264000000000000123e-02
6.889499999999999791e-02
6.762799999999999367e-02
6.985700000000000243e-02
7.155400000000000649e-02
7.359599999999999476e-02
7.587900000000000200e-02
7.815500000000000225e-02
8.389299999999999535e-02
8.517299999999999871e-02
9.289600000000000635e-02
8.873999999999999944e-02
1.025449999999999973e-01
1.269669999999999965e-01
1.267179999999999973e-01
1.166949999999999932e-01
1.049530000000000046e-01
1.367049999999999932e-01
1.084610000000000019e-01
1.092430000000000068e-01
1.112429999999999947e-01
1.104009999999999991e-01
1.291799999999999893e-01
1.458200000000000052e-01
1.259290000000000131e-01
1.274460000000000037e-01
1.303499999999999936e-01
1.230490000000000056e-01
1.330639999999999878e-01
1.879649999999999932e-01
1.524659999999999904e-01
1.457239999999999924e-01
1.475329999999999975e-01
1.434449999999999892e-01
1.390359999999999929e-01
1.419239999999999946e-01
1.574119999999999964e-01
1.472779999999999923e-01
1.454910000000000092e-01
1.500420000000000087e-01
1.499199999999999977e-01
1.530299999999999994e-01
1.560100000000000098e-01
1.583080000000000043e-01
1.580650000000000110e-01
1.645359999999999878e-01
2.524509999999999810e-01
1.914760000000000073e-01
1.668930000000000136e-01
1.747769999999999879e-01
1.787009999999999987e-01
1.753830000000000111e-01
1.774249999999999994e-01
1.786999999999999977e-01
1.799860000000000071e-01
1.866069999999999951e-01
1.847709999999999908e-01
1.875729999999999897e-01
1.937450000000000006e-01
2.206019999999999925e-01
2.191629999999999967e-01
2.165009999999999990e-01
2.165380000000000082e-01
2.254529999999999867e-01
2.108559999999999879e-01
2.081659999999999899e-01
2.093740000000000046e-01
2.155040000000000011e-01
2.795759999999999912e-01
2.287980000000000014e-01
2.965400000000000258e-01
2.237820000000000087e-01
2.279200000000000115e-01
2.346020000000000050e-01
2.418750000000000067e-01
2.452270000000000005e-01
2.690569999999999906e-01
3.222059999999999924e-01
2.358820000000000083e-01
2.363389999999999935e-01
2.365800000000000125e-01
2.718579999999999885e-01
2.420350000000000001e-01
2.439910000000000134e-01
2.502190000000000247e-01
2.473909999999999998e-01
2.507639999999999869e-01
2.555760000000000254e-01
2.812500000000000000e-01
3.216579999999999995e-01
2.610689999999999955e-01
2.610910000000000175e-01
2.659309999999999730e-01
2.724249999999999727e-01
2.883749999999999925e-01
2.791989999999999750e-01
2.726689999999999947e-01
2.736589999999999856e-01
2.796710000000000029e-01
2.789710000000000245e-01
2.808160000000000101e-01
2.856170000000000098e-01
2.857600000000000140e-01
2.915809999999999791e-01
2.966139999999999888e-01
2.933669999999999889e-01
3.767820000000000058e-01
3.319540000000000268e-01
4.061949999999999728e-01
3.405659999999999799e-01
3.310750000000000082e-01
3.249020000000000241e-01
3.171059999999999990e-01
4.294629999999999836e-01
4.527039999999999953e-01
4.922000000000000264e-01
3.515940000000000176e-01
4.232710000000000083e-01
3.395540000000000225e-01
3.338349999999999929e-01
3.257939999999999725e-01
3.311270000000000047e-01
3.322300000000000253e-01
3.356750000000000012e-01
3.382600000000000051e-01
3.435480000000000200e-01
3.460329999999999795e-01
4.695079999999999809e-01
3.458300000000000263e-01
3.510539999999999772e-01
4.220829999999999860e-01
4.382969999999999922e-01
3.560130000000000239e-01
3.690120000000000067e-01
3.724729999999999985e-01
4.194769999999999888e-01
4.007060000000000066e-01
3.919659999999999811e-01
4.404870000000000174e-01
4.154360000000000275e-01
3.994409999999999905e-01
3.999210000000000265e-01
4.045329999999999759e-01
4.123029999999999751e-01
4.052100000000000146e-01
4.058129999999999793e-01
5.463930000000000176e-01
4.726219999999999866e-01
4.223589999999999844e-01
4.450890000000000124e-01
4.633880000000000221e-01
4.237929999999999753e-01
4.481109999999999816e-01
4.147060000000000191e-01
4.302239999999999953e-01
4.780530000000000057e-01
4.475640000000000174e-01
4.495730000000000004e-01
5.069080000000000252e-01
4.392469999999999986e-01
4.318170000000000064e-01
4.416610000000000258e-01
4.423819999999999975e-01
4.394489999999999785e-01
4.331340000000000190e-01
4.820599999999999885e-01
6.044850000000000501e-01
4.549050000000000038e-01
4.499600000000000266e-01
4.486339999999999772e-01
4.514750000000000152e-01
