1.299999999999999920e-05
8.799999999999999771e-05
2.380000000000000117e-04
2.559999999999999884e-04
3.570000000000000040e-04
4.409999999999999858e-04
5.159999999999999656e-04
7.860000000000000233e-04
8.239999999999999712e-04
9.489999999999999738e-04
8.859999999999999603e-04
1.244000000000000097e-03
1.598999999999999944e-03
1.649000000000000075e-03
1.810999999999999893e-03
1.949999999999999910e-03
1.722000000000000006e-03
1.804999999999999964e-03
2.210000000000000159e-03
2.369000000000000012e-03
2.458000000000000115e-03
2.586000000000000191e-03
2.484999999999999796e-03
2.318999999999999881e-03
3.076000000000000175e-03
3.168999999999999942e-03
2.645000000000000216e-03
3.497999999999999807e-03
3.700999999999999863e-03
3.892000000000000060e-03
2.857999999999999863e-03
4.429999999999999910e-03
4.035999999999999657e-03
4.165000000000000299e-03
3.118999999999999811e-03
4.289000000000000278e-03
4.637999999999999762e-03
4.878000000000000391e-03
4.931999999999999752e-03
3.637000000000000042e-03
3.779999999999999940e-03
4.858000000000000339e-03
4.871999999999999595e-03
4.196000000000000077e-03
5.774999999999999752e-03
5.681000000000000286e-03
4.761999999999999740e-03
4.929000000000000221e-03
5.832000000000000378e-03
6.250000000000000347e-03
5.771000000000000088e-03
6.192999999999999720e-03
5.146000000000000400e-03
5.117000000000000021e-03
5.851000000000000298e-03
7.108999999999999868e-03
5.864000000000000289e-03
5.308000000000000218e-03
7.646000000000000019e-03
6.602000000000000229e-03
6.769999999999999976e-03
6.230000000000000294e-03
6.329000000000000424e-03
5.993000000000000063e-03
6.625999999999999945e-03
8.240000000000000796e-03
7.681999999999999593e-03
7.488999999999999997e-03
8.408000000000000543e-03
1.002499999999999919e-02
8.186999999999999833e-03
9.031000000000000832e-03
7.029999999999999791e-03
9.216999999999999499e-03
6.571999999999999717e-03
9.100999999999999715e-03
9.763000000000000844e-03
6.969000000000000368e-03
8.739000000000000240e-03
7.107999999999999735e-03
7.744000000000000015e-03
7.047000000000000312e-03
1.061600000000000044e-02
7.875999999999999321e-03
1.056799999999999927e-02
7.917000000000000426e-03
7.630999999999999762e-03
1.072999999999999995e-02
8.958000000000000684e-03
8.637999999999999845e-03
9.256000000000000338e-03
8.571000000000000493e-03
8.809000000000000857e-03
9.504000000000000295e-03
1.187700000000000040e-02
8.616000000000000394e-03
9.044999999999999221e-03
8.659000000000000030e-03
1.233500000000000048e-02
1.160199999999999947e-02
9.018999999999999240e-03
8.824999999999999512e-03
1.486200000000000021e-02
1.025399999999999923e-02
9.369999999999999857e-03
1.348099999999999993e-02
1.532099999999999955e-02
9.652000000000000857e-03
1.049899999999999965e-02
1.397699999999999984e-02
1.338300000000000080e-02
1.569399999999999962e-02
1.103499999999999967e-02
1.035799999999999915e-02
9.728999999999999801e-03
9.839999999999999789e-03
9.620000000000000079e-03
9.818999999999999603e-03
1.041800000000000018e-02
9.957999999999999838e-03
1.006699999999999956e-02
1.017500000000000002e-02
1.037599999999999981e-02
1.033099999999999991e-02
1.400000000000000029e-02
1.069699999999999991e-02
1.078199999999999992e-02
1.052499999999999963e-02
1.081799999999999949e-02
1.088100000000000005e-02
1.089799999999999970e-02
1.091699999999999962e-02
1.135899999999999931e-02
1.130600000000000008e-02
1.169300000000000027e-02
1.157900000000000075e-02
1.208399999999999926e-02
1.172899999999999984e-02
1.192200000000000031e-02
1.206100000000000054e-02
1.245100000000000026e-02
1.230499999999999997e-02
1.242300000000000001e-02
1.242000000000000048e-02
1.240499999999999936e-02
1.720999999999999960e-02
1.622900000000000037e-02
1.498299999999999979e-02
1.321100000000000052e-02
1.730299999999999894e-02
1.290299999999999954e-02
1.295800000000000077e-02
1.310700000000000059e-02
1.331199999999999918e-02
1.336200000000000061e-02
1.316799999999999915e-02
1.320099999999999919e-02
1.361599999999999963e-02
1.404500000000000019e-02
1.393499999999999947e-02
1.807100000000000026e-02
1.390699999999999922e-02
1.422299999999999953e-02
1.460200000000000040e-02
1.435299999999999944e-02
1.439799999999999934e-02
1.484399999999999956e-02
1.491899999999999997e-02
1.452499999999999972e-02
1.462800000000000038e-02
1.468900000000000067e-02
1.469699999999999999e-02
1.490999999999999964e-02
1.491199999999999991e-02
1.644699999999999981e-02
1.976899999999999838e-02
1.620900000000000118e-02
1.521999999999999915e-02
1.575800000000000117e-02
1.546499999999999958e-02
1.536900000000000072e-02
1.591000000000000053e-02
1.690099999999999936e-02
1.578500000000000042e-02
1.713399999999999992e-02
2.308599999999999888e-02
2.481600000000000125e-02
2.387900000000000092e-02
2.598999999999999921e-02
2.408499999999999877e-02
2.163800000000000098e-02
2.284200000000000119e-02
2.135300000000000045e-02
2.349199999999999899e-02
2.693600000000000161e-02
2.916399999999999895e-02
2.351400000000000018e-02
1.811600000000000016e-02
1.833399999999999960e-02
1.714399999999999952e-02
2.275800000000000045e-02
1.727700000000000069e-02
1.849599999999999855e-02
1.755200000000000163e-02
1.739100000000000021e-02
1.738699999999999968e-02
1.883400000000000005e-02
1.845600000000000018e-02
1.823400000000000021e-02
1.786799999999999847e-02
1.784900000000000028e-02
1.824299999999999880e-02
1.850600000000000162e-02
1.850900000000000115e-02
1.834399999999999920e-02
1.861099999999999907e-02
1.900900000000000159e-02
1.876799999999999996e-02
1.927800000000000000e-02
1.884200000000000111e-02
1.896499999999999922e-02
1.935999999999999874e-02
1.927099999999999994e-02
1.907800000000000121e-02
1.963700000000000168e-02
2.005499999999999991e-02
1.964000000000000121e-02
1.971099999999999935e-02
2.064399999999999916e-02
2.006900000000000003e-02
2.001299999999999954e-02
2.086400000000000060e-02
2.084099999999999842e-02
2.123500000000000040e-02
2.706400000000000125e-02
2.117000000000000132e-02
2.056499999999999995e-02
2.059599999999999972e-02
2.062299999999999897e-02
2.076400000000000121e-02
2.059700000000000072e-02
2.080399999999999958e-02
2.121500000000000122e-02
2.146100000000000091e-02
2.115600000000000119e-02
2.138599999999999876e-02
2.163599999999999898e-02
2.816799999999999859e-02
2.189599999999999880e-02
2.194499999999999923e-02
2.159000000000000155e-02
2.239199999999999871e-02
2.165699999999999917e-02
2.195300000000000029e-02
2.209600000000000106e-02
2.235600000000000087e-02
2.201200000000000032e-02
2.236600000000000046e-02
2.308500000000000135e-02
2.255800000000000166e-02
2.228799999999999878e-02
2.279000000000000123e-02
2.266100000000000059e-02
2.320099999999999940e-02
3.099299999999999972e-02
2.334999999999999923e-02
3.077099999999999974e-02
2.380399999999999877e-02
2.325899999999999843e-02
2.362300000000000164e-02
2.382300000000000043e-02
3.143100000000000060e-02
2.435899999999999871e-02
3.189299999999999774e-02
2.390400000000000164e-02
2.422500000000000001e-02
2.469000000000000014e-02
2.428200000000000150e-02
2.434100000000000152e-02
2.531200000000000117e-02
2.462400000000000005e-02
2.454299999999999884e-02
2.470699999999999980e-02
2.467499999999999902e-02
2.461299999999999946e-02
2.544499999999999887e-02
2.513400000000000009e-02
2.540500000000000050e-02
3.390399999999999664e-02
2.549500000000000030e-02
2.536700000000000066e-02
2.560899999999999982e-02
2.570599999999999968e-02
2.551600000000000049e-02
2.626399999999999915e-02
2.624900000000000150e-02
2.596100000000000144e-02
2.649699999999999972e-02
2.621400000000000119e-02
2.599299999999999874e-02
2.675800000000000053e-02
2.682500000000000162e-02
3.559600000000000264e-02
2.675500000000000100e-02
2.698599999999999957e-02
2.722099999999999867e-02
2.695099999999999926e-02
2.680499999999999897e-02
2.700500000000000123e-02
2.724199999999999885e-02
2.765700000000000103e-02
2.784299999999999969e-02
2.779900000000000079e-02
2.757099999999999829e-02
2.783899999999999916e-02
3.696499999999999786e-02
2.845800000000000066e-02
2.764000000000000137e-02
3.022299999999999986e-02
2.824399999999999827e-02
2.810800000000000104e-02
2.842700000000000088e-02
2.792199999999999890e-02
2.801299999999999971e-02
2.860299999999999995e-02
2.808099999999999832e-02
2.822300000000000156e-02
2.900399999999999853e-02
2.884099999999999858e-02
2.924699999999999869e-02
2.904800000000000090e-02
2.854699999999999946e-02
2.949500000000000038e-02
2.871999999999999900e-02
2.948800000000000032e-02
2.978400000000000145e-02
2.959200000000000025e-02
2.978700000000000098e-02
2.987000000000000072e-02
2.985099999999999906e-02
3.005199999999999885e-02
3.003799999999999873e-02
3.009900000000000075e-02
3.014899999999999872e-02
3.002600000000000061e-02
3.057999999999999954e-02
3.065100000000000116e-02
4.184000000000000219e-02
4.466400000000000231e-02
4.447700000000000264e-02
5.449299999999999977e-02
5.172700000000000214e-02
4.114199999999999802e-02
4.539900000000000185e-02
4.447500000000000064e-02
3.743699999999999806e-02
3.187399999999999956e-02
3.143499999999999767e-02
3.141599999999999948e-02
3.195599999999999830e-02
3.204100000000000004e-02
3.430099999999999816e-02
3.375500000000000028e-02
3.206500000000000322e-02
4.349100000000000188e-02
3.241299999999999737e-02
3.239299999999999818e-02
3.331200000000000133e-02
3.633100000000000218e-02
3.554500000000000021e-02
3.484999999999999903e-02
3.484399999999999997e-02
3.545100000000000334e-02
3.695099999999999774e-02
3.478300000000000142e-02
3.514300000000000063e-02
3.448299999999999976e-02
3.469900000000000068e-02
3.853700000000000181e-02
4.683199999999999863e-02
4.713200000000000028e-02
4.258699999999999986e-02
3.909499999999999781e-02
3.948499999999999927e-02
5.017400000000000332e-02
3.971100000000000324e-02
3.783099999999999657e-02
3.967600000000000293e-02
3.911499999999999699e-02
5.062099999999999933e-02
5.022599999999999981e-02
3.742800000000000293e-02
4.886800000000000171e-02
3.655900000000000122e-02
5.135399999999999687e-02
4.794899999999999857e-02
4.041499999999999954e-02
3.771399999999999753e-02
3.774399999999999977e-02
3.960799999999999738e-02
5.209500000000000242e-02
5.754999999999999699e-02
3.876500000000000085e-02
4.991299999999999903e-02
5.625900000000000345e-02
4.886800000000000171e-02
5.185200000000000226e-02
5.689299999999999913e-02
4.447299999999999864e-02
5.469299999999999856e-02
3.978399999999999992e-02
3.915600000000000330e-02
5.162900000000000128e-02
3.956500000000000294e-02
3.910199999999999787e-02
4.162699999999999734e-02
4.963200000000000250e-02
4.507400000000000295e-02
5.603600000000000247e-02
4.258200000000000179e-02
4.138100000000000112e-02
4.175000000000000239e-02
5.254700000000000343e-02
4.212599999999999678e-02
5.541499999999999898e-02
5.340199999999999808e-02
4.247599999999999987e-02
4.101500000000000284e-02
5.404199999999999976e-02
4.358100000000000168e-02
4.129300000000000331e-02
4.313999999999999779e-02
5.380900000000000266e-02
4.355799999999999950e-02
5.600100000000000217e-02
4.166199999999999765e-02
6.378000000000000336e-02
5.029000000000000137e-02
4.857700000000000212e-02
4.907899999999999763e-02
4.979900000000000299e-02
4.970900000000000318e-02
5.427799999999999986e-02
5.856000000000000094e-02
4.444599999999999940e-02
4.657599999999999935e-02
6.252900000000000125e-02
5.937900000000000122e-02
4.324000000000000066e-02
4.475699999999999817e-02
4.549700000000000272e-02
4.499500000000000027e-02
5.713300000000000323e-02
4.499000000000000221e-02
4.467200000000000337e-02
4.394800000000000095e-02
5.761199999999999655e-02
4.495699999999999696e-02
4.519100000000000200e-02
5.831900000000000278e-02
5.806100000000000150e-02
5.733599999999999808e-02
4.442700000000000121e-02
4.572299999999999975e-02
4.384099999999999803e-02
4.683899999999999869e-02
4.652900000000000091e-02
5.906999999999999751e-02
6.360399999999999388e-02
6.140999999999999931e-02
6.246899999999999675e-02
6.164800000000000141e-02
6.132900000000000157e-02
6.539100000000000468e-02
5.110300000000000259e-02
4.771600000000000147e-02
6.146499999999999880e-02
4.676299999999999901e-02
4.791000000000000120e-02
4.749699999999999755e-02
6.140700000000000325e-02
4.843100000000000183e-02
4.798499999999999988e-02
6.144800000000000262e-02
4.773800000000000265e-02
4.797900000000000081e-02
6.183299999999999907e-02
4.827700000000000047e-02
5.132799999999999863e-02
4.839700000000000252e-02
5.292399999999999882e-02
4.830099999999999671e-02
5.165499999999999953e-02
4.841600000000000070e-02
5.010099999999999970e-02
5.082699999999999718e-02
4.941500000000000059e-02
4.846899999999999820e-02
5.285399999999999820e-02
6.461600000000000676e-02
6.286899999999999433e-02
4.950800000000000339e-02
4.949499999999999733e-02
4.897200000000000164e-02
5.029000000000000137e-02
4.891999999999999821e-02
4.980600000000000305e-02
5.402900000000000064e-02
7.296500000000000208e-02
6.418899999999999606e-02
5.831299999999999678e-02
5.383500000000000091e-02
5.437299999999999772e-02
5.977400000000000074e-02
5.582800000000000262e-02
5.394700000000000190e-02
5.611100000000000115e-02
5.324500000000000066e-02
4.874599999999999766e-02
5.134400000000000075e-02
5.198599999999999749e-02
5.009700000000000264e-02
4.990900000000000197e-02
4.924100000000000005e-02
5.658500000000000335e-02
6.668899999999999828e-02
6.867600000000000093e-02
5.003300000000000108e-02
4.975600000000000162e-02
4.880299999999999916e-02
4.851099999999999857e-02
5.059600000000000208e-02
6.054500000000000159e-02
7.043399999999999661e-02
5.161999999999999922e-02
5.038499999999999923e-02
5.069900000000000101e-02
5.167800000000000171e-02
4.893299999999999733e-02
4.878199999999999897e-02
4.891500000000000015e-02
5.040599999999999942e-02
4.983300000000000229e-02
5.438899999999999985e-02
5.161500000000000116e-02
5.238099999999999701e-02
5.333399999999999946e-02
5.604200000000000154e-02
5.138700000000000212e-02
4.971899999999999931e-02
4.986899999999999666e-02
5.002800000000000302e-02
4.962500000000000244e-02
5.019499999999999656e-02
6.705300000000000149e-02
5.218400000000000122e-02
5.347299999999999970e-02
7.055899999999999672e-02
7.578100000000000114e-02
7.178199999999999859e-02
7.029199999999999338e-02
8.503199999999999648e-02
6.335899999999999865e-02
9.404899999999999372e-02
7.682700000000000640e-02
8.422100000000000419e-02
7.914599999999999413e-02
6.317200000000000593e-02
8.014799999999999702e-02
6.145099999999999868e-02
5.755299999999999999e-02
5.205699999999999911e-02
5.218199999999999922e-02
6.283999999999999309e-02
6.908599999999999464e-02
7.702199999999999325e-02
5.261600000000000305e-02
5.430600000000000011e-02
5.367000000000000243e-02
5.358099999999999669e-02
5.789300000000000002e-02
6.564300000000000690e-02
7.877299999999999580e-02
6.195099999999999912e-02
7.089700000000000168e-02
5.583400000000000168e-02
5.376999999999999835e-02
5.317800000000000304e-02
5.894200000000000134e-02
8.045599999999999974e-02
7.460200000000000164e-02
7.894600000000000228e-02
7.864699999999999469e-02
7.785000000000000253e-02
7.585000000000000075e-02
7.983400000000000218e-02
7.567400000000000515e-02
7.827299999999999536e-02
8.023700000000000276e-02
7.135400000000000076e-02
7.228999999999999315e-02
6.754300000000000581e-02
7.288699999999999346e-02
7.448100000000000553e-02
7.419199999999999406e-02
7.326599999999999779e-02
6.385399999999999410e-02
5.530399999999999899e-02
5.560999999999999971e-02
5.977500000000000174e-02
7.121399999999999952e-02
6.289899999999999658e-02
8.211999999999999855e-02
9.246600000000000652e-02
8.320299999999999918e-02
7.120700000000000640e-02
6.930999999999999661e-02
6.426400000000000168e-02
5.651599999999999679e-02
5.887200000000000072e-02
5.695299999999999668e-02
5.651500000000000273e-02
5.691899999999999737e-02
5.851800000000000057e-02
5.672900000000000165e-02
7.531200000000000394e-02
8.124099999999999377e-02
6.108500000000000041e-02
5.761899999999999661e-02
6.124899999999999789e-02
8.967600000000000571e-02
9.299200000000000521e-02
9.442300000000000693e-02
7.953799999999999759e-02
8.311999999999999944e-02
8.280200000000000060e-02
6.567299999999999527e-02
6.770600000000000229e-02
6.611599999999999422e-02
6.774299999999999766e-02
6.858699999999999519e-02
7.512800000000000034e-02
5.999100000000000266e-02
6.069700000000000095e-02
5.876900000000000179e-02
6.014200000000000101e-02
6.292799999999999783e-02
8.175399999999999334e-02
7.323399999999999355e-02
7.315499999999999781e-02
6.437299999999999967e-02
5.983100000000000224e-02
6.028800000000000131e-02
5.891799999999999815e-02
5.943299999999999972e-02
5.979000000000000287e-02
6.019000000000000045e-02
5.906299999999999745e-02
6.102300000000000085e-02
6.076399999999999857e-02
6.087399999999999756e-02
9.085000000000000020e-02
7.785899999999999765e-02
8.203599999999999781e-02
6.233899999999999858e-02
6.115999999999999909e-02
6.067800000000000277e-02
6.120899999999999952e-02
6.120400000000000146e-02
6.126800000000000301e-02
6.149700000000000305e-02
6.146900000000000280e-02
6.042600000000000054e-02
6.222300000000000053e-02
6.150200000000000111e-02
6.254899999999999349e-02
6.521000000000000407e-02
9.040299999999999725e-02
8.592400000000000038e-02
8.530300000000000382e-02
7.995700000000000029e-02
6.565600000000000602e-02
6.244500000000000051e-02
6.184300000000000214e-02
6.257799999999999474e-02
6.215999999999999998e-02
6.300100000000000144e-02
8.188600000000000045e-02
6.355199999999999738e-02
6.276400000000000035e-02
6.341900000000000315e-02
6.254300000000000137e-02
6.260400000000000686e-02
8.262300000000000200e-02
6.274399999999999422e-02
6.417100000000000581e-02
7.023999999999999688e-02
1.224110000000000059e-01
1.086659999999999987e-01
7.771699999999999442e-02
7.642500000000000682e-02
8.684999999999999665e-02
7.082299999999999707e-02
7.151799999999999824e-02
7.033599999999999575e-02
7.472299999999999776e-02
7.410999999999999532e-02
7.473200000000000676e-02
9.514200000000000434e-02
9.454700000000000604e-02
7.180699999999999583e-02
9.229099999999999804e-02
7.191200000000000370e-02
7.373999999999999999e-02
9.741400000000000059e-02
8.018400000000000527e-02
7.295799999999999508e-02
7.044100000000000361e-02
7.026499999999999413e-02
9.222400000000000042e-02
6.876799999999999580e-02
7.006800000000000528e-02
8.180300000000000071e-02
7.258699999999999875e-02
7.370999999999999774e-02
7.428800000000000681e-02
9.449499999999999567e-02
7.402499999999999358e-02
7.621999999999999609e-02
7.416300000000000670e-02
7.577799999999999814e-02
7.482800000000000562e-02
9.440600000000000380e-02
7.562199999999999478e-02
7.760999999999999843e-02
7.720899999999999985e-02
7.115399999999999503e-02
7.272499999999999798e-02
6.982299999999999618e-02
7.033000000000000362e-02
7.079100000000000670e-02
9.249699999999999589e-02
6.981700000000000406e-02
7.057499999999999885e-02
7.450900000000000578e-02
7.076000000000000345e-02
7.108499999999999541e-02
7.217300000000000104e-02
6.965799999999999770e-02
6.894599999999999340e-02
7.401699999999999946e-02
7.201399999999999468e-02
9.530600000000000183e-02
9.595599999999999963e-02
7.055300000000000460e-02
9.979200000000000570e-02
8.222799999999999554e-02
9.968699999999999783e-02
9.680400000000000116e-02
7.333000000000000629e-02
7.237300000000000677e-02
1.016029999999999989e-01
7.437199999999999367e-02
7.201299999999999368e-02
7.090599999999999681e-02
7.258100000000000662e-02
7.053199999999999747e-02
7.097799999999999943e-02
7.137100000000000388e-02
7.033499999999999475e-02
7.183599999999999708e-02
7.216899999999999704e-02
9.600200000000000400e-02
7.208199999999999330e-02
7.168900000000000272e-02
7.178800000000000459e-02
9.325500000000000456e-02
7.260600000000000387e-02
7.481500000000000650e-02
7.290499999999999758e-02
7.257700000000000262e-02
7.233199999999999352e-02
7.191200000000000370e-02
7.284300000000000497e-02
9.492799999999999849e-02
7.282199999999999784e-02
7.282399999999999984e-02
7.304800000000000182e-02
7.288699999999999346e-02
7.361099999999999588e-02
7.332900000000000529e-02
7.251199999999999313e-02
7.251799999999999913e-02
7.263300000000000312e-02
7.359799999999999676e-02
7.319599999999999718e-02
7.341799999999999715e-02
7.376800000000000024e-02
7.309499999999999331e-02
7.425800000000000456e-02
7.326199999999999379e-02
7.795699999999999852e-02
7.578699999999999326e-02
7.505299999999999472e-02
7.491799999999999848e-02
7.533299999999999719e-02
7.507300000000000084e-02
7.466599999999999626e-02
7.421600000000000419e-02
7.381699999999999373e-02
7.496300000000000185e-02
7.482999999999999374e-02
7.539500000000000368e-02
7.492899999999999561e-02
7.463300000000000489e-02
7.498000000000000498e-02
7.488100000000000311e-02
7.643600000000000394e-02
7.572199999999999764e-02
7.643300000000000094e-02
7.514800000000000646e-02
7.531799999999999606e-02
7.562699999999999978e-02
7.551099999999999479e-02
7.531000000000000194e-02
7.518500000000000183e-02
7.623599999999999821e-02
7.695100000000000551e-02
7.678799999999999515e-02
9.979100000000000470e-02
7.584399999999999475e-02
7.661300000000000054e-02
7.589500000000000413e-02
7.588200000000000500e-02
7.656499999999999417e-02
7.585100000000000176e-02
7.619299999999999684e-02
7.613499999999999435e-02
7.705099999999999449e-02
7.718700000000000561e-02
7.685599999999999377e-02
8.381800000000000361e-02
1.058159999999999934e-01
7.846799999999999609e-02
7.885599999999999554e-02
7.861700000000000632e-02
7.878599999999999492e-02
7.943600000000000660e-02
7.894099999999999728e-02
7.795599999999999752e-02
1.041020000000000001e-01
1.040449999999999986e-01
7.926900000000000612e-02
7.917799999999999838e-02
8.020900000000000252e-02
7.925200000000000300e-02
7.930099999999999649e-02
7.986200000000000243e-02
7.958899999999999308e-02
8.142199999999999438e-02
8.223099999999999854e-02
8.192599999999999882e-02
7.950000000000000122e-02
7.877000000000000668e-02
7.948399999999999910e-02
7.976099999999999857e-02
7.934700000000000086e-02
7.930700000000000249e-02
7.937600000000000211e-02
8.040899999999999437e-02
8.142800000000000038e-02
8.117399999999999616e-02
8.287799999999999334e-02
8.151300000000000212e-02
8.051099999999999923e-02
8.086999999999999744e-02
8.019300000000000039e-02
8.499700000000000311e-02
8.692199999999999926e-02
8.623200000000000309e-02
8.324399999999999855e-02
8.202900000000000469e-02
8.230500000000000316e-02
8.345099999999999740e-02
8.229999999999999816e-02
8.326600000000000668e-02
8.267399999999999749e-02
8.288600000000000134e-02
8.322899999999999743e-02
8.889800000000000479e-02
9.020699999999999552e-02
8.362799999999999401e-02
8.699600000000000388e-02
9.584199999999999664e-02
9.987699999999999356e-02
9.236900000000000666e-02
9.435899999999999843e-02
8.978999999999999482e-02
8.695799999999999363e-02
8.848599999999999521e-02
8.899400000000000366e-02
1.162170000000000009e-01
9.033399999999999763e-02
8.880599999999999605e-02
8.699500000000000288e-02
9.098799999999999943e-02
9.021300000000000152e-02
9.032900000000000651e-02
8.870400000000000507e-02
9.049400000000000499e-02
1.157780000000000059e-01
1.160400000000000043e-01
8.884200000000000430e-02
8.837499999999999523e-02
8.755699999999999594e-02
1.139460000000000056e-01
8.836399999999999810e-02
8.999400000000000455e-02
8.928999999999999437e-02
8.880599999999999605e-02
1.175849999999999951e-01
8.878600000000000381e-02
8.908900000000000152e-02
8.837200000000000610e-02
8.869699999999999807e-02
1.144420000000000021e-01
9.297700000000000409e-02
9.110999999999999654e-02
8.759100000000000219e-02
9.047800000000000287e-02
8.837499999999999523e-02
9.006300000000000416e-02
8.863400000000000445e-02
8.914800000000000502e-02
9.059200000000000585e-02
9.047800000000000287e-02
9.078300000000000258e-02
9.106599999999999417e-02
9.236600000000000366e-02
8.912399999999999489e-02
9.300300000000000233e-02
9.054399999999999948e-02
9.222299999999999942e-02
8.993700000000000305e-02
8.829800000000000149e-02
8.759799999999999531e-02
9.544999999999999318e-02
9.258299999999999863e-02
9.171100000000000085e-02
9.191100000000000658e-02
1.168140000000000012e-01
9.197700000000000320e-02
9.029800000000000326e-02
9.302699999999999858e-02
1.020739999999999981e-01
1.011670000000000069e-01
1.191099999999999937e-01
9.028400000000000314e-02
9.056000000000000161e-02
9.033099999999999463e-02
8.992700000000000693e-02
9.018800000000000427e-02
9.093400000000000094e-02
9.206300000000000594e-02
8.951900000000000135e-02
8.997099999999999542e-02
9.001800000000000079e-02
9.064899999999999347e-02
9.054399999999999948e-02
9.074200000000000321e-02
9.160100000000000187e-02
9.180900000000000172e-02
9.039800000000000613e-02
9.340299999999999991e-02
8.978099999999999969e-02
9.161099999999999799e-02
9.581800000000000039e-02
9.148499999999999688e-02
9.313399999999999457e-02
9.347999999999999365e-02
9.160200000000000287e-02
9.265299999999999925e-02
9.105499999999999705e-02
9.140700000000000214e-02
9.175600000000000422e-02
9.156100000000000350e-02
9.128000000000000003e-02
9.326700000000000268e-02
9.457699999999999441e-02
9.213300000000000656e-02
9.475400000000000489e-02
9.176099999999999535e-02
9.329300000000000093e-02
1.213800000000000018e-01
9.427299999999999569e-02
9.420000000000000595e-02
9.292799999999999672e-02
9.326099999999999668e-02
9.503499999999999448e-02
9.332200000000000217e-02
