0       
0       
0       
0       
0       
0       
0       
0       
0       
0       
0       
0       
0       
0       
8       
8       
8       
8       
8       
16      
8       
16      
16      
16      
16      
16      
24      
24      
24      
24      
24      
32      
32      
32      
32      
32      
40      
40      
40      
40      
40      
40      
40      
40      
48      
48      
48      
48      
48      
56      
48      
56      
56      
56      
56      
56      
64      
64      
64      
64      
64      
64      
64      
72      
72      
72      
72      
72      
72      
72      
72      
80      
80      
80      
80      
80      
80      
80      
80      
88      
88      
88      
88      
88      
88      
88      
88      
88      
88      
96      
96      
96      
96      
96      
96      
96      
96      
96      
96      
104     
96      
104     
104     
104     
104     
104     
104     
104     
104     
104     
104     
104     
104     
104     
104     
104     
112     
104     
104     
112     
104     
112     
112     
112     
112     
104     
112     
112     
112     
112     
104     
112     
112     
112     
112     
112     
112     
112     
112     
112     
104     
112     
112     
112     
112     
104     
112     
104     
104     
112     
104     
104     
104     
104     
104     
104     
104     
104     
104     
104     
104     
104     
104     
104     
104     
96      
104     
96      
96      
96      
96      
96      
96      
96      
96      
96      
96      
96      
88      
96      
88      
88      
88      
88      
88      
88      
88      
80      
80      
80      
80      
80      
80      
80      
80      
72      
80      
72      
72      
72      
72      
72      
72      
64      
64      
64      
64      
64      
64      
64      
56      
56      
56      
56      
56      
56      
56      
48      
48      
48      
48      
48      
48      
40      
40      
40      
40      
40      
40      
40      
32      
32      
32      
32      
32      
24      
24      
24      
24      
24      
16      
24      
16      
16      
16      
16      
16      
8       
8       
8       
8       
8       
0       
0       
0       
0       
0       
0       
-8      
-8      
-8      
-8      
-8      
-8      
-8      
-16     
-16     
-16     
-16     
-16     
-24     
-24     
-24     
-24     
-24     
-32     
-24     
-32     
-32     
-32     
-40     
-32     
-40     
-40     
-40     
-40     
-40     
-48     
-48     
-48     
-48     
-48     
-48     
-56     
-56     
-56     
-56     
-56     
-56     
-56     
-64     
-64     
-64     
-64     
-64     
-72     
-64     
-72     
-72     
-72     
-72     
-72     
-72     
-80     
-80     
-80     
-80     
-80     
-80     
-80     
-88     
-80     
-88     
-88     
-88     
-88     
-88     
-88     
-88     
-88     
-96     
-96     
-96     
-96     
-96     
-96     
-96     
-96     
-104    
-96     
-104    
-104    
-104    
-104    
-104    
-104    
-104    
-104    
-104    
-104    
-112    
-104    
-112    
-112    
-112    
-112    
-112    
-112    
-112    
-112    
-112    
-112    
-112    
-112    
-112    
-120    
-112    
-112    
-112    
-112    
-120    
-112    
-120    
-120    
-112    
-120    
-120    
-120    
-120    
-120    
-120    
-120    
-120    
-120    
-120    
-120    
-120    
-120    
-120    
-112    
-120    
-120    
-120    
-120    
-112    
-120    
-112    
-112    
-112    
-112    
-120    
-112    
-112    
-112    
-112    
-112    
-112    
-112    
-112    
-112    
-112    
-112    
-112    
-112    
-104    
-112    
-104    
-104    
-104    
-104    
-104    
-104    
-104    
-104    
-104    
-104    
-104    
-104    
-104    
-96     
-96     
-96     
-96     
-96     
-96     
-96     
-96     
-96     
-88     
-88     
-88     
-88     
-88     
-88     
-88     
-88     
-80     
-80     
-80     
-80     
-80     
-80     
-80     
-80     
-72     
-72     
-72     
-72     
-72     
-72     
-72     
-64     
-64     
-64     
-64     
-64     
-56     
-56     
-56     
-56     
-56     
-56     
-56     
-56     
-48     
-48     
-48     
-48     
-48     
-40     
-48     
-40     
-40     
-40     
-40     
-40     
-32     
-32     
-32     
-32     
-32     
-24     
-24     
-24     
-24     
-24     
-16     
-16     
-16     
-16     
-16     
-16     
-16     
-8      
-8      
-8      
-8      
-8      
-8      
0       
0       
0       
0       
0       
8       
8       
8       
8       
8       
16      
8       
16      
16      
16      
16      
16      
24      
24      
24      
24      
24      
32      
32      
32      
32      
32      
40      
40      
40      
40      
40      
40      
40      
40      
48      
48      
48      
48      
48      
56      
48      
56      
56      
56      
56      
56      
64      
64      
64      
64      
64      
64      
64      
72      
72      
72      
72      
72      
72      
72      
72      
80      
80      
80      
80      
80      
80      
80      
80      
88      
88      
88      
88      
88      
88      
88      
88      
88      
88      
96      
96      
96      
96      
96      
96      
96      
96      
96      
96      
104     
96      
104     
104     
104     
104     
104     
104     
104     
104     
104     
104     
104     
104     
104     
104     
104     
112     
104     
104     
112     
104     
112     
112     
112     
112     
104     
112     
112     
112     
112     
104     
112     
112     
112     
112     
112     
112     
112     
112     
112     
104     
112     
112     
112     
112     
104     
112     
104     
104     
112     
104     
104     
104     
104     
104     
104     
104     
104     
104     
104     
104     
104     
104     
104     
104     
96      
104     
96      
96      
96      
96      
96      
96      
96      
96      
96      
96      
96      
88      
96      
88      
88      
88      
88      
88      
88      
88      
80      
80      
80      
80      
80      
80      
80      
80      
72      
80      
72      
72      
72      
72      
72      
72      
64      
64      
64      
64      
64      
64      
64      
56      
56      
56      
56      
56      
56      
56      
48      
48      
48      
48      
48      
48      
40      
40      
40      
40      
40      
40      
40      
32      
32      
32      
32      
32      
24      
24      
24      
24      
24      
16      
24      
16      
16      
16      
16      
16      
8       
8       
8       
8       
8       
0       
0       
0       
0       
0       
0       
-8      
-8      
-8      
-8      
-8      
-8      
-8      
-16     
-16     
-16     
-16     
-16     
-24     
-24     
-24     
-24     
-24     
-32     
-24     
-32     
-32     
-32     
-40     
-32     
-40     
-40     
-40     
-40     
-40     
-48     
-48     
-48     
-48     
-48     
-48     
-56     
-56     
-56     
-56     
-56     
-56     
-56     
-64     
-64     
-64     
-64     
-64     
-72     
-64     
-72     
-72     
-72     
-72     
-72     
-72     
-80     
-80     
-80     
-80     
-80     
-80     
-80     
-88     
-80     
-88     
-88     
-88     
-88     
-88     
-88     
-88     
-88     
-96     
-96     
-96     
-96     
-96     
-96     
-96     
-96     
-104    
-96     
-104    
-104    
-104    
-104    
-104    
-104    
-104    
-104    
-104    
-104    
-112    
-104    
-112    
-112    
-112    
-112    
-112    
-112    
-112    
-112    
-112    
-112    
-112    
-112    
-112    
-120    
-112    
-112    
-112    
-112    
-120    
-112    
-120    
-120    
-112    
-120    
-120    
-120    
-120    
-120    
-120    
-120    
-120    
-120    
-120    
-120    
-120    
-120    
-120    
-112    
-120    
-120    
-120    
-120    
-112    
-120    
-112    
-112    
-112    
-112    
-120    
-112    
-112    
-112    
-112    
-112    
-112    
-112    
-112    
-112    
-112    
-112    
-112    
-112    
-104    
-112    
-104    
-104    
-104    
-104    
-104    
-104    
-104    
-104    
-104    
-104    
-104    
-104    
-104    
-96     
-96     
-96     
-96     
-96     
-96     
-96     
-96     
-96     
-88     
-88     
-88     
-88     
-88     
-88     
-88     
-88     
-80     
-80     
-80     
-80     
-80     
-80     
-80     
-80     
-72     
-72     
-72     
-72     
-72     
-72     
-72     
-64     
-64     
-64     
-64     
-64     
-56     
-56     
-56     
-56     
-56     
-56     
-56     
-56     
-48     
-48     
-48     
-48     
-48     
-40     
-48     
-40     
-40     
-40     
-40     
-40     
-32     
-32     
-32     
-32     
-32     
-24     
-24     
-24     
-24     
-24     
-16     
-16     
-16     
-16     
