0       
0       
0       
0       
0       
0       
0       
0       
1       
2       
1       
5       
5       
6       
9       
9       
12      
12      
13      
16      
15      
19      
19      
20      
23      
22      
26      
26      
27      
30      
29      
33      
33      
34      
37      
36      
40      
40      
41      
44      
43      
46      
46      
47      
50      
49      
52      
52      
54      
56      
55      
59      
59      
60      
62      
62      
65      
65      
66      
68      
67      
70      
70      
72      
74      
73      
76      
75      
77      
79      
78      
81      
81      
82      
84      
83      
86      
85      
86      
89      
88      
91      
90      
91      
93      
92      
95      
94      
95      
97      
96      
99      
98      
99      
101     
99      
102     
101     
102     
104     
102     
105     
104     
105     
107     
105     
108     
107     
107     
109     
107     
110     
109     
109     
111     
109     
112     
110     
110     
112     
110     
113     
112     
112     
114     
111     
114     
112     
112     
114     
111     
114     
113     
113     
114     
112     
114     
113     
112     
114     
111     
114     
112     
112     
113     
110     
113     
111     
110     
112     
109     
111     
109     
109     
110     
107     
110     
108     
107     
108     
105     
107     
105     
104     
106     
103     
104     
102     
102     
103     
100     
101     
99      
98      
99      
96      
98      
96      
95      
96      
92      
94      
92      
91      
91      
88      
90      
87      
86      
87      
84      
85      
83      
82      
82      
79      
80      
78      
77      
77      
74      
75      
72      
71      
71      
68      
69      
66      
66      
66      
62      
63      
61      
60      
60      
56      
57      
54      
53      
53      
50      
51      
48      
47      
47      
44      
44      
42      
40      
40      
37      
38      
35      
34      
34      
30      
31      
28      
27      
27      
23      
24      
21      
20      
20      
16      
17      
15      
13      
13      
9       
10      
7       
6       
6       
2       
3       
0       
-1      
-1      
-5      
-4      
-7      
-8      
-8      
-11     
-11     
-13     
-15     
-15     
-19     
-17     
-20     
-22     
-22     
-26     
-24     
-27     
-29     
-29     
-33     
-31     
-34     
-36     
-36     
-40     
-38     
-41     
-42     
-42     
-46     
-45     
-48     
-49     
-49     
-52     
-51     
-54     
-55     
-55     
-59     
-58     
-61     
-62     
-61     
-65     
-64     
-67     
-67     
-67     
-71     
-70     
-72     
-73     
-73     
-76     
-75     
-77     
-79     
-78     
-81     
-80     
-82     
-84     
-83     
-86     
-85     
-87     
-88     
-88     
-91     
-90     
-92     
-93     
-92     
-95     
-94     
-96     
-97     
-96     
-99     
-98     
-100    
-100    
-100    
-103    
-101    
-103    
-104    
-103    
-106    
-104    
-106    
-106    
-105    
-108    
-106    
-108    
-109    
-108    
-111    
-109    
-110    
-111    
-110    
-113    
-111    
-112    
-112    
-111    
-114    
-112    
-113    
-114    
-112    
-115    
-113    
-114    
-114    
-113    
-115    
-113    
-115    
-115    
-113    
-115    
-113    
-114    
-114    
-112    
-115    
-113    
-114    
-114    
-112    
-114    
-111    
-112    
-112    
-110    
-113    
-110    
-111    
-111    
-109    
-111    
-108    
-109    
-109    
-107    
-109    
-106    
-107    
-106    
-104    
-106    
-103    
-104    
-104    
-102    
-103    
-100    
-101    
-100    
-98     
-100    
-97     
-97     
-97     
-95     
-96     
-93     
-93     
-93     
-91     
-92     
-89     
-89     
-88     
-86     
-87     
-84     
-84     
-83     
-81     
-82     
-79     
-79     
-78     
-76     
-77     
-74     
-74     
-73     
-70     
-71     
-68     
-68     
-67     
-65     
-66     
-63     
-63     
-61     
-59     
-60     
-56     
-56     
-55     
-53     
-54     
-50     
-50     
-49     
-46     
-47     
-44     
-44     
-42     
-40     
-41     
-37     
-37     
-36     
-33     
-34     
-30     
-30     
-29     
-26     
-27     
-23     
-23     
-22     
-19     
-20     
-16     
-16     
-15     
-12     
-13     
-10     
-9      
-8      
-5      
-6      
-2      
-2      
-1      
2       
1       
5       
5       
6       
9       
9       
12      
12      
13      
16      
15      
19      
19      
20      
23      
22      
26      
26      
27      
30      
29      
33      
33      
34      
37      
36      
40      
40      
41      
44      
43      
46      
46      
47      
50      
49      
52      
52      
54      
56      
55      
59      
59      
60      
62      
62      
65      
65      
66      
68      
67      
70      
70      
72      
74      
73      
76      
75      
77      
79      
78      
81      
81      
82      
84      
83      
86      
85      
86      
89      
88      
91      
90      
91      
93      
92      
95      
94      
95      
97      
96      
99      
98      
99      
101     
99      
102     
101     
102     
104     
102     
105     
104     
105     
107     
105     
108     
107     
107     
109     
107     
110     
109     
109     
111     
109     
112     
110     
110     
112     
110     
113     
112     
112     
114     
111     
114     
112     
112     
114     
111     
114     
113     
113     
114     
112     
114     
113     
112     
114     
111     
114     
112     
112     
113     
110     
113     
111     
110     
112     
109     
111     
109     
109     
110     
107     
110     
108     
107     
108     
105     
107     
105     
104     
106     
103     
104     
102     
102     
103     
100     
101     
99      
98      
99      
96      
98      
96      
95      
96      
92      
94      
92      
91      
91      
88      
90      
87      
86      
87      
84      
85      
83      
82      
82      
79      
80      
78      
77      
77      
74      
75      
72      
71      
71      
68      
69      
66      
66      
66      
62      
63      
61      
60      
60      
56      
57      
54      
53      
53      
50      
51      
48      
47      
47      
44      
44      
42      
40      
40      
37      
38      
35      
34      
34      
30      
31      
28      
27      
27      
23      
24      
21      
20      
20      
16      
17      
15      
13      
13      
9       
10      
7       
6       
6       
2       
3       
0       
-1      
-1      
-5      
-4      
-7      
-8      
-8      
-11     
-11     
-13     
-15     
-15     
-19     
-17     
-20     
-22     
-22     
-26     
-24     
-27     
-29     
-29     
-33     
-31     
-34     
-36     
-36     
-40     
-38     
-41     
-42     
-42     
-46     
-45     
-48     
-49     
-49     
-52     
-51     
-54     
-55     
-55     
-59     
-58     
-61     
-62     
-61     
-65     
-64     
-67     
-67     
-67     
-71     
-70     
-72     
-73     
-73     
-76     
-75     
-77     
-79     
-78     
-81     
-80     
-82     
-84     
-83     
-86     
-85     
-87     
-88     
-88     
-91     
-90     
-92     
-93     
-92     
-95     
-94     
-96     
-97     
-96     
-99     
-98     
-100    
-100    
-100    
-103    
-101    
-103    
-104    
-103    
-106    
-104    
-106    
-106    
-105    
-108    
-106    
-108    
-109    
-108    
-111    
-109    
-110    
-111    
-110    
-113    
-111    
-112    
-112    
-111    
-114    
-112    
-113    
-114    
-112    
-115    
-113    
-114    
-114    
-113    
-115    
-113    
-115    
-115    
-113    
-115    
-113    
-114    
-114    
-112    
-115    
-113    
-114    
-114    
-112    
-114    
-111    
-112    
-112    
-110    
-113    
-110    
-111    
-111    
-109    
-111    
-108    
-109    
-109    
-107    
-109    
-106    
-107    
-106    
-104    
-106    
-103    
-104    
-104    
-102    
-103    
-100    
-101    
-100    
-98     
-100    
-97     
-97     
-97     
-95     
-96     
-93     
-93     
-93     
-91     
-92     
-89     
-89     
-88     
-86     
-87     
-84     
-84     
-83     
-81     
-82     
-79     
-79     
-78     
-76     
-77     
-74     
-74     
-73     
-70     
-71     
-68     
-68     
-67     
-65     
-66     
-63     
-63     
-61     
-59     
-60     
-56     
-56     
-55     
-53     
-54     
-50     
-50     
-49     
-46     
-47     
-44     
-44     
-42     
-40     
-41     
-37     
-37     
-36     
-33     
-34     
-30     
-30     
-29     
-26     
-27     
-23     
-23     
-22     
-19     
-20     
-16     
-16     
-15     
-12     
