0
0
0
0
0
4
4
8
8
8
12
8
16
12
16
20
16
20
20
24
24
24
28
28
28
32
28
36
32
36
40
36
44
40
44
44
44
48
48
48
52
48
56
52
56
60
56
60
60
60
64
60
68
64
68
68
68
72
72
72
76
72
80
76
76
80
80
84
80
84
84
84
88
84
88
92
88
92
88
92
96
92
96
92
96
96
96
100
96
100
100
100
104
100
104
104
100
108
104
104
108
104
108
104
108
108
104
112
108
108
112
108
112
108
112
112
108
112
108
112
112
108
112
108
112
112
108
112
112
112
112
108
112
108
112
112
108
112
108
112
112
108
112
108
108
108
104
108
104
108
108
104
108
104
104
104
100
104
100
104
104
100
104
100
100
100
96
100
96
96
96
92
96
92
92
92
88
92
88
88
88
84
88
84
84
84
80
84
76
76
80
76
76
72
72
72
68
72
68
68
68
64
68
60
60
60
56
60
56
56
56
52
52
48
48
48
44
48
44
44
44
36
40
36
36
36
32
36
28
28
28
24
28
24
24
24
16
20
16
16
16
12
12
8
8
8
4
8
0
0
0
-4
0
-4
-4
-4
-12
-8
-12
-12
-12
-16
-16
-20
-20
-20
-24
-20
-28
-28
-28
-32
-28
-32
-32
-32
-40
-36
-40
-40
-40
-44
-40
-48
-48
-48
-52
-48
-52
-52
-52
-56
-56
-60
-60
-60
-64
-60
-64
-64
-64
-72
-68
-72
-72
-72
-76
-72
-76
-76
-76
-80
-80
-84
-80
-80
-88
-84
-88
-88
-88
-92
-88
-92
-92
-92
-96
-92
-96
-96
-96
-100
-96
-100
-100
-100
-104
-100
-104
-104
-104
-108
-104
-108
-108
-104
-108
-104
-108
-108
-108
-112
-108
-112
-112
-108
-112
-108
-112
-112
-112
-116
-112
-116
-116
-112
-116
-112
-116
-116
-112
-116
-112
-116
-116
-116
-116
-112
-116
-116
-112
-116
-112
-116
-116
-112
-116
-112
-116
-116
-112
-116
-112
-116
-112
-112
-116
-108
-112
-112
-108
-112
-108
-112
-108
-108
-112
-104
-108
-108
-104
-108
-104
-104
-104
-100
-104
-100
-100
-100
-96
-100
-96
-100
-96
-92
-96
-92
-96
-92
-88
-92
-88
-88
-88
-84
-88
-84
-84
-80
-80
-84
-76
-80
-76
-76
-76
-72
-72
-72
-68
-72
-64
-68
-64
-64
-64
-60
-64
-60
-56
-60
-52
-56
-52
-52
-52
-48
-48
-48
-44
-48
-40
-44
-40
-36
-40
-32
-36
-32
-32
-32
-28
-28
-28
-24
-24
-20
-24
-20
-16
-20
-12
-16
-12
-12
-12
-8
-8
-4
-4
-4
0
0
0
4
4
8
8
8
12
8
16
12
16
20
16
20
20
24
24
24
28
28
28
32
28
36
32
36
40
36
44
40
44
44
44
48
48
48
52
48
56
52
56
60
56
60
60
60
64
60
68
64
68
68
68
72
72
72
76
72
80
76
76
80
80
84
80
84
84
84
88
84
88
92
88
92
88
92
96
92
96
92
96
96
96
100
96
100
100
100
104
100
104
104
100
108
104
104
108
104
108
104
108
108
104
112
108
108
112
108
112
108
112
112
108
112
108
112
112
108
112
108
112
112
108
112
112
112
112
108
112
108
112
112
108
112
108
112
112
108
112
108
108
108
104
108
104
108
108
104
108
104
104
104
100
104
100
104
104
100
104
100
100
100
96
100
96
96
96
92
96
92
92
92
88
92
88
88
88
84
88
84
84
84
80
84
76
76
80
76
76
72
72
72
68
72
68
68
68
64
68
60
60
60
56
60
56
56
56
52
52
48
48
48
44
48
44
44
44
36
40
36
36
36
32
36
28
28
28
24
28
24
24
24
16
20
16
16
16
12
12
8
8
8
4
8
0
0
0
-4
0
-4
-4
-4
-12
-8
-12
-12
-12
-16
-16
-20
-20
-20
-24
-20
-28
-28
-28
-32
-28
-32
-32
-32
-40
-36
-40
-40
-40
-44
-40
-48
-48
-48
-52
-48
-52
-52
-52
-56
-56
-60
-60
-60
-64
-60
-64
-64
-64
-72
-68
-72
-72
-72
-76
-72
-76
-76
-76
-80
-80
-84
-80
-80
-88
-84
-88
-88
-88
-92
-88
-92
-92
-92
-96
-92
-96
-96
-96
-100
-96
-100
-100
-100
-104
-100
-104
-104
-104
-108
-104
-108
-108
-104
-108
-104
-108
-108
-108
-112
-108
-112
-112
-108
-112
-108
-112
-112
-112
-116
-112
-116
-116
-112
-116
-112
-116
-116
-112
-116
-112
-116
-116
-116
-116
-112
-116
-116
-112
-116
-112
-116
-116
-112
-116
-112
-116
-116
-112
-116
-112
-116
-112
-112
-116
-108
-112
-112
-108
-112
-108
-112
-108
-108
-112
-104
-108
-108
-104
-108
-104
-104
-104
-100
-104
-100
-100
-100
-96
-100
-96
-100
-96
-92
-96
-92
-96
-92
-88
-92
-88
-88
-88
-84
-88
-84
-84
-80
-80
-84
-76
-80
-76
-76
-76
-72
-72
-72
-68
-72
-64
-68
-64
-64
-64
-60
-64
-60
-56
-60
-52
-56
-52
-52
-52
-48
-48
-48
-44
-48
-40
-44
-40
-36
-40
-32
-36
-32
-32
-32
-28
-28
-28
-24
-24
-20
-24
-20
-16
-20
-12
-16
-12
-12
-12
-8
-8
-4
