1.999999999999974243e+00
1.971351437122250694e+00
1.942757716371594334e+00
1.914221809468894975e+00
1.885746895331345208e+00
1.857336321278100222e+00
1.828993735806887067e+00
1.800723053101672022e+00
1.772528420499231316e+00
1.744414356911647701e+00
1.716385724869880391e+00
1.688447706459123232e+00
1.660605949603986886e+00
1.632866550334314049e+00
1.605236040200972880e+00
1.577721543444146945e+00
1.550330754976098291e+00
1.523072033922930224e+00
1.495954394418119726e+00
1.468987683695079483e+00
1.442182604166378113e+00
1.415550745144535938e+00
1.389104782649856595e+00
1.362858527777506268e+00
1.336826987062561756e+00
1.311026589305837931e+00
1.285475265715247062e+00
1.260192543718735791e+00
1.235199803426191068e+00
1.210520390876206775e+00
1.186179743781805129e+00
1.162205670798417856e+00
1.138628470774190049e+00
1.115481148867440098e+00
1.092799533118702371e+00
1.070622529283150826e+00
1.048992210080859522e+00
1.027953870981525242e+00
1.007556157444776446e+00
9.878509850601595588e-01
9.688933688268246414e-01
9.507412453138321951e-01
9.334550271395070098e-01
9.170969968899775893e-01
9.017306144216377106e-01
8.874195225235048667e-01
8.742263747520855333e-01
8.622115796741187665e-01
8.514318273834540207e-01
8.419386136992752512e-01
8.337767510508662383e-01
8.269830633760335559e-01
8.215852387834328141e-01
8.176010033010836509e-01
8.150376913992118943e-01
8.138921808275139114e-01
8.141512412380613739e-01
8.157922435286693030e-01
8.187841494971674905e-01
8.230887245602289681e-01
8.286618442790185668e-01
8.354548446593383915e-01
8.434158437445322676e-01
8.524909188325811016e-01
8.626251906186173102e-01
8.737637209276876149e-01
8.858522898651752797e-01
8.988379414707790005e-01
9.126694495215819103e-01
9.272976677095865483e-01
9.426756872768375928e-01
9.587589867837440494e-01
9.755055203024571853e-01
9.928756525367212760e-01
1.010832146901829987e+00
1.029340131104694578e+00
1.048366932851806155e+00
1.067882020862091608e+00
1.087856865675636442e+00
1.108264875409277650e+00
1.129081198419715548e+00
1.150282646094957784e+00
1.171847624236363572e+00
1.193755941426090317e+00
1.215988748444573275e+00
1.238528487643320020e+00
1.261358714534619452e+00
1.284464057229671496e+00
1.307830185174539750e+00
1.331443644671702842e+00
1.355291836954773288e+00
1.379363004254303249e+00
1.403646077466351727e+00
1.428130686283466844e+00
1.452807078119381146e+00
1.477666138601609447e+00
1.502699251745159614e+00
1.527898310167307372e+00
1.553255730357101072e+00
1.578764319718587217e+00
1.604417296125456360e+00
1.630208311593358772e+00
1.656131324469731325e+00
1.682180626333272144e+00
1.708350872260416153e+00
1.734636956822244613e+00
1.761034046763695571e+00
1.787537616453283462e+00
1.814143326667487344e+00
1.840847079581022783e+00
1.867644969582915593e+00
1.894533341534778259e+00
1.921508672111972515e+00
1.948567611716857328e+00
1.975707028203977700e+00
2.002923889516250000e+00
2.030215308296604348e+00
2.057578588030722244e+00
2.085011106593579910e+00
2.112510363038008876e+00
2.140074025696346638e+00
2.167699816345169950e+00
2.195385558772581902e+00
2.223129228469357344e+00
2.250928837205826483e+00
2.278782501548580086e+00
2.306688401391024712e+00
2.334644849719900606e+00
2.362650177500331239e+00
2.390702785259982477e+00
2.418801195489333367e+00
2.446943937631044008e+00
2.475129600613197312e+00
2.503356886097794387e+00
2.531624493499204931e+00
2.559931173315973751e+00
2.588275781092189476e+00
2.616657162411812010e+00
2.645074225765419840e+00
2.673525902812343702e+00
2.702011221921846840e+00
2.730529193067752658e+00
2.759078862586029857e+00
2.787659368418310635e+00
2.816269824903290697e+00
2.844909378007248080e+00
2.873577260988987803e+00
2.902272679072389394e+00
2.930994865084645795e+00
2.959743135489830479e+00
2.988516774927983732e+00
3.017315092210797189e+00
3.046137476673948186e+00
3.074983282578834576e+00
3.103851904576952592e+00
3.132742738557773521e+00
3.161655257478212633e+00
3.190588895575405814e+00
3.219543105032457220e+00
3.248517412936212878e+00
3.277511305345356618e+00
3.306524284191251439e+00
3.335555924445944953e+00
3.364605758048572426e+00
3.393673331016557881e+00
3.422758260799415808e+00
3.451860120067358650e+00
3.480978494009487889e+00
3.510113037855060014e+00
3.539263360527208135e+00
3.568429101461074282e+00
3.597609891517194569e+00
3.626805430021533994e+00
3.656015368247281572e+00
3.685239367076427186e+00
3.714477154855057250e+00
3.743728410744338930e+00
3.772992822521704426e+00
3.802270144549453335e+00
3.831560081010572105e+00
3.860862343826518384e+00
3.890176710738074917e+00
3.919502908424092880e+00
3.948840670528969810e+00
3.978189795845761267e+00
4.007550031321304829e+00
4.036921149672188847e+00
4.066302910226710310e+00
4.095695136689116111e+00
4.125097600003719833e+00
4.154510076610655744e+00
4.183932406826819772e+00
4.213364377611160450e+00
4.242805780901214519e+00
4.272256472071521927e+00
4.301716252602428625e+00
4.331184928494050013e+00
4.360662368793612131e+00
4.390148388173248151e+00
4.419642824982101814e+00
