2.000000000000000000e+00
2.000454430307821774e+00
2.001816485641082721e+00
2.004082472379190349e+00
2.007246287463498202e+00
2.011299508629435628e+00
2.016231492011751669e+00
2.022029511694093618e+00
2.028678931486516124e+00
2.036163356837120020e+00
2.044464831680104844e+00
2.053564053436030434e+00
2.063440539675689411e+00
2.074072841634890363e+00
2.085438762887658726e+00
2.097515504891703131e+00
2.110279872659791778e+00
2.123708424789918503e+00
2.137777662027108505e+00
2.152464111861650320e+00
2.167744476581586532e+00
2.183595773740457435e+00
2.199995368867270429e+00
2.216921083681263838e+00
2.234351297525500435e+00
2.252264933692126547e+00
2.270641533992721506e+00
2.289461328798857664e+00
2.308705186696075273e+00
2.328354664457119139e+00
2.348392054971683685e+00
2.368800310452072289e+00
2.389563090519381205e+00
2.410664727010646047e+00
2.432090268377096631e+00
2.453825380912681986e+00
2.475856372697388785e+00
2.498170219416103066e+00
2.520754456352586104e+00
2.543597200149438020e+00
2.566687173174153180e+00
2.590013590358525963e+00
2.613566181619176643e+00
2.637335217208058413e+00
2.661311392006804333e+00
2.685485850222187665e+00
2.709850213062336088e+00
2.734396462051447152e+00
2.759116983233631082e+00
2.784004515517572109e+00
2.809052198423191982e+00
2.834253455362598650e+00
2.859602025795592528e+00
2.885091999967429377e+00
2.910717702591487210e+00
2.936473728191857813e+00
2.962354978779537795e+00
2.988356548047045091e+00
3.014473759642872341e+00
3.040702207530214807e+00
3.067037640684089794e+00
3.093476003989613865e+00
3.120013480988920396e+00
3.146646379012237205e+00
3.173371190141043741e+00
3.200184547261670343e+00
3.227083287110311005e+00
3.254064335838764421e+00
3.281124754835109236e+00
3.308261787927010644e+00
3.335472747163541030e+00
3.362755060287089481e+00
3.390106319426009929e+00
3.417524167007478297e+00
3.445006344650495933e+00
3.472550743138452134e+00
3.500155288390102815e+00
3.527818009943089805e+00
3.555537000183540464e+00
3.583310483999748275e+00
3.611136704739161818e+00
3.639013975692035441e+00
3.666940732393436431e+00
3.694915418516461436e+00
3.722936538218783120e+00
3.751002709219619202e+00
3.779112548594898868e+00
3.807264725870026290e+00
3.835458016766664091e+00
3.863691188874199600e+00
3.891963055389807913e+00
3.920272529446047205e+00
3.948618509640071661e+00
3.976999953175009761e+00
4.005415836503545712e+00
4.033865229080975112e+00
4.062347178685651095e+00
4.090860766364865952e+00
4.119405161844049701e+00
4.147979508682061223e+00
4.176582979630648396e+00
4.205214832414553960e+00
4.233874294718106945e+00
4.262560619909286252e+00
4.291273143146801416e+00
4.320011166197056163e+00
4.348774013480875666e+00
4.377561088470024231e+00
4.406371758335540179e+00
4.435205429414995848e+00
4.464061508197048056e+00
4.492939477141995042e+00
4.521838779109392803e+00
4.550758874026259448e+00
4.579699295841236584e+00
4.608659536791108735e+00
4.637639104289794645e+00
4.666637578080728765e+00
4.695654494346884533e+00
4.724689402798373017e+00
4.753741924003219488e+00
4.782811633345948721e+00
4.811898118294475779e+00
4.841001035891983051e+00
4.870119996569457044e+00
4.899254640906054448e+00
4.928404600611474784e+00
4.957569575508978588e+00
4.986749217161820624e+00
5.015943186496259365e+00
5.045151211613736919e+00
5.074372971284242695e+00
5.103608152699800726e+00
5.132856509404126300e+00
5.162117744658480945e+00
5.191391569314543375e+00
5.220677759851639621e+00
5.249976041620544542e+00
5.279286166272145309e+00
5.308607872662197025e+00
5.337940964440902825e+00
5.367285193142238064e+00
5.396640316298944029e+00
5.426006155698219757e+00
5.455382480361134157e+00
5.484769064748163281e+00
5.514165747096666514e+00
5.543572312295320437e+00
5.572988550173416655e+00
5.602414313914088062e+00
5.631849402828481566e+00
5.661293620722731568e+00
5.690746834381492647e+00
5.720208856246373763e+00
5.749679522406808907e+00
5.779158653390459754e+00
5.808646132267278439e+00
5.838141787206980737e+00
5.867645450006815366e+00
5.897157014720849411e+00
5.926676320131489817e+00
5.956203208338555655e+00
5.985737583444239895e+00
6.015279293942519701e+00
6.044828191365584580e+00
6.074384189020912039e+00
6.103947144302241945e+00
6.133516917389747469e+00
6.163093430035972098e+00
6.192676547801881703e+00
6.222266158437336436e+00
6.251862132563463348e+00
6.281464402136071712e+00
6.311072842586906262e+00
6.340687331636789992e+00
6.370307808184517917e+00
6.399934154380650497e+00
6.429566254484382348e+00
6.459204053792356071e+00
6.488847440647938392e+00
6.518496305339311903e+00
6.548150599066000055e+00
6.577810215886369605e+00
6.607475051654703613e+00
6.637145063023316638e+00
6.666820149330973777e+00
6.696500231266214520e+00
6.726185211456059854e+00
6.755875053192077040e+00
6.785569662243887024e+00
6.815268945879136453e+00
6.844972871941536141e+00
6.874681350610931219e+00
6.904394293455731635e+00
6.934111672540742788e+00
6.963833402136004658e+00
6.993559397800041211e+00
7.023289635515986618e+00
7.053024033351311672e+00
7.082762530298218451e+00
