1.999999999999998224e+00
1.972186680418638538e+00
1.944461020187244316e+00
1.916827789367647306e+00
1.889292085553488931e+00
1.861859305905722017e+00
1.834535285657362458e+00
1.807326274456720228e+00
1.780238916787476811e+00
1.753280397515693423e+00
1.726458427858817757e+00
1.699781236395759620e+00
1.673257723585606982e+00
1.646897459705685129e+00
1.620710688889025697e+00
1.594708494578340741e+00
1.568902794693890712e+00
1.543306446158998035e+00
1.517933252141255629e+00
1.492798143892485108e+00
1.467917213851958280e+00
1.443307756086812610e+00
1.418988458537627118e+00
1.394979448984321913e+00
1.371302346449339460e+00
1.347980455436796454e+00
1.325038813940139448e+00
1.302504241073182634e+00
1.280405512439631188e+00
1.258773384591244771e+00
1.237640606690662004e+00
1.217042035630639951e+00
1.197014575434913297e+00
1.177597161298348460e+00
1.158830615866902392e+00
1.140757574846506195e+00
1.123422225861832935e+00
1.106869978052969827e+00
1.091147148461438121e+00
1.076300453417207592e+00
1.062376420607503036e+00
1.049420803198393592e+00
1.037477829682271313e+00
1.026589411076420433e+00
1.016794387952110412e+00
1.008127706127754486e+00
1.000619645133715707e+00
9.942951733366243161e-01
9.891733600066974219e-01
9.852669668790277058e-01
9.825821931883451654e-01
9.811186302792496150e-01
9.808693746734089558e-01
9.818213299769311675e-01
9.839556591413947118e-01
9.872483544406520650e-01
9.916709096685298874e-01
9.971910212550909591e-01
1.003773323589616240e+00
1.011380124942650838e+00
1.019972063595510292e+00
1.029508744786552299e+00
1.039949321713255159e+00
1.051252942498132725e+00
1.063379184099908059e+00
1.076288373026171641e+00
1.089941886763607926e+00
1.104302306615135620e+00
1.119333590527254785e+00
1.135001207040939875e+00
1.151272137543577045e+00
1.168114933697824043e+00
1.185499755647910547e+00
1.203398287013675017e+00
1.221783732934829558e+00
1.240630812340432598e+00
1.259915630375989082e+00
1.279615666760376413e+00
1.299709686653454099e+00
1.320177728841157361e+00
1.341000959970799045e+00
1.362161648376664758e+00
1.383643143604427195e+00
1.405429730546968514e+00
1.427506611428727368e+00
1.449859894104717384e+00
1.472476450453582331e+00
1.495343908683604894e+00
1.518450651674921659e+00
1.541785680853109852e+00
1.565338618683968619e+00
1.589099716568735943e+00
1.613059723993181649e+00
1.637209916216724181e+00
1.661542030153206895e+00
1.686048298854068150e+00
1.710721326496848604e+00
1.735554110054520649e+00
1.760540064741990207e+00
1.785672902370963655e+00
1.810946659077504961e+00
1.836355726248672937e+00
1.861894731464444064e+00
1.887558571190721679e+00
1.913342446185462009e+00
1.939241744376021259e+00
1.965252077609836334e+00
1.991369320713378244e+00
2.017589495782935671e+00
2.043908829743887878e+00
2.070323708940129848e+00
2.096830739334334837e+00
2.123426632063582176e+00
2.150108247024869357e+00
2.176872638076364552e+00
2.203716939194521274e+00
2.230638410164258900e+00
2.257634483668335079e+00
2.284702651828188991e+00
2.311840513640820660e+00
2.339045823634188892e+00
2.366316378628495087e+00
2.393650066629101403e+00
2.421044916791784019e+00
2.448498986279274092e+00
2.476010428647876793e+00
2.503577453571617539e+00
2.531198396383507188e+00
2.558871604925176513e+00
2.586595491010516668e+00
2.614368582695940191e+00
2.642189411050956949e+00
2.670056562458571037e+00
2.697968731635732809e+00
2.725924608283021300e+00
2.753922930102614686e+00
2.781962536463444380e+00
2.810042254898338143e+00
2.838160973408097476e+00
2.866317601357925682e+00
2.894511142451163366e+00
2.922740580996245896e+00
2.951004936247471733e+00
2.979303317254878181e+00
3.007634808942809101e+00
3.035998526901012795e+00
3.064393672638487942e+00
3.092819419468188613e+00
3.121274967694075642e+00
3.149759600220532363e+00
3.178272568240750218e+00
3.206813146774974754e+00
3.235380690591886932e+00
3.263974519704426314e+00
3.292593994209386921e+00
3.321238475526271827e+00
3.349907401625614511e+00
3.378600172269273116e+00
3.407316205219395044e+00
3.436054992768713845e+00
3.464815986790494406e+00
3.493598655190844227e+00
3.522402538651551396e+00
3.551227135500923282e+00
3.580071958380894870e+00
3.608936591184722431e+00
3.637820573752048148e+00
3.666723458731425467e+00
3.695644868694284213e+00
3.724584380660211025e+00
3.753541602351255335e+00
3.782516133394999258e+00
3.811507641828388415e+00
3.840515748405284313e+00
3.869540083849845047e+00
3.898580346322415124e+00
3.927636185573046390e+00
3.956707260338696130e+00
3.985793295938037772e+00
4.014893968277348790e+00
4.044008961379013556e+00
4.073138025095694559e+00
4.102280858974250322e+00
4.131437169905670004e+00
4.160606729948174376e+00
4.189789260056283382e+00
4.218984507212219626e+00
4.248192205499577767e+00
4.277412153404267059e+00
4.306644097372000601e+00
4.335887789705751061e+00
4.365143046613336963e+00
4.394409631643089398e+00
4.423687313674495414e+00
4.452975925051880779e+00
4.482275244901117617e+00
4.511585057209593685e+00
4.540905209037095602e+00
4.570235493722396569e+00
4.599575728508963124e+00
