1.999999999999999112e+00
1.978853336262610174e+00
1.958063866339433634e+00
1.937648557353481404e+00
1.917625081381045815e+00
1.898011773105676925e+00
1.878827699093173376e+00
1.860092598354457838e+00
1.841826819066085807e+00
1.824051355786605377e+00
1.806787762134923314e+00
1.790058057052449580e+00
1.773884719439978275e+00
1.758290563975851928e+00
1.743298608892904555e+00
1.728932020195561581e+00
1.715213937010300338e+00
1.702167343120007059e+00
1.689814871727022716e+00
1.678178684174334911e+00
1.667280258499459267e+00
1.657140179051678652e+00
1.647777984770421256e+00
1.639211949490044784e+00
1.631458875099414341e+00
1.624533941543091276e+00
1.618450515770398335e+00
1.613219987651290488e+00
1.608851661087051355e+00
1.605352631339154845e+00
1.602727700887087492e+00
1.600979344148549144e+00
1.600107680293187729e+00
1.600110490461953416e+00
1.600983264778150783e+00
1.602719278591740570e+00
1.605309693441952845e+00
1.608743692289028582e+00
1.613008616806411721e+00
1.618090133561918220e+00
1.623972421628325336e+00
1.630638334529299627e+00
1.638069593215979225e+00
1.646246987598225520e+00
1.655150527180985431e+00
1.664759626875426779e+00
1.675053292107718139e+00
1.686010233217892118e+00
1.697609030748937098e+00
1.709828248041088905e+00
1.722646577552921610e+00
1.736042892145560845e+00
1.749996354374296903e+00
1.764486519994234115e+00
1.779493344455477910e+00
1.794997260066979017e+00
1.810979249147265158e+00
1.827420813836947211e+00
1.844304028869111711e+00
1.861611592532860904e+00
1.879326769070562175e+00
1.897433425143350672e+00
1.915916066439380838e+00
1.934759760957447838e+00
1.953950178833707252e+00
1.973473556693647435e+00
1.993316736757750895e+00
2.013467074460320916e+00
2.033912460377017783e+00
2.054641344830906213e+00
2.075642638820565988e+00
2.096905735771179558e+00
2.118420536321846015e+00
2.140177345310973145e+00
2.162166895101290454e+00
2.184380372029476103e+00
2.206809311178235866e+00
2.229445637283134385e+00
2.252281618188140655e+00
2.275309909263185215e+00
2.298523446749976440e+00
2.321915477462239696e+00
2.345479591281355081e+00
2.369209614030432398e+00
2.393099640097647640e+00
2.417144067624607651e+00
2.441337491143960037e+00
2.465674736962843561e+00
2.490150900873334905e+00
2.514761240650403185e+00
2.539501213960460912e+00
2.564366518367009906e+00
2.589352983708983036e+00
2.614456628964836327e+00
2.639673620859647407e+00
2.665000333005929090e+00
2.690433238090071733e+00
2.715968950669469972e+00
2.741604271598840459e+00
2.767336080030449175e+00
2.793161377903473852e+00
2.819077335894836889e+00
2.845081185195289297e+00
2.871170263480973706e+00
2.897342062198245305e+00
2.923594118081343396e+00
2.949924060421165617e+00
2.976329659516534942e+00
3.002808717905521174e+00
3.029359136405147979e+00
3.055978875408305484e+00
3.082666022157712682e+00
3.109418681564103615e+00
3.136235025911482843e+00
3.163113345496859630e+00
3.190051939123153879e+00
3.217049164643652759e+00
3.244103490355371378e+00
3.271213385159394527e+00
3.298377369846071439e+00
3.325594069153154919e+00
3.352862101591190580e+00
3.380180131384413755e+00
3.407546921117337924e+00
3.434961221226561889e+00
3.462421840754529967e+00
3.489927609366052508e+00
3.517477448816689112e+00
3.545070262005975081e+00
3.572704986180482933e+00
3.600380646714112842e+00
3.628096245840379375e+00
3.655850816303572337e+00
3.683643475541500401e+00
3.711473314105239396e+00
3.739339449713154018e+00
3.767241081795554614e+00
3.795177379611461177e+00
3.823147555230520744e+00
3.851150825581428627e+00
3.879186485921787941e+00
3.907253797566578868e+00
3.935352042737067180e+00
3.963480579820823912e+00
3.991638730821313708e+00
4.019825836496371707e+00
4.048041311878951554e+00
4.076284533458649051e+00
4.104554894584392599e+00
4.132851861222875733e+00
4.161174858883168071e+00
4.189523328260768231e+00
4.217896781213979374e+00
4.246294687441895199e+00
4.274716549211206029e+00
4.303161863227396466e+00
4.331630195686895668e+00
4.360121068642916597e+00
4.388634016139211447e+00
4.417168640628578835e+00
4.445724499116300521e+00
4.474301159476869572e+00
4.502898257038253860e+00
4.531515380512424862e+00
4.560152128481703926e+00
4.588808166136215227e+00
4.617483111001190466e+00
4.646176589580414351e+00
4.674888294236104969e+00
4.703617868721791773e+00
4.732364984046689926e+00
4.761129300114502527e+00
4.789910541817431699e+00
4.818708384323170613e+00
4.847522510044080413e+00
4.876352665812135889e+00
4.905198547991457048e+00
4.934059859571418905e+00
4.962936367454692466e+00
4.991827787402422167e+00
5.020733841243782081e+00
5.049654314269603539e+00
5.078588940017925601e+00
5.107537457592370878e+00
5.136499669155098147e+00
5.165475324559501757e+00
5.194464198004615341e+00
5.223466049453049820e+00
5.252480701454041778e+00
5.281507923582838160e+00
5.310547489988595160e+00
5.339599237096136264e+00
5.368662947907839822e+00
5.397738409640283841e+00
5.426825471507169318e+00
5.455923928889474084e+00
5.485033581055893670e+00
5.514154289022386912e+00
5.543285859596299936e+00
5.572428122510370230e+00
