0.000000000000000000e+00
1.032768994768673565e-07
1.651305745031805827e-06
8.350230916942535941e-06
2.634877123330880977e-05
6.419601501539418109e-05
1.327821966574660451e-04
2.452625794857610231e-04
4.169648249598978396e-04
6.652787473804266938e-04
1.009529682161947051e-03
1.470836063307334740e-03
2.071948199511286504e-03
2.837072417380070988e-03
3.791681077401687361e-03
4.962302484916136791e-03
6.376301507302617466e-03
8.061643667672591107e-03
1.004665424286832476e-02
1.235975681123857584e-02
1.502921419213265608e-02
1.808286968626982016e-02
2.154787132949476103e-02
2.545041467185793493e-02
2.981549858864740443e-02
3.466666921408689817e-02
4.002580288679347120e-02
4.591291653041729148e-02
5.234597038796096058e-02
5.934073051224508788e-02
6.691067011637441553e-02
7.506686199067935661e-02
8.381795248505197193e-02
9.317014211865792817e-02
1.031272369761442320e-01
1.136906704608384722e-01
1.248596090500644351e-01
1.366310917246309486e-01
1.490001232646660512e-01
1.619598503636985320e-01
1.755017582045290681e-01
1.896157966661360383e-01
2.042905866609712184e-01
2.195136337743770483e-01
2.352714495209387024e-01
2.515497525582239824e-01
2.683336677558778582e-01
2.856078160414297074e-01
3.033565001040949838e-01
3.215638117057886269e-01
3.402137973367920232e-01
3.592904895818915811e-01
3.787780329756511577e-01
3.986608024899882530e-01
4.189233926006608044e-01
4.395507105888012411e-01
4.605280642776383715e-01
4.818411163040301481e-01
5.034759523162204431e-01
5.254191458741783727e-01
5.476576867568718754e-01
5.701790319834478815e-01
5.929711555674650469e-01
6.160224588470821772e-01
6.393218266150348938e-01
6.628585902934442942e-01
6.866225819336122527e-01
7.106040300588336578e-01
7.347935939222240975e-01
7.591823992504078689e-01
7.837619281040844044e-01
8.085240520318546231e-01
8.334610671610072075e-01
8.585655807203682599e-01
8.838305448903946981e-01
9.092492927678312853e-01
9.348154232051788526e-01
9.605228534403931206e-01
9.863657712550857326e-01
1.012338690090540005e+00
1.038436333083276431e+00
1.064653671481356589e+00
1.090985965032362337e+00
1.117428645967468270e+00
1.143977359671487726e+00
1.170628007163832862e+00
1.197376629235524348e+00
1.224219449270737670e+00
1.251152917704222212e+00
1.278173596383226140e+00
1.305278203361750933e+00
1.332463659158413805e+00
1.359726971342043456e+00
1.387065299249699457e+00
1.414475911054813295e+00
1.441956250125890016e+00
1.469503819849393267e+00
1.497116232217912568e+00
1.524791257528122834e+00
1.552526709320250831e+00
1.580320494261616915e+00
1.608170663013450685e+00
1.636075295234172167e+00
1.664032550585423209e+00
1.692040720610391347e+00
1.720098113752781543e+00
1.748203107333551110e+00
1.776354200302987074e+00
1.804549898234321326e+00
1.832788784885495126e+00
1.861069481976697304e+00
1.889390721583313670e+00
1.917751231045044413e+00
1.946149786727760400e+00
1.974585268379662750e+00
2.003056543948002144e+00
2.031562523941147447e+00
2.060102216323759450e+00
2.088674611222795185e+00
2.117278735811813029e+00
2.145913709674643677e+00
2.174578629387561968e+00
2.203272623859219514e+00
2.231994910102729435e+00
2.260744677685407211e+00
2.289521163564309347e+00
2.318323612730579519e+00
2.347151353491877757e+00
2.376003681736788664e+00
2.404879917130768874e+00
2.433779459656482125e+00
2.462701673736621188e+00
2.491645944726365691e+00
2.520611735719396229e+00
2.549598471529008314e+00
2.578605595443263176e+00
2.607632626266571663e+00
2.636679042160363196e+00
2.665744356918021474e+00
2.694828080785323543e+00
2.723929797024565502e+00
2.753049045571832387e+00
2.782185380298832555e+00
2.811338426509379040e+00
2.840507764462982365e+00
2.869692986817037550e+00
2.898893756285273682e+00
2.928109689031664686e+00
2.957340412274992225e+00
2.986585622093127945e+00
3.015844966691560991e+00
3.045118104154820315e+00
3.074404760382260626e+00
3.103704612236059646e+00
3.133017364873806443e+00
3.162342712562091762e+00
3.191680416191879033e+00
3.221030186272597184e+00
3.250391740975011601e+00
3.279764864329423268e+00
3.309149289110064451e+00
3.338544754984665630e+00
3.367951066809184546e+00
3.397367977406789308e+00
3.426795245815425162e+00
3.456232695670633959e+00
3.485680097883902206e+00
3.515137228980043105e+00
3.544603929561098710e+00
3.574079986888270888e+00
3.603565212863713896e+00
3.633059404761247002e+00
3.662562423331666039e+00
3.692074075262775423e+00
3.721594171700129294e+00
3.751122586876138421e+00
3.780659140483772163e+00
3.810203656265847449e+00
3.839756020706629691e+00
3.869316065322548681e+00
3.898883625315527013e+00
3.928458598322245088e+00
3.958040826625961905e+00
3.987630155869138271e+00
4.017226493856449920e+00
4.046829692691185976e+00
4.076439627186643655e+00
4.106056155501982552e+00
4.135679197641169758e+00
4.165308617494142496e+00
4.194944281672804642e+00
4.224586118425855297e+00
4.254233999612132777e+00
4.283887799583837364e+00
4.313547454144217141e+00
4.343212842456281919e+00
4.372883845970226169e+00
4.402560407421233002e+00
4.432242412676515642e+00
4.461929769398450318e+00
