3.019806626980425790e-14
0.000000000000000000e+00
3.552713678800500929e-14
5.151434834260726348e-14
1.307398633798584342e-12
1.177014041786605958e-11
7.271516722084925277e-11
3.387050639958033571e-10
1.283066097812479711e-09
4.150209065301169176e-09
1.185024345318197447e-08
3.058641695474761946e-08
7.262287127218769456e-08
1.607443955720100348e-07
3.351216903979548078e-07
6.634813374262193975e-07
1.255681052469981296e-06
2.284001752173026034e-06
4.010690407341144237e-06
6.824485785372758073e-06
1.128807895689476481e-05
1.819863066820914810e-05
2.866354699548878671e-05
4.419386995557772480e-05
6.681761954219211930e-05
9.921513995791997331e-05
1.448785782400818789e-04
2.082971372807662647e-04
2.951686987096024950e-04
4.126385441818314348e-04
5.695644647527586812e-04
7.768050956897809556e-04
1.047529236492650284e-03
1.397539062057973069e-03
1.845601062704815831e-03
2.413770235142109755e-03
3.127697702209886188e-03
4.016904271448851205e-03
5.114993209874185709e-03
6.459786426777469615e-03
8.093356149943886635e-03
1.006191239306986063e-02
1.241553320844701602e-02
1.520770869899656930e-02
1.849465966350649637e-02
2.233444837765219404e-02
2.678587942936694333e-02
3.190718354156629744e-02
3.775457840199258897e-02
4.438073127589703404e-02
5.183325086064094478e-02
6.015323659748084140e-02
6.937406657252864761e-02
7.952048697064917349e-02
9.060800241812394518e-02
1.026427126339761742e-01
1.156215536778280040e-01
1.295328221817548808e-01
1.443570620448415553e-01
1.600681731955564402e-01
1.766345510646409878e-01
1.940203492894170267e-01
2.121867173868494660e-01
2.310928413175226126e-01
2.506969710726707490e-01
2.709572300392615318e-01
2.918323503201971647e-01
3.132821254205193640e-01
3.352678471209653566e-01
3.577526309321115150e-01
3.807015087058083225e-01
4.040815696356752085e-01
4.278620423171979326e-01
4.520141864119686659e-01
4.765112862964606677e-01
5.013286233125793245e-01
5.264432833952614743e-01
5.518341165423361616e-01
5.774815929873433618e-01
6.033677594491351215e-01
6.294760265161265522e-01
6.557911119465451577e-01
6.822989914119048649e-01
7.089866970765292820e-01
7.358422788330241104e-01
7.628547739418287676e-01
7.900140220287603654e-01
8.173106460580008559e-01
8.447360408782085273e-01
8.722822038695259295e-01
8.999417333609347480e-01
9.277078332934767246e-01
9.555741568287512422e-01
9.835348374562222773e-01
1.011584413584081688e+00
1.039717867985098465e+00
1.067930484243580835e+00
1.096217873271386978e+00
1.124576003361170251e+00
1.153001063471922549e+00
1.181489497330746374e+00
1.210038040269672877e+00
1.238643587540945390e+00
1.267303234131105683e+00
1.296014316703795188e+00
1.324774285580842204e+00
1.353580748864928296e+00
1.382431518227630107e+00
1.411324483552796494e+00
1.440257679526773416e+00
1.469229238308312091e+00
1.498237458156321367e+00
1.527280680519528033e+00
1.556357340594974659e+00
1.585466018858184611e+00
1.614605319408596529e+00
1.643773922271762444e+00
1.672970636492685514e+00
1.702194279384045217e+00
1.731443730183674035e+00
1.760717984359651211e+00
1.790016033506912407e+00
1.819336920067790686e+00
1.848679792582913706e+00
1.878043786054746533e+00
1.907428097001034217e+00
1.936831941966708825e+00
1.966254633195944734e+00
1.995695459409475347e+00
2.025153742219483632e+00
2.054628892901416037e+00
2.084120293372006216e+00
2.113627353105389517e+00
2.143149566351301161e+00
2.172686393250366166e+00
2.202237317155745444e+00
2.231801902217231515e+00
2.261379674582727262e+00
2.290970199686690023e+00
2.320573041970234840e+00
2.350187842460421450e+00
2.379814200031361793e+00
2.409451729420322152e+00
2.439100119430474223e+00
2.468759014212889014e+00
2.498428071497556857e+00
2.528107020992550247e+00
2.557795545666447623e+00
2.587493340162762223e+00
2.617200169363197659e+00
2.646915749658809602e+00
2.676639807519400449e+00
2.706372138197629340e+00
2.736112486978406366e+00
2.765860627617684031e+00
2.795616322488161387e+00
2.825379401156776993e+00
2.855149641598515586e+00
2.884926829048744423e+00
2.914710814960482566e+00
2.944501398184414143e+00
2.974298383918220878e+00
3.004101642747009748e+00
3.033910991790580880e+00
3.063726253734763816e+00
3.093547315945468057e+00
3.123374011582722432e+00
3.153206178702340878e+00
3.183043719437335994e+00
3.212886481074317402e+00
3.242734335020962533e+00
3.272587137041817584e+00
3.302444806304432490e+00
3.332307206407836730e+00
3.362174204625627993e+00
3.392045731208934711e+00
3.421921660382807318e+00
3.451801869634159914e+00
3.481686299063195378e+00
3.511574832341583630e+00
3.541467356046403836e+00
3.571363819051313726e+00
3.601264113449090587e+00
3.631168133927594965e+00
3.661075837194598392e+00
3.690987122869870518e+00
3.720901912739506656e+00
3.750820110991824663e+00
3.780741683521785745e+00
3.810666538781475765e+00
3.840594587232324386e+00
3.870525800843033437e+00
3.900460093908208137e+00
3.930397382531079842e+00
3.960337644146644465e+00
3.990280798309949972e+00
4.020226766208359948e+00
4.050175530205532226e+00
4.080127014605153590e+00
4.110081165055046171e+00
