1.509903313490212895e-14
3.552713678800500929e-15
1.365130231079092482e-12
3.493383360364532564e-11
3.484217359073227271e-10
2.072336968694798998e-09
8.888256353145607136e-09
3.041558382932407767e-08
8.821287433846691783e-08
2.254479403163145435e-07
5.214242779771893765e-07
1.112261026392502572e-06
2.219088700350368981e-06
4.185167700399006208e-06
7.523330612713152732e-06
1.297507387842955495e-05
2.158256361184385241e-05
3.477461027756589829e-05
5.446754324633928945e-05
8.318143025665136747e-05
1.241720145284119781e-04
1.815782430396595259e-04
2.605843210012892541e-04
3.675954728734609489e-04
5.104255695540516058e-04
6.984929896471925304e-04
9.430223988093899834e-04
1.257248072012551177e-03
1.656611211951819485e-03
2.158947559536272820e-03
2.784657559672609750e-03
3.556846157656501362e-03
4.501428987928157710e-03
5.647188748421072546e-03
7.025777205322825125e-03
8.671639351301330123e-03
1.062186227465122812e-02
1.291593588181427776e-02
1.559540189049002379e-02
1.870340918415358544e-02
2.228416938260835423e-02
2.638229375477418870e-02
3.104206023350641885e-02
3.630661923866185248e-02
4.221712966316815141e-02
4.881191355223002404e-02
5.612564940980213635e-02
6.418859528593934272e-02
7.302596494076318834e-02
8.265741990316932686e-02
9.309676765784224983e-02
1.043517792831618607e-01
1.164242482937165590e-01
1.293102353761419465e-01
1.430003940200155199e-01
1.574804922359351878e-01
1.727320363019266836e-01
1.887328625625794842e-01
2.054578363457757462e-01
2.228795525835991498e-01
2.409689024497652099e-01
2.596956875609084392e-01
2.790291795670132302e-01
2.989384967134505189e-01
3.193930331626670949e-01
3.403627434508909033e-01
3.618184443889980173e-01
3.837319188206240739e-01
4.060760916276837662e-01
4.288251669546454536e-01
4.519545935819522242e-01
4.754411322369591630e-01
4.992629031761026681e-01
5.233992734512220579e-01
5.478308691095303828e-01
5.725395806448343450e-01
5.975084143046522911e-01
6.227215005515098767e-01
6.481640021336314561e-01
6.738221218035960192e-01
6.996829412670795278e-01
7.257344125271902868e-01
7.519653534256622862e-01
7.783652892882901853e-01
8.049244521669116637e-01
8.316337848539365751e-01
8.584847886678446116e-01
8.854695322452670325e-01
9.125806648516903152e-01
9.398112709121235753e-01
9.671548879370632790e-01
9.946055283992656371e-01
1.022157540396914754e+00
1.049805651881197122e+00
1.077544907982032285e+00
1.105370720495821857e+00
1.133278735137135840e+00
1.161264865855887507e+00
1.189325331713344980e+00
1.217456527890874440e+00
1.245655064915359489e+00
1.273917809973541537e+00
1.302241760812208327e+00
1.330624088860188792e+00
1.359062184053405176e+00
1.387553530926767920e+00
1.416095754815820840e+00
1.444686669451293426e+00
1.473324154693314014e+00
1.502006224206821727e+00
1.530730980042882550e+00
1.559496681991891620e+00
1.588301626867082206e+00
1.617144199618133271e+00
1.646022925339893916e+00
1.674936349361734855e+00
1.703883089786772942e+00
1.732861890777506630e+00
1.761871503230997504e+00
1.790910738460732787e+00
1.819978522505342866e+00
1.849073777224925053e+00
1.878195474901772855e+00
1.907342693378566878e+00
1.936514497446140126e+00
1.965710013569459846e+00
1.994928388825021770e+00
2.024168866231729424e+00
2.053430666390843484e+00
2.082713043628036331e+00
2.112015342512819416e+00
2.141336879610337363e+00
2.170677000098095277e+00
2.200035134710251583e+00
2.229410681554728768e+00
2.258803063124060984e+00
2.288211783594050530e+00
2.317636310670808442e+00
2.347076152465971788e+00
2.376530817424530539e+00
2.405999891510766986e+00
2.435482920056362133e+00
2.464979465465262365e+00
2.494489165133066066e+00
2.524011613277112431e+00
2.553546418864916845e+00
2.583093263736937928e+00
2.612651784404253164e+00
2.642221630170386248e+00
2.671802521426553056e+00
2.701394131410250310e+00
2.730996144493023081e+00
2.760608314625457638e+00
2.790230347049554638e+00
2.819861976390427571e+00
2.849502926936327896e+00
2.879152990890158748e+00
2.908811910017174540e+00
2.938479434242399435e+00
2.968155380370884444e+00
2.997839513684489532e+00
3.027531606643890427e+00
3.057231497705544143e+00
3.086938972864714970e+00
3.116653824452708221e+00
3.146375910036439905e+00
3.176105033910165076e+00
3.205841005975191393e+00
3.235583700715071842e+00
3.265332938635040705e+00
3.295088564955701571e+00
3.324850409956241037e+00
3.354618367761357689e+00
3.384392277715576824e+00
3.414171983423841539e+00
3.443957391871656171e+00
3.473748354748863676e+00
3.503544727548504767e+00
3.533346428739449152e+00
3.563153321041994559e+00
3.592965270580180004e+00
3.622782206100527702e+00
3.652604000202934742e+00
3.682430528539889281e+00
3.712261729078186079e+00
3.742097483285785842e+00
3.771937695170485938e+00
3.801782251601995455e+00
3.831631101413229601e+00
3.861484136529956146e+00
3.891341251266329238e+00
3.921202401671930460e+00
3.951067486623607294e+00
3.980936407155052592e+00
4.010809125836320987e+00
4.040685547827173707e+00
4.070565580239062342e+00
4.100449191544225158e+00
4.130336292592694747e+00
4.160226815831915559e+00
