0.000000000000000000e+00
4.544303078215516933e-04
1.816485641082943303e-03
4.082472379190349443e-03
7.246287463498202186e-03
1.129950862943540635e-02
1.623149201175144718e-02
2.202951169409361754e-02
2.867893148651612378e-02
3.616335683711979776e-02
4.446483168010506581e-02
5.356405343603021230e-02
6.344053967568941133e-02
7.407284163489036288e-02
8.543876288765894778e-02
9.751550489170313085e-02
1.102798726597917778e-01
1.237084247899185030e-01
1.377776620271087271e-01
1.524641118616503199e-01
1.677444765815865324e-01
1.835957737404574353e-01
1.999953688672704288e-01
2.169210836812640597e-01
2.343512975255004349e-01
2.522649336921263252e-01
2.706415339927215058e-01
2.894613287988576644e-01
3.087051866960754953e-01
3.283546644571191386e-01
3.483920549716836845e-01
3.688003104520722886e-01
3.895630905193812055e-01
4.106647270106458247e-01
4.320902683770966313e-01
4.538253809126819860e-01
4.758563726973890073e-01
4.981702194161030661e-01
5.207544563525858816e-01
5.435972001494380201e-01
5.666871731741534024e-01
5.900135903585259634e-01
6.135661816191766427e-01
6.373352172080584133e-01
6.613113920068045548e-01
6.854858502221874428e-01
7.098502130623358664e-01
7.343964620514469299e-01
7.591169832336313039e-01
7.840045155175721092e-01
8.090521984231917596e-01
8.342534553625988725e-01
8.596020257955925281e-01
8.850919999674293770e-01
9.107177025914869883e-01
9.364737281918578127e-01
9.623549787795377952e-01
9.883565480470450915e-01
1.014473759642872341e+00
1.040702207530214807e+00
1.067037640684089794e+00
1.093476003989613865e+00
1.120013480988920396e+00
1.146646379012237205e+00
1.173371190141043741e+00
1.200184547261670343e+00
1.227083287110311005e+00
1.254064335838764421e+00
1.281124754835109236e+00
1.308261787927010644e+00
1.335472747163541030e+00
1.362755060287089481e+00
1.390106319426009929e+00
1.417524167007478297e+00
1.445006344650495933e+00
1.472550743138452134e+00
1.500155288390102815e+00
1.527818009943089805e+00
1.555537000183540464e+00
1.583310483999748275e+00
1.611136704739161818e+00
1.639013975692035441e+00
1.666940732393436431e+00
1.694915418516461436e+00
1.722936538218783120e+00
1.751002709219619202e+00
1.779112548594898868e+00
1.807264725870026290e+00
1.835458016766664091e+00
1.863691188874199600e+00
1.891963055389807913e+00
1.920272529446047205e+00
1.948618509640071661e+00
1.976999953175009761e+00
2.005415836503545712e+00
2.033865229080975112e+00
2.062347178685651095e+00
2.090860766364865952e+00
2.119405161844049257e+00
2.147979508682060779e+00
2.176582979630648396e+00
2.205214832414553960e+00
2.233874294718106945e+00
2.262560619909286252e+00
2.291273143146800972e+00
2.320011166197056163e+00
2.348774013480876111e+00
2.377561088470023787e+00
2.406371758335540179e+00
2.435205429414995404e+00
2.464061508197048500e+00
2.492939477141995042e+00
2.521838779109392803e+00
2.550758874026259004e+00
2.579699295841236584e+00
2.608659536791109179e+00
2.637639104289794645e+00
2.666637578080728765e+00
2.695654494346884089e+00
2.724689402798373017e+00
2.753741924003219488e+00
2.782811633345948721e+00
2.811898118294475335e+00
2.841001035891983495e+00
2.870119996569456600e+00
2.899254640906054892e+00
2.928404600611474784e+00
2.957569575508979032e+00
2.986749217161820180e+00
3.015943186496259365e+00
3.045151211613736919e+00
3.074372971284242695e+00
3.103608152699800726e+00
3.132856509404126300e+00
3.162117744658480945e+00
3.191391569314543375e+00
3.220677759851639621e+00
3.249976041620544542e+00
3.279286166272145309e+00
3.308607872662197025e+00
3.337940964440902825e+00
3.367285193142238064e+00
3.396640316298944029e+00
3.426006155698219757e+00
3.455382480361134157e+00
3.484769064748163281e+00
3.514165747096666514e+00
3.543572312295320437e+00
3.572988550173416655e+00
3.602414313914088062e+00
3.631849402828481566e+00
3.661293620722731568e+00
3.690746834381492647e+00
3.720208856246373763e+00
3.749679522406808907e+00
3.779158653390459754e+00
3.808646132267278439e+00
3.838141787206980737e+00
3.867645450006815366e+00
3.897157014720849411e+00
3.926676320131489817e+00
3.956203208338555655e+00
3.985737583444239895e+00
4.015279293942519701e+00
4.044828191365584580e+00
4.074384189020912039e+00
4.103947144302241945e+00
4.133516917389747469e+00
4.163093430035972098e+00
4.192676547801881703e+00
4.222266158437336436e+00
4.251862132563463348e+00
4.281464402136071712e+00
4.311072842586906262e+00
4.340687331636789992e+00
4.370307808184517917e+00
4.399934154380650497e+00
4.429566254484382348e+00
4.459204053792356071e+00
4.488847440647938392e+00
4.518496305339311903e+00
4.548150599066000055e+00
4.577810215886369605e+00
4.607475051654703613e+00
4.637145063023316638e+00
4.666820149330973777e+00
4.696500231266214520e+00
4.726185211456059854e+00
4.755875053192077040e+00
4.785569662243887024e+00
4.815268945879136453e+00
4.844972871941536141e+00
4.874681350610931219e+00
4.904394293455731635e+00
4.934111672540742788e+00
4.963833402136004658e+00
4.993559397800041211e+00
5.023289635515986618e+00
5.053024033351311672e+00
5.082762530298218451e+00
