-1.000000000000000000e+00
-1.000454430307821552e+00
-1.001816485641082943e+00
-1.004082472379190349e+00
-1.007246287463498202e+00
-1.011299508629435406e+00
-1.016231492011751447e+00
-1.022029511694093618e+00
-1.028678931486516124e+00
-1.036163356837119798e+00
-1.044464831680105066e+00
-1.053564053436030212e+00
-1.063440539675689411e+00
-1.074072841634890363e+00
-1.085438762887658948e+00
-1.097515504891703131e+00
-1.110279872659791778e+00
-1.123708424789918503e+00
-1.137777662027108727e+00
-1.152464111861650320e+00
-1.167744476581586532e+00
-1.183595773740457435e+00
-1.199995368867270429e+00
-1.216921083681264060e+00
-1.234351297525500435e+00
-1.252264933692126325e+00
-1.270641533992721506e+00
-1.289461328798857664e+00
-1.308705186696075495e+00
-1.328354664457119139e+00
-1.348392054971683685e+00
-1.368800310452072289e+00
-1.389563090519381205e+00
-1.410664727010645825e+00
-1.432090268377096631e+00
-1.453825380912681986e+00
-1.475856372697389007e+00
-1.498170219416103066e+00
-1.520754456352585882e+00
-1.543597200149438020e+00
-1.566687173174153402e+00
-1.590013590358525963e+00
-1.613566181619176643e+00
-1.637335217208058413e+00
-1.661311392006804555e+00
-1.685485850222187443e+00
-1.709850213062335866e+00
-1.734396462051446930e+00
-1.759116983233631304e+00
-1.784004515517572109e+00
-1.809052198423191760e+00
-1.834253455362598872e+00
-1.859602025795592528e+00
-1.885091999967429377e+00
-1.910717702591486988e+00
-1.936473728191857813e+00
-1.962354978779537795e+00
-1.988356548047045091e+00
-2.014473759642872341e+00
-2.040702207530214807e+00
-2.067037640684089794e+00
-2.093476003989613865e+00
-2.120013480988920396e+00
-2.146646379012237205e+00
-2.173371190141043741e+00
-2.200184547261670343e+00
-2.227083287110311005e+00
-2.254064335838764421e+00
-2.281124754835109236e+00
-2.308261787927010644e+00
-2.335472747163541030e+00
-2.362755060287089481e+00
-2.390106319426009929e+00
-2.417524167007478297e+00
-2.445006344650495933e+00
-2.472550743138452134e+00
-2.500155288390102815e+00
-2.527818009943089805e+00
-2.555537000183540464e+00
-2.583310483999748275e+00
-2.611136704739161818e+00
-2.639013975692035441e+00
-2.666940732393436431e+00
-2.694915418516461436e+00
-2.722936538218783120e+00
-2.751002709219619202e+00
-2.779112548594898868e+00
-2.807264725870026290e+00
-2.835458016766664091e+00
-2.863691188874199600e+00
-2.891963055389807913e+00
-2.920272529446047205e+00
-2.948618509640071661e+00
-2.976999953175009761e+00
-3.005415836503545712e+00
-3.033865229080975112e+00
-3.062347178685651095e+00
-3.090860766364865952e+00
-3.119405161844049257e+00
-3.147979508682060779e+00
-3.176582979630648396e+00
-3.205214832414553960e+00
-3.233874294718106945e+00
-3.262560619909286252e+00
-3.291273143146800972e+00
-3.320011166197056163e+00
-3.348774013480876111e+00
-3.377561088470023787e+00
-3.406371758335540179e+00
-3.435205429414995404e+00
-3.464061508197048500e+00
-3.492939477141995042e+00
-3.521838779109392803e+00
-3.550758874026259004e+00
-3.579699295841236584e+00
-3.608659536791109179e+00
-3.637639104289794645e+00
-3.666637578080728765e+00
-3.695654494346884089e+00
-3.724689402798373017e+00
-3.753741924003219488e+00
-3.782811633345948721e+00
-3.811898118294475335e+00
-3.841001035891983495e+00
-3.870119996569456600e+00
-3.899254640906054892e+00
-3.928404600611474784e+00
-3.957569575508979032e+00
-3.986749217161820180e+00
-4.015943186496259365e+00
-4.045151211613736919e+00
-4.074372971284242695e+00
-4.103608152699800726e+00
-4.132856509404126300e+00
-4.162117744658480945e+00
-4.191391569314543375e+00
-4.220677759851639621e+00
-4.249976041620544542e+00
-4.279286166272145309e+00
-4.308607872662197025e+00
-4.337940964440902825e+00
-4.367285193142238064e+00
-4.396640316298944029e+00
-4.426006155698219757e+00
-4.455382480361134157e+00
-4.484769064748163281e+00
-4.514165747096666514e+00
-4.543572312295320437e+00
-4.572988550173416655e+00
-4.602414313914088062e+00
-4.631849402828481566e+00
-4.661293620722731568e+00
-4.690746834381492647e+00
-4.720208856246373763e+00
-4.749679522406808907e+00
-4.779158653390459754e+00
-4.808646132267278439e+00
-4.838141787206980737e+00
-4.867645450006815366e+00
-4.897157014720849411e+00
-4.926676320131489817e+00
-4.956203208338555655e+00
-4.985737583444239895e+00
-5.015279293942519701e+00
-5.044828191365584580e+00
-5.074384189020912039e+00
-5.103947144302241945e+00
-5.133516917389747469e+00
-5.163093430035972098e+00
-5.192676547801881703e+00
-5.222266158437336436e+00
-5.251862132563463348e+00
-5.281464402136071712e+00
-5.311072842586906262e+00
-5.340687331636789992e+00
-5.370307808184517917e+00
-5.399934154380650497e+00
-5.429566254484382348e+00
-5.459204053792356071e+00
-5.488847440647938392e+00
-5.518496305339311903e+00
-5.548150599066000055e+00
-5.577810215886369605e+00
-5.607475051654703613e+00
-5.637145063023316638e+00
-5.666820149330973777e+00
-5.696500231266214520e+00
-5.726185211456059854e+00
-5.755875053192077040e+00
-5.785569662243887024e+00
-5.815268945879136453e+00
-5.844972871941536141e+00
-5.874681350610931219e+00
-5.904394293455731635e+00
-5.934111672540742788e+00
-5.963833402136004658e+00
-5.993559397800041211e+00
-6.023289635515986618e+00
-6.053024033351311672e+00
-6.082762530298218451e+00
