-7.000000000000006217e+00
-7.000568176636642548e+00
-7.002272824306457366e+00
-7.005114292011452193e+00
-7.009093159275897378e+00
-7.014210248954617200e+00
-7.020466613870608441e+00
-7.027863545148121283e+00
-7.036402595953751060e+00
-7.046085560024169858e+00
-7.056914493896576879e+00
-7.068891756426258333e+00
-7.082019984580046668e+00
-7.096302135507974285e+00
-7.111741548156683912e+00
-7.128341922691760146e+00
-7.146107401050980634e+00
-7.165042596072572323e+00
-7.185152701890001659e+00
-7.206443486479347627e+00
-7.228921402370596105e+00
-7.252593719992190380e+00
-7.277468531423044062e+00
-7.303554892082118499e+00
-7.330862982908149306e+00
-7.359404117621290098e+00
-7.389190904085143785e+00
-7.420237419400362633e+00
-7.452559198645353433e+00
-7.486173387989893513e+00
-7.521098897641820713e+00
-7.557356328113005617e+00
-7.594968088491652836e+00
-7.633958339287731931e+00
-7.674353039304371293e+00
-7.716179674391293375e+00
-7.759467146077382083e+00
-7.804245599514691101e+00
-7.850545903492593958e+00
-7.898399294437123075e+00
-7.947836948208170327e+00
-7.998889176168170856e+00
-8.051584827812373391e+00
-8.105950656741509164e+00
-8.162010336787023590e+00
-8.219783788991248841e+00
-8.279286566552594095e+00
-8.340528965976286457e+00
-8.403515633529027085e+00
-8.468245083725358668e+00
-8.534709641405003211e+00
-8.602895135870319621e+00
-8.672781159965136766e+00
-8.744341522254631016e+00
-8.817544427729329115e+00
-8.892353192054551769e+00
-8.968727062119214111e+00
-9.046621635853018262e+00
-9.125989740739527178e+00
-9.206782316874312144e+00
-9.288948783415708732e+00
-9.372437818322408631e+00
-9.457198085972244428e+00
-9.543178387345639280e+00
-9.630328286828493844e+00
-9.718598330239322181e+00
-9.807940542292673314e+00
-9.898308274915139648e+00
-9.989656524152266570e+00
-1.008194221169915039e+01
-1.017512387790891459e+01
-1.026916188452323908e+01
-1.036401860151645771e+01
-1.045965800887248953e+01
-1.055604584138883517e+01
-1.065314973086779560e+01
-1.075093876195831299e+01
-1.084938366118601216e+01
-1.094845659759886303e+01
-1.104813137461028205e+01
-1.114838296389750028e+01
-1.124918762981558196e+01
-1.135052306224543628e+01
-1.145236790801121884e+01
-1.155470190512346029e+01
-1.165750602589326590e+01
-1.176076201051163750e+01
-1.186445251324433237e+01
-1.196856125704537988e+01
-1.207307257075236784e+01
-1.217797154703468010e+01
-1.228324420795869187e+01
-1.238887704578145232e+01
-1.249485726190895640e+01
-1.260117259011597035e+01
-1.270781154446757633e+01
-1.281476296394879277e+01
-1.292201619291300574e+01
-1.302956126717479890e+01
-1.313738846064712362e+01
-1.324548847312210675e+01
-1.335385262298621534e+01
-1.346247239518642225e+01
-1.357133963516211494e+01
-1.368044674710060704e+01
-1.378978624266907538e+01
-1.389935094010235872e+01
-1.400913416709641623e+01
-1.411912930985967130e+01
-1.422933008970191437e+01
-1.433973040398906384e+01
-1.445032460684006814e+01
-1.456110705808959871e+01
-1.467207233146294243e+01
-1.478321542563315916e+01
-1.489453131283965348e+01
-1.500601515001261177e+01
-1.511766249247818017e+01
-1.522946884206818652e+01
-1.534142986077175941e+01
-1.545354158670951605e+01
-1.556579998161934775e+01
-1.567820114668742093e+01
-1.579074154048108802e+01
-1.590341752573162992e+01
-1.601622566193184483e+01
-1.612916255060672910e+01
-1.624222513007001467e+01
-1.635541022119901555e+01
-1.646871474731977258e+01
-1.658213595578205712e+01
-1.669567096294953856e+01
-1.680931697548216874e+01
-1.692307151316605740e+01
-1.703693195311280206e+01
-1.715089575227964147e+01
-1.726496067141346913e+01
-1.737912431846137551e+01
-1.749338444801932724e+01
-1.760773880714861761e+01
-1.772218543625017873e+01
-1.783672221144287562e+01
-1.795134706948374159e+01
-1.806605823387215892e+01
-1.818085375647374136e+01
-1.829573174330136709e+01
-1.841069058139519399e+01
-1.852572847971339343e+01
-1.864084369569300392e+01
-1.875603476283281168e+01
-1.887130003087476737e+01
-1.898663789307361327e+01
-1.910204701442008002e+01
-1.921752587113690680e+01
-1.933307305526493280e+01
-1.944868712012761947e+01
-1.956436688585388595e+01
-1.968011097800031806e+01
-1.979591805624853151e+01
-1.991178704391849053e+01
-2.002771666596447275e+01
-2.014370567820352420e+01
-2.025975309730879914e+01
-2.037585773820512713e+01
-2.049201844378730897e+01
-2.060823431535711947e+01
-2.072450424944313951e+01
-2.084082716797213664e+01
-2.095720224911794816e+01
-2.107362846356870278e+01
-2.119010488239880274e+01
-2.130663052190383411e+01
-2.142320465213054703e+01
-2.153982633244475053e+01
-2.165649464264001978e+01
-2.177320891463753938e+01
-2.188996826755453640e+01
-2.200677183917022006e+01
-2.212361901795046393e+01
-2.224050897763828516e+01
-2.235744090905399162e+01
-2.247441425242371693e+01
-2.259142823151263357e+01
-2.270848208573796967e+01
-2.282557530278258184e+01
-2.294270715229047397e+01
-2.305987699600862584e+01
-2.317708413199310158e+01
-2.329432810523612574e+01
-2.341160824080573022e+01
-2.352892387661719198e+01
-2.364627459664837161e+01
-2.376365976368359156e+01
-2.388107875234027233e+01
-2.399853118251798278e+01
-2.411601645176205366e+01
-2.423353396853197950e+01
-2.435108338587070875e+01
-2.446866413340481827e+01
-2.458627572886598855e+01
