-3.000000000000000000e+00
-3.000340958266134894e+00
-3.001364530570020062e+00
-3.003072802633903304e+00
-3.005469235155579177e+00
-3.008558649804669471e+00
-3.012347189983620499e+00
-3.016842284377835526e+00
-3.022052608780359861e+00
-3.027988008183307489e+00
-3.034659431921475914e+00
-3.042078865070293681e+00
-3.050259204704286908e+00
-3.059214159900019769e+00
-3.068958146560821998e+00
-3.079506112039287480e+00
-3.090873404246657241e+00
-3.103075589602883877e+00
-3.116128305079803873e+00
-3.130047017375488849e+00
-3.144846843007760295e+00
-3.160542372059055527e+00
-3.177147397508560012e+00
-3.194674730411826147e+00
-3.213136030282989442e+00
-3.232541536899495860e+00
-3.252899917225278603e+00
-3.274218141397318593e+00
-3.296501256381829670e+00
-3.319752304059899295e+00
-3.343972279696616479e+00
-3.369159979863167731e+00
-3.395312036406930467e+00
-3.422422888734391488e+00
-3.450484894104774991e+00
-3.479488287769044952e+00
-3.509421329894451436e+00
-3.540270488129062976e+00
-3.572020459168294693e+00
-3.604654382630109843e+00
-3.638154077562695932e+00
-3.672500088935530815e+00
-3.707671929791444221e+00
-3.743648333010533236e+00
-3.780407286668848510e+00
-3.817926270290253665e+00
-3.856182491327094120e+00
-3.895152884380772118e+00
-3.934814346643364047e+00
-3.975143809681714657e+00
-4.016118456925457991e+00
-4.057715659810108733e+00
-4.099913139793017969e+00
-4.142689125283935070e+00
-4.186022242972164520e+00
-4.229891648468693255e+00
-4.274277153558974085e+00
-4.319159080785380134e+00
-4.364518370345212617e+00
-4.410336685739023821e+00
-4.456596240849671986e+00
-4.503279891096495291e+00
-4.550371225231800487e+00
-4.597854373199044886e+00
-4.645714120161949623e+00
-4.693935831346233378e+00
-4.742505565869446826e+00
-4.791409868771173031e+00
-4.840635848669027297e+00
-4.890171258485668027e+00
-4.940004280656536295e+00
-4.990123604964328052e+00
-5.040518509765611554e+00
-5.091178643119681269e+00
-5.142094102509135567e+00
-5.193255518008760063e+00
-5.244653831063039284e+00
-5.296280411301228952e+00
-5.348126970774433886e+00
-5.400185684610601555e+00
-5.452448968181963451e+00
-5.504909563796345218e+00
-5.557560630446264582e+00
-5.610395520368795630e+00
-5.663407868869549944e+00
-5.716591686952552820e+00
-5.769941137510643081e+00
-5.823450628097105231e+00
-5.877114906246005077e+00
-5.930928835393380005e+00
-5.984887490342472027e+00
-6.038986255030529549e+00
-6.093220598204890592e+00
-6.147586207410605574e+00
-6.202078908420011416e+00
-6.256694801700350084e+00
-6.311430037737283172e+00
-6.366280917720801291e+00
-6.421243996031230417e+00
-6.476315855261273846e+00
-6.531493208714939769e+00
-6.586773004526827791e+00
-6.642152200349229041e+00
-6.697627867443451066e+00
-6.753197296232181124e+00
-6.808857770622044114e+00
-6.864606673492781752e+00
-6.920441593506782674e+00
-6.976360099043606766e+00
-7.032359882090375436e+00
-7.088438680290261473e+00
-7.144594422202183992e+00
-7.200825000693444444e+00
-7.257128381069302137e+00
-7.313502710254939920e+00
-7.369946089771179487e+00
-7.426456684779367379e+00
-7.483032834085816987e+00
-7.539672822697363053e+00
-7.596374991677445010e+00
-7.653137848878966309e+00
-7.709959841081277077e+00
-7.766839464567186546e+00
-7.823775376503398604e+00
-7.880766166663955907e+00
-7.937810506507082309e+00
-7.994907071849144842e+00
-8.052054692750873599e+00
-8.109252124701400888e+00
-8.166498160592457367e+00
-8.223791743354734507e+00
-8.281131736749292926e+00
-8.338517037841260304e+00
-8.395946690085352770e+00
-8.453419653736212069e+00
-8.510934918773060076e+00
-8.568491618390833509e+00
-8.626088799042056721e+00
-8.683725572015159599e+00
-8.741401036066788421e+00
-8.799114429561319284e+00
-8.856864900041799160e+00
-8.914651618050212889e+00
-8.972473891425696735e+00
-9.030330934537664334e+00
-9.088221982434538049e+00
-9.146146405438166482e+00
-9.204103478052569898e+00
-9.262092493413488725e+00
-9.320112878153938851e+00
-9.378163961002140780e+00
-9.436245087507026952e+00
-9.494355735153176212e+00
-9.552495281660689841e+00
-9.610663158558933716e+00
-9.668858773561368025e+00
-9.727081664519781512e+00
-9.785331267346725426e+00
-9.843607031303992727e+00
-9.901908534626763014e+00
-9.960235252177055187e+00
-1.001858667094385247e+01
-1.007696240585919512e+01
-1.013536196719418214e+01
-1.019378487625583496e+01
-1.025223078138126631e+01
-1.031069922508775782e+01
-1.036918975995245340e+01
-1.042770206477261397e+01
-1.048623571148029754e+01
-1.054479032004083372e+01
-1.060336548052746863e+01
-1.066196090829198972e+01
-1.072057621058151433e+01
-1.077921100279912991e+01
-1.083786502501002325e+01
-1.089653790834657343e+01
-1.095522929141467650e+01
-1.101393893693312265e+01
-1.107266649793551849e+01
-1.113141163431392577e+01
-1.119017412958287849e+01
-1.124895365688741933e+01
-1.130774989567536615e+01
-1.136656264857889020e+01
-1.142539160723677227e+01
-1.148423650812695485e+01
-1.154309705436370592e+01
-1.160197307173230108e+01
-1.166086427427606154e+01
-1.171977038124086334e+01
-1.177869123420516217e+01
-1.183762656249929179e+01
-1.189657610025584944e+01
-1.195553970363656937e+01
-1.201451711609100848e+01
-1.207350808550694055e+01
-1.213251248152900175e+01
-1.219153006066343181e+01
-1.225056062268429713e+01
