-3.000000000000000000e+00
-3.000340854989235417e+00
-3.001362879264275030e+00
-3.003064452402986362e+00
-3.005442886384345869e+00
-3.008494453789654077e+00
-3.012214407786963033e+00
-3.016597021798349765e+00
-3.021635643955399964e+00
-3.027322729435927062e+00
-3.033649902239313967e+00
-3.040608029006986346e+00
-3.048187256504775622e+00
-3.056377087482639698e+00
-3.065166465483420311e+00
-3.074543809554371343e+00
-3.084497102739354624e+00
-3.095013945935211286e+00
-3.106081650836935548e+00
-3.117687260564250273e+00
-3.129817628815627639e+00
-3.142459502372785707e+00
-3.155599526179065251e+00
-3.169224315739968212e+00
-3.183320531694342037e+00
-3.197874867685408962e+00
-3.212874114338485132e+00
-3.228305224866901302e+00
-3.244155285993868709e+00
-3.260411573547654207e+00
-3.277061609580242063e+00
-3.294093117872488374e+00
-3.311494083921878495e+00
-3.329252746615733560e+00
-3.347357657128630759e+00
-3.365797617308206480e+00
-3.384561720844387001e+00
-3.403639396404432027e+00
-3.423020335903628641e+00
-3.442694532266411311e+00
-3.462652319358166864e+00
-3.482884292269394777e+00
-3.503381343130473002e+00
-3.524134699236156187e+00
-3.545135837147909807e+00
-3.566376517732029683e+00
-3.587848823571216261e+00
-3.609545068339342411e+00
-3.631457846539269063e+00
-3.653579997975926030e+00
-3.675904659588665968e+00
-3.698425170228217151e+00
-3.721135106817366811e+00
-3.744028322793946817e+00
-3.767098850371503715e+00
-3.790340937879892014e+00
-3.813749089281335714e+00
-3.837317964481349986e+00
-3.861042418028992174e+00
-3.884917539864845448e+00
-3.908938554092800111e+00
-3.933100859113047409e+00
-3.957400069664335440e+00
-3.981831914351962709e+00
-4.006392293546914729e+00
-4.031077241052789084e+00
-4.055882983935834574e+00
-4.080805838712339373e+00
-4.105842254746803199e+00
-4.130988859235260158e+00
-4.156242352552451891e+00
-4.181599552932473429e+00
-4.207057442604604347e+00
-4.232613062399313009e+00
-4.258263557618740869e+00
-4.284006225240928778e+00
-4.309838407857860432e+00
-4.335757557860835831e+00
-4.361761199519348153e+00
-4.387846994520061550e+00
-4.414012635098687021e+00
-4.440255892314988628e+00
-4.466574665413902245e+00
-4.492966874401327360e+00
-4.519430509198062218e+00
-4.545963679788719958e+00
-4.572564508275118733e+00
-4.599231178826367561e+00
-4.625961988541782866e+00
-4.652755239010153865e+00
-4.679609286980721095e+00
-4.706522595872115744e+00
-4.733493626862847137e+00
-4.760520908160906117e+00
-4.787602997365198121e+00
-4.814738551574460068e+00
-4.841926217887889905e+00
-4.869164685502888723e+00
-4.896452738503107582e+00
-4.923789145941023015e+00
-4.951172714453322854e+00
-4.978602341513377105e+00
-5.006076905115056874e+00
-5.033595316858027857e+00
-5.061156575621789777e+00
-5.088759656869262571e+00
-5.116403566159230643e+00
-5.144087393203795600e+00
-5.171810200809285440e+00
-5.199571097204880310e+00
-5.227369198313564169e+00
-5.255203700618870322e+00
-5.283073769648400031e+00
-5.310978594341541736e+00
-5.338917441875277170e+00
-5.366889545823177343e+00
-5.394894160838219932e+00
-5.422930617762057537e+00
-5.450998211474567867e+00
-5.479096255865631981e+00
-5.507224139204322633e+00
-5.535381211693715109e+00
-5.563566840707967032e+00
-5.591780466400669170e+00
-5.620021488978548696e+00
-5.648289342942772961e+00
-5.676583459118565322e+00
-5.704903339258995842e+00
-5.733248442964612224e+00
-5.761618243461688493e+00
-5.790012283698252382e+00
-5.818430063012671738e+00
-5.846871093114894613e+00
-5.875334954365956541e+00
-5.903821182207203755e+00
-5.932329323329796900e+00
-5.960858992124261846e+00
-5.989409756881693525e+00
-6.017981215097138126e+00
-6.046572955281464878e+00
-6.075184632536753782e+00
-6.103815854469966773e+00
-6.132466237751380334e+00
-6.161135464916317694e+00
-6.189823170074681968e+00
-6.218528995617500499e+00
-6.247252649152892801e+00
-6.275993789020905211e+00
-6.304752081138496500e+00
-6.333527256060810906e+00
-6.362318994310579789e+00
-6.391126983352206636e+00
-6.419950974770915586e+00
-6.448790669424630195e+00
-6.477645793685127273e+00
-6.506516060999276263e+00
-6.535401248327902479e+00
-6.564301081074128241e+00
-6.593215290328981126e+00
-6.622143670297339746e+00
-6.651085963066990736e+00
-6.680041915959186838e+00
-6.709011339050010569e+00
-6.737993989787392835e+00
-6.766989630440409798e+00
-6.795998085710632353e+00
-6.825019127203855618e+00
-6.854052530972410295e+00
-6.883098135211515256e+00
-6.912155724592026651e+00
-6.941225107177119824e+00
-6.970306075766221632e+00
-6.999398484960323685e+00
-7.028502135318738908e+00
-7.057616831099000620e+00
-7.086742438133884825e+00
-7.115878767862801269e+00
-7.145025635148829046e+00
-7.174182916226492956e+00
-7.203350432612969811e+00
-7.232528008998398761e+00
-7.261715531260633405e+00
-7.290912830261457422e+00
-7.320119739806227876e+00
-7.349336154722440284e+00
-7.378561914545586298e+00
-7.407796880940311190e+00
-7.437040898861723370e+00
-7.466293874091131322e+00
-7.495555656781919041e+00
-7.524826099568058702e+00
-7.554105115779306878e+00
-7.583392562887159016e+00
-7.612688300672012076e+00
-7.641992249492352229e+00
-7.671304273634726556e+00
-7.700624239536714377e+00
-7.729952074107768745e+00
-7.759287647986916170e+00
-7.788630853285846811e+00
