-6.999999999999991118e+00
-7.000568176636638995e+00
-7.002272824305092236e+00
-7.005114291976518359e+00
-7.009093158927475642e+00
-7.014210246882280231e+00
-7.020466604982352088e+00
-7.027863514732537453e+00
-7.036402507740876722e+00
-7.046085334576229542e+00
-7.056913972472298902e+00
-7.068890644165231940e+00
-7.082017765491346317e+00
-7.096297950340273886e+00
-7.111734024826071199e+00
-7.128328947617881717e+00
-7.146085818487368790e+00
-7.165007821462294757e+00
-7.185098234346755319e+00
-7.206360305049090975e+00
-7.228797230356067693e+00
-7.252412141749150720e+00
-7.277207947102042773e+00
-7.303187296609245038e+00
-7.330352557338595254e+00
-7.358705624631642905e+00
-7.388247881686334395e+00
-7.418980171328350082e+00
-7.450902587433401614e+00
-7.484014440430357240e+00
-7.518314240082148103e+00
-7.553799481955349115e+00
-7.590466659503724678e+00
-7.628311150539310859e+00
-7.667327262099048468e+00
-7.707508035039992045e+00
-7.748845283802730854e+00
-7.791329663632876823e+00
-7.834950501602103934e+00
-7.879695885252969489e+00
-7.925552778825561973e+00
-7.972506882413396667e+00
-8.020542767578866972e+00
-8.069644037502847311e+00
-8.119793207123855439e+00
-8.170971875439018817e+00
-8.223160917142791959e+00
-8.276340370690347115e+00
-8.330489668588263896e+00
-8.385587663822189342e+00
-8.441612873747160961e+00
-8.498543356587157760e+00
-8.556356911671420207e+00
-8.615031286878489070e+00
-8.674544033709313595e+00
-8.734872699818616582e+00
-8.795995025817287427e+00
-8.857888773290438778e+00
-8.920531904393751432e+00
-8.983902764290712994e+00
-9.047979880965943522e+00
-9.112742130761500192e+00
-9.178168906405231198e+00
-9.244239890632188761e+00
-9.310935253665826750e+00
-9.378235586788431277e+00
-9.446122097903675296e+00
-9.514576356094515575e+00
-9.583580432524582804e+00
-9.653117044744504938e+00
-9.723169284326962369e+00
-9.793720752286279918e+00
-9.864755698340355039e+00
-9.936258735421267474e+00
-1.000821497227930479e+01
-1.008061015022296125e+01
-1.015343034765366070e+01
-1.022666216063450229e+01
-1.030029259546523157e+01
-1.037430925280668603e+01
-1.044870002263042075e+01
-1.052345321728839167e+01
-1.059855770881977399e+01
-1.067400261872292866e+01
-1.074977745295654863e+01
-1.082587224103932932e+01
-1.090227722184379289e+01
-1.097898298099906533e+01
-1.105598059219368956e+01
-1.113326129984024426e+01
-1.121081665909761682e+01
-1.128863867955942624e+01
-1.136671950538453757e+01
-1.144505161002775928e+01
-1.152362768213393807e+01
-1.160244082397175447e+01
-1.168148422881165693e+01
-1.176075132705711823e+01
-1.184023593546145392e+01
-1.191993193275624918e+01
-1.199983340820674727e+01
-1.207993481301267380e+01
-1.216023063437421392e+01
-1.224071554630192615e+01
-1.232138456304720187e+01
-1.240223271174230746e+01
-1.248325518528653788e+01
-1.256444749764512281e+01
-1.264580515516635728e+01
-1.272732386549509265e+01
-1.280899942394618130e+01
-1.289082792484817652e+01
-1.297280543122251650e+01
-1.305492813184480916e+01
-1.313719250029326524e+01
-1.321959496347791863e+01
-1.330213206022583883e+01
-1.338480060170067354e+01
-1.346759733883718901e+01
-1.355051912231102662e+01
-1.363356306420417319e+01
-1.371672620439442269e+01
-1.380000567178564808e+01
-1.388339884710252115e+01
-1.396690302828548980e+01
-1.405051564836238498e+01
-1.413423416178170733e+01
-1.421805626383828525e+01
-1.430197955480817207e+01
-1.438600170369173625e+01
-1.447012061326923771e+01
-1.455433408333920120e+01
-1.463863997538407347e+01
-1.472303637845580582e+01
-1.480752127155807329e+01
-1.489209268915558049e+01
-1.497674888781941860e+01
-1.506148800779056707e+01
-1.514630829555335545e+01
-1.523120798972408707e+01
-1.531618554473941174e+01
-1.540123929138651349e+01
-1.548636760401847923e+01
-1.557156906873909286e+01
-1.565684214319662892e+01
-1.574218532443645024e+01
-1.582759731765825606e+01
-1.591307669530914026e+01
-1.599862206552261767e+01
-1.608423224140625862e+01
-1.616990589946451706e+01
-1.625564174858059019e+01
-1.634143869979462238e+01
-1.642729552408735216e+01
-1.651321107887450523e+01
-1.659918419319129157e+01
-1.668521389496372720e+01
-1.677129906798314352e+01
-1.685743862200613208e+01
-1.694363166354760608e+01
-1.702987715227998322e+01
-1.711617407155963377e+01
-1.720252159960325500e+01
-1.728891876534041216e+01
-1.737536461933460075e+01
-1.746185840532067957e+01
-1.754839921553297444e+01
-1.763498616199694524e+01
-1.772161854840287631e+01
-1.780829552493366208e+01
-1.789501631744310117e+01
-1.798178011194759307e+01
-1.806858628436918934e+01
-1.815543405472917371e+01
-1.824232265921617824e+01
-1.832925152276588321e+01
-1.841621991280567272e+01
-1.850322711162171530e+01
-1.859027258921101478e+01
-1.867735565659629060e+01
-1.876447563847381161e+01
-1.885163204632318923e+01
-1.893882423130969883e+01
-1.902605155719808039e+01
-1.911331357370439576e+01
-1.920060966900468813e+01
-1.928793930083813990e+01
-1.937530188039110612e+01
-1.946269700382289614e+01
-1.955012410427577407e+01
-1.963758262535086274e+01
-1.972507219497644115e+01
-1.981259227705998427e+01
-1.990014234518521974e+01
-1.998772205668166180e+01
-2.007533090393487996e+01
-2.016296838829291715e+01
-2.025063419432648359e+01
-2.033832784081212353e+01
-2.042604891303407300e+01
