-1.000000000000000888e+00
-1.021487622003524720e+00
-1.043300664230586428e+00
-1.065424245280421900e+00
-1.087844153774533362e+00
-1.110546876698992547e+00
-1.133519490890447123e+00
-1.156749686023377688e+00
-1.180225789714274054e+00
-1.203936652396702112e+00
-1.227871669786552600e+00
-1.252020808017844100e+00
-1.276374485264308634e+00
-1.300923595924167842e+00
-1.325659537667917443e+00
-1.350574091843725899e+00
-1.375659467236356903e+00
-1.400908246482876818e+00
-1.426313433352781157e+00
-1.451868333201153938e+00
-1.477566584508301029e+00
-1.503402193007376875e+00
-1.529369412738138756e+00
-1.555462780921781363e+00
-1.581677155183575101e+00
-1.608007595356404584e+00
-1.634449401454880269e+00
-1.660998153746028105e+00
-1.687649595294778315e+00
-1.714399672720744450e+00
-1.741244578809528987e+00
-1.768180635714618587e+00
-1.795204356113742739e+00
-1.822312398272438072e+00
-1.849501629326624208e+00
-1.876769009177304381e+00
-1.904111636452498590e+00
-1.931526795840034394e+00
-1.959011842361882971e+00
-1.986564249068191623e+00
-2.014181655934370596e+00
-2.041861754406231189e+00
-2.069602336575464996e+00
-2.097401345412307716e+00
-2.125256759487863079e+00
-2.153166643414826886e+00
-2.181129199219375980e+00
-2.209142651162880000e+00
-2.237205315894426949e+00
-2.265315561640625752e+00
-2.293471879372536382e+00
-2.321672767664547887e+00
-2.349916785418721066e+00
-2.378202605289700955e+00
-2.406528898516686610e+00
-2.434894388401714238e+00
-2.463297904411708927e+00
-2.491738266948432923e+00
-2.520214341476100905e+00
-2.548725093206162917e+00
-2.577269471779109811e+00
-2.605846465953144619e+00
-2.634455158792419649e+00
-2.663094612241597048e+00
-2.691763941328242371e+00
-2.720462274652585943e+00
-2.749188829111695931e+00
-2.777942794310852115e+00
-2.806723388292009513e+00
-2.835529913654761813e+00
-2.864361641835970307e+00
-2.893217869193148495e+00
-2.922097973443765540e+00
-2.951001297808708124e+00
-2.979927207407845113e+00
-3.008875145979283960e+00
-3.037844519884803418e+00
-3.066834774018094567e+00
-3.095845352586293231e+00
-3.124875775347416340e+00
-3.153925521431987011e+00
-3.182994086334105521e+00
-3.212081039164909502e+00
-3.241185906338363232e+00
-3.270308228771902304e+00
-3.299447619327945169e+00
-3.328603646366683044e+00
-3.357775891134261670e+00
-3.386964005372670172e+00
-3.416167594742976821e+00
-3.445386276382011115e+00
-3.474619736663519642e+00
-3.503867614495907556e+00
-3.533129578445769248e+00
-3.562405287560364009e+00
-3.591694468694420994e+00
-3.620996799647211439e+00
-3.650311967051331319e+00
-3.679639724432389958e+00
-3.708979775230824671e+00
-3.738331830811465917e+00
-3.767695668631990902e+00
-3.797071015153939744e+00
-3.826457603962477361e+00
-3.855855234033935819e+00
-3.885263652540700718e+00
-3.914682613071616135e+00
-3.944111933990247731e+00
-3.973551381138085592e+00
-4.003000745685227457e+00
-4.032459804881955989e+00
-4.061928400044471310e+00
-4.091406319129340829e+00
-4.120893355157819293e+00
-4.150389364758080291e+00
-4.179894150648025608e+00
-4.209407520135714620e+00
-4.238929343730445609e+00
-4.268459437537968526e+00
-4.297997621831373571e+00
-4.327543779725811390e+00
-4.357097739490086497e+00
-4.386659333182772791e+00
-4.416228455386060681e+00
-4.445804945437394018e+00
-4.475388665752552342e+00
-4.504979462483092334e+00
-4.534577243934184487e+00
-4.564181862695425806e+00
-4.593793174411974434e+00
-4.623411096640621665e+00
-4.653035490908913552e+00
-4.682666221537687967e+00
-4.712303214543852370e+00
-4.741946339630972673e+00
-4.771595469059906058e+00
-4.801250536595278895e+00
-4.830911419430595544e+00
-4.860578016784638855e+00
-4.890250210485359794e+00
-4.919927943639531343e+00
-4.949611102475220292e+00
-4.979299575313145709e+00
-5.008993311604872822e+00
-5.038692203716350626e+00
-5.068396145938166342e+00
-5.098105093559214929e+00
-5.127818944593920847e+00
-5.157537598829096126e+00
-5.187261016931063118e+00
-5.216989102118972710e+00
-5.246721759246258721e+00
-5.276458953939196839e+00
-5.306200594218794642e+00
-5.335946609347727687e+00
-5.365696910333971559e+00
-5.395451468832885844e+00
-5.425210198703808828e+00
-5.454973015164781280e+00
-5.484739893998184179e+00
-5.514510753060754666e+00
-5.544285511466982896e+00
-5.574064148820941256e+00
-5.603846586681757280e+00
-5.633632747774131033e+00
-5.663422615245051084e+00
-5.693216114086567359e+00
-5.723013170372039049e+00
-5.752813770536508997e+00
-5.782617842758505766e+00
-5.812425335994143794e+00
-5.842236180412966107e+00
-5.872050366474558025e+00
-5.901867826258343719e+00
-5.931688492755049502e+00
-5.961512359197887356e+00
-5.991339360355116384e+00
-6.021169431843257591e+00
-6.051002569478430182e+00
-6.080838710533096325e+00
-6.110677793070143693e+00
-6.140519815313274954e+00
-6.170364716869493726e+00
-6.200212438082995270e+00
-6.230062979423792058e+00
-6.259916282677270516e+00
-6.289772310122339505e+00
-6.319631004910656102e+00
-6.349492370278259301e+00
-6.379356350693223376e+00
-6.409222891252268184e+00
-6.439091997109025911e+00
-6.468963614591451972e+00
-6.498837690615565599e+00
-6.528714232129400052e+00
-6.558593187201534391e+00
-6.588474504451046876e+00
-6.618358192506614834e+00
-6.648244201067131876e+00
-6.678132500173926900e+00
