-5.000000000000007994e+00
-5.028381496218004010e+00
-5.057811804119213051e+00
-5.088286502643804887e+00
-5.119801073722408447e+00
-5.152350943048895182e+00
-5.185931328213245983e+00
-5.220537270691401055e+00
-5.256163679166274250e+00
-5.292805162508476435e+00
-5.330456066037759122e+00
-5.369110520030498712e+00
-5.408762260994439686e+00
-5.449404675802289155e+00
-5.491030859267658215e+00
-5.533633428113419406e+00
-5.577204606357089922e+00
-5.621736149913574287e+00
-5.667219449748746030e+00
-5.713645342586862519e+00
-5.761004188518637825e+00
-5.809285963905377770e+00
-5.858480072885416945e+00
-5.908575443097796587e+00
-5.959560636458809846e+00
-6.011423662184493644e+00
-6.064152090145004337e+00
-6.117733178327179999e+00
-6.172153686205722245e+00
-6.227400003398648742e+00
-6.283458290951158709e+00
-6.340314292482365666e+00
-6.397953513056739538e+00
-6.456361177989383471e+00
-6.515522423437468902e+00
-6.575422099544787180e+00
-6.636044920215549148e+00
-6.697375621461721273e+00
-6.759398755031155837e+00
-6.822098841019915483e+00
-6.885460527600667291e+00
-6.949468372969777263e+00
-7.014106998130102077e+00
-7.079361245665088731e+00
-7.145215948834913178e+00
-7.211656082863494355e+00
-7.278666921418878388e+00
-7.346233792639662141e+00
-7.414342273522329663e+00
-7.482978116846330963e+00
-7.552127448216658046e+00
-7.621776505591070006e+00
-7.691911785291727810e+00
-7.762520192277699849e+00
-7.833588768587934403e+00
-7.905104837613899704e+00
-7.977056152450684223e+00
-8.049430614597927303e+00
-8.122216417149910939e+00
-8.195402191931661307e+00
-8.268976719820198440e+00
-8.342929073535856332e+00
-8.417248764258989269e+00
-8.491925444847506554e+00
-8.566949102728585785e+00
-8.642309957213150540e+00
-8.717998655529065388e+00
-8.794005968300004028e+00
-8.870322933625011785e+00
-8.946941004658210517e+00
-9.023851740365337548e+00
-9.101046950825415038e+00
-9.178518845868547160e+00
-9.256259721858814515e+00
-9.334262108454005613e+00
-9.412518918527362999e+00
-9.491023131582323913e+00
-9.569767994425635749e+00
-9.648746910945408928e+00
-9.727953645769124691e+00
-9.807382003926701231e+00
-9.887025981438917199e+00
-9.966879918641009084e+00
-1.004693817746425033e+01
-1.012719529369473292e+01
-1.020764613178854852e+01
-1.028828556005805517e+01
-1.036910860456072747e+01
-1.045011060537045822e+01
-1.053128688989925799e+01
-1.061263292835071148e+01
-1.069414449138995593e+01
-1.077581732178827068e+01
-1.085764734569223222e+01
-1.093963055996276346e+01
-1.102176324561350818e+01
-1.110404163745194417e+01
-1.118646208285848509e+01
-1.126902120243280869e+01
-1.135171555827615997e+01
-1.143454181404460179e+01
-1.151749689673754240e+01
-1.160057766372197818e+01
-1.168378106397139327e+01
-1.176710430091514503e+01
-1.185054449829305412e+01
-1.193409886249252239e+01
-1.201776484638303799e+01
-1.210153981407673562e+01
-1.218542125995802650e+01
-1.226940669504893400e+01
-1.235349386750573331e+01
-1.243768042602601653e+01
-1.252196408443807307e+01
-1.260634278755679460e+01
-1.269081437364513221e+01
-1.277537673984835287e+01
-1.286002800880984509e+01
-1.294476619023999753e+01
-1.302958934713093875e+01
-1.311449576307532716e+01
-1.319948360299085266e+01
-1.328455108005831953e+01
-1.336969662368930400e+01
-1.345491853945235583e+01
-1.354021523328396803e+01
-1.362558509703511156e+01
-1.371102673368650748e+01
-1.379653861627383904e+01
-1.388211925630925592e+01
-1.396776737308611693e+01
-1.405348155189858161e+01
-1.413926041302359771e+01
-1.422510278153032459e+01
-1.431100734482978076e+01
-1.439697282217702679e+01
-1.448299813495002475e+01
-1.456908206356303737e+01
-1.465522347461122976e+01
-1.474142120579069193e+01
-1.482767429379901536e+01
-1.491398163044662972e+01
-1.500034213323626986e+01
-1.508675491661728074e+01
-1.517321894753093225e+01
-1.525973321640035429e+01
-1.534629690875670605e+01
-1.543290906024520481e+01
-1.551956872799892828e+01
-1.560627516261227932e+01
-1.569302746263401716e+01
-1.577982474629863852e+01
-1.586666632382819309e+01
-1.595355135143248049e+01
-1.604047906105554588e+01
-1.612744864460134764e+01
-1.621445948422827144e+01
-1.630151080573104494e+01
-1.638860185102913647e+01
-1.647573205114977668e+01
-1.656290067917397835e+01
-1.665010702301267997e+01
-1.673735055865724775e+01
-1.682463060270420385e+01
-1.691194648540641410e+01
-1.699929772417239704e+01
-1.708668367569109137e+01
-1.717410370924071117e+01
-1.726155738042366394e+01
-1.734904408290849176e+01
-1.743656328004754741e+01
-1.752411438850883485e+01
-1.761169701030215862e+01
-1.769931058403946622e+01
-1.778695455879017473e+01
-1.787462856831512426e+01
-1.796233208198149001e+01
-1.805006457883152393e+01
-1.813782572201242616e+01
-1.822561500936093637e+01
-1.831343194767497806e+01
-1.840127622732802237e+01
-1.848914737253838325e+01
-1.857704491583229967e+01
-1.866496857283440747e+01
-1.875291789223419059e+01
-1.884089248879640621e+01
-1.892889192649352381e+01
-1.901691595183185868e+01
-1.910496414343372962e+01
-1.919303608691144092e+01
-1.928113155003503465e+01
-1.936925013204050217e+01
-1.945739143866577692e+01
-1.954555525746610201e+01
-1.963374120686093605e+01
-1.972194891132238581e+01
-1.981017817683361315e+01
-1.989842863968242170e+01
-1.998670000035702543e+01
