-5.000000000000006217e+00
-5.028381496217996904e+00
-5.057811804117838150e+00
-5.088286502608855066e+00
-5.119801073374002698e+00
-5.152350940976552884e+00
-5.185931319324967426e+00
-5.220537240275805679e+00
-5.256163590953449649e+00
-5.292804937060584081e+00
-5.330455544613492691e+00
-5.369109407769543374e+00
-5.408760041905788185e+00
-5.449400490634651817e+00
-5.491023335937073035e+00
-5.533620453039514331e+00
-5.577183023793530481e+00
-5.621701375303229220e+00
-5.667164982205526336e+00
-5.713562161156593433e+00
-5.760880016504084544e+00
-5.809104385662383407e+00
-5.858219488564392563e+00
-5.908207847624944442e+00
-5.959050210889298427e+00
-6.010725169194818918e+00
-6.063209067746224257e+00
-6.116475930255197646e+00
-6.170497074993743780e+00
-6.225241055839115134e+00
-6.280673633391533173e+00
-6.336757446324702059e+00
-6.393452084068801611e+00
-6.450713989240989932e+00
-6.508496646232147853e+00
-6.566750460193437000e+00
-6.625423057940891702e+00
-6.684459685579878574e+00
-6.743803353140604528e+00
-6.803395431835793872e+00
-6.863176358218058937e+00
-6.923086079214980870e+00
-6.983064937896574342e+00
-7.043054626426412668e+00
-7.102998819171851608e+00
-7.162844169311295417e+00
-7.222541272009029178e+00
-7.282045197353723687e+00
-7.341316308581608219e+00
-7.400320696943076371e+00
-7.459030680558804249e+00
-7.517424726307892158e+00
-7.575487536997902005e+00
-7.633209956901508164e+00
-7.690588374567952634e+00
-7.747624345377925437e+00
-7.804324116148757540e+00
-7.860697752035381569e+00
-7.916758580804107659e+00
-7.972522639348033735e+00
-8.028007817370362176e+00
-8.083233385974939011e+00
-8.138219584691944064e+00
-8.192986948134059588e+00
-8.247556069565906256e+00
-8.301947213762332467e+00
-8.356180211140125991e+00
-8.410274049479454561e+00
-8.464246841997434601e+00
-8.518115837703568616e+00
-8.571897146783401311e+00
-8.625605818588356399e+00
-8.679255942692401860e+00
-8.732860448407606668e+00
-8.786431239344418387e+00
-8.839979337882452270e+00
-8.893514717277692938e+00
-8.947046493874093898e+00
-9.000582908811756155e+00
-9.054131523965507355e+00
-9.107699062659669664e+00
-9.186441780569809978e+00
-9.266518425614417964e+00
-9.346876680292057316e+00
-9.427503994296165146e+00
-9.508388717610007035e+00
-9.589519730379040041e+00
-9.670886556356121488e+00
-9.752479482203867178e+00
-9.834289193125842488e+00
-9.916306896349427191e+00
-9.998524449803152692e+00
-1.008093400296078102e+01
-1.016352818393890622e+01
-1.024629996199045046e+01
-1.032924284107730806e+01
-1.041235050616853641e+01
-1.049561696496927610e+01
-1.057903669326091567e+01
-1.066260428416357442e+01
-1.074631459547194190e+01
-1.083016290005898519e+01
-1.091414453728516776e+01
-1.099825506487508342e+01
-1.108249041341164620e+01
-1.116684653923407566e+01
-1.125131957999035670e+01
-1.133590601243795604e+01
-1.142060230631952855e+01
-1.150540513918849328e+01
-1.159031127545893547e+01
-1.167531778374106288e+01
-1.176042169143470950e+01
-1.184562014642215999e+01
-1.193091058038612573e+01
-1.201629036362511904e+01
-1.210175696863416306e+01
-1.218730813511785982e+01
-1.227294152483735346e+01
-1.235865488676277835e+01
-1.244444622349948304e+01
-1.253031344602722719e+01
-1.261625454017502257e+01
-1.270226773423520328e+01
-1.278835115349632900e+01
-1.287450304501039788e+01
-1.296072166036537610e+01
-1.304700548164262131e+01
-1.313335287557374009e+01
-1.321976226238625429e+01
-1.330623228555110771e+01
-1.339276146560690783e+01
-1.347934836979780293e+01
-1.356599178253327054e+01
-1.365269035885472348e+01
-1.373944279476423169e+01
-1.382624799830771600e+01
-1.391310474266947672e+01
-1.400001189477363894e+01
-1.408696829859262678e+01
-1.417397300451019859e+01
-1.426102492191079563e+01
-1.434812299082264175e+01
-1.443526635418731274e+01
-1.452245401006961067e+01
-1.460968498376556113e+01
-1.469695850049187413e+01
-1.478427363722087051e+01
-1.487162949520775612e+01
-1.495902537305734015e+01
-1.504646041819286140e+01
-1.513393379976092668e+01
-1.522144488204175516e+01
-1.530899287555954835e+01
-1.539657706844127105e+01
-1.548419670959275329e+01
-1.557185124055449421e+01
-1.565953994615090217e+01
-1.574726212815451376e+01
-1.583501727938359771e+01
-1.592280473401832808e+01
-1.601062384154640839e+01
-1.609847414111592201e+01
-1.618635501153017842e+01
-1.627426584545326449e+01
-1.636220622399797264e+01
-1.645017556641277068e+01
-1.653817330452583434e+01
-1.662619905755308736e+01
-1.671425228148640585e+01
-1.680233250219677998e+01
-1.689043919826871942e+01
-1.697857203445544982e+01
-1.706673051068867153e+01
-1.715491413702098455e+01
-1.724312260888594750e+01
-1.733135545583644799e+01
-1.741961221667654769e+01
-1.750789261489546433e+01
-1.759619620714518007e+01
-1.768452255855007849e+01
-1.777287141830380079e+01
-1.786124236789673603e+01
-1.794963499659219508e+01
-1.803804907717770689e+01
-1.812648421394974463e+01
-1.821494007703241280e+01
-1.830341628485823335e+01
-1.839191263874856119e+01
-1.848042877059476297e+01
-1.856896431868858954e+01
-1.865751910379653111e+01
-1.874609277662095508e+01
-1.883468499376939320e+01
-1.892329559395367156e+01
-1.901192424524209201e+01
-1.910057062115884818e+01
-1.918923457700264734e+01
-1.927791579689734291e+01
-1.936661402885615857e+01
