-1.000000000000000666e+00
-1.021487518726621468e+00
-1.043299012924843616e+00
-1.065415895049500739e+00
-1.087817805003302940e+00
-1.110482680683976486e+00
-1.133386708693787215e+00
-1.156504423443889484e+00
-1.179808824889312380e+00
-1.203271373649318354e+00
-1.226862140104393761e+00
-1.250549971954536987e+00
-1.274302537064797569e+00
-1.298086523506784218e+00
-1.321867856590513535e+00
-1.345611789358807764e+00
-1.369283165729052953e+00
-1.392846602815200008e+00
-1.416266779109909724e+00
-1.439508576389914696e+00
-1.462537370316165264e+00
-1.485319323321103280e+00
-1.507821541408639776e+00
-1.530012366249915878e+00
-1.551861656594924810e+00
-1.573340926142311691e+00
-1.594423598568080358e+00
-1.615085237215611036e+00
-1.635303624906815578e+00
-1.655058942208493811e+00
-1.674333908693152129e+00
-1.693113773723931459e+00
-1.711386403628693209e+00
-1.729142256153780144e+00
-1.746374392350486859e+00
-1.763078338716464577e+00
-1.779252027402427716e+00
-1.794895704115397006e+00
-1.810011719097212701e+00
-1.824604398704491537e+00
-1.838679897729837753e+00
-1.852245957740092264e+00
-1.865311749914503769e+00
-1.877887711637927559e+00
-1.889985309966927041e+00
-1.901616890856607123e+00
-1.912795531463498566e+00
-1.923534835121449849e+00
-1.933848815790333520e+00
-1.943751749934832240e+00
-1.953258082035734144e+00
-1.962382278082663190e+00
-1.971138752443063913e+00
-1.979541802799716033e+00
-1.987605505916026694e+00
-1.995343677812905891e+00
-2.002769840134069224e+00
-2.009897150644395669e+00
-2.016738389159881795e+00
-2.023305947331980104e+00
-2.029611785022235715e+00
-2.035667433969693629e+00
-2.041484003224955934e+00
-2.047072153394517979e+00
-2.052442114713208809e+00
-2.057603684359146090e+00
-2.062566247178081014e+00
-2.067338764252008687e+00
-2.071929794369781863e+00
-2.076347514404353500e+00
-2.080599713731884570e+00
-2.084693817161290319e+00
-2.088636906282758776e+00
-2.092435717088342972e+00
-2.096096662517450859e+00
-2.099625853211452675e+00
-2.103029096679621013e+00
-2.106311920577701002e+00
-2.109479581331204834e+00
-2.112537085256873226e+00
-2.115489188348703031e+00
-2.118340414852765807e+00
-2.121095074132545832e+00
-2.123757260370895406e+00
-2.143977359671493499e+00
-2.170628007163838635e+00
-2.197376629235533674e+00
-2.224219449270742111e+00
-2.251152917704226208e+00
-2.278173596383238575e+00
-2.305278203361743827e+00
-2.332463659158412916e+00
-2.359726971342047008e+00
-2.387065299249703010e+00
-2.414475911054805746e+00
-2.441956250125892236e+00
-2.469503819849381721e+00
-2.497116232217908127e+00
-2.524791257528120614e+00
-2.552526709320261489e+00
-2.580320494261617803e+00
-2.608170663013452462e+00
-2.636075295234181048e+00
-2.664032550585430315e+00
-2.692040720610394011e+00
-2.720098113752786873e+00
-2.748203107333553330e+00
-2.776354200302986630e+00
-2.804549898234326655e+00
-2.832788784885506672e+00
-2.861069481976707518e+00
-2.889390721583305233e+00
-2.917751231045035087e+00
-2.946149786727751074e+00
-2.974585268379669856e+00
-3.003056543948015467e+00
-3.031562523941161658e+00
-3.060102216323756785e+00
-3.088674611222790745e+00
-3.117278735811821466e+00
-3.145913709674643677e+00
-3.174578629387576179e+00
-3.203272623859218182e+00
-3.231994910102724106e+00
-3.260744677685410764e+00
-3.289521163564303130e+00
-3.318323612730584848e+00
-3.347151353491887527e+00
-3.376003681736784223e+00
-3.404879917130763545e+00
-3.433779459656472799e+00
-3.462701673736630958e+00
-3.491645944726371464e+00
-3.520611735719394453e+00
-3.549598471529010091e+00
-3.578605595443258292e+00
-3.607632626266554787e+00
-3.636679042160361863e+00
-3.665744356918025915e+00
-3.694828080785321323e+00
-3.723929797024562838e+00
-3.753049045571826614e+00
-3.782185380298836552e+00
-3.811338426509377708e+00
-3.840507764462969931e+00
-3.869692986817041547e+00
-3.898893756285267465e+00
-3.928109689031654472e+00
-3.957340412274999331e+00
-3.986585622093120840e+00
-4.015844966691573426e+00
-4.045118104154828309e+00
-4.074404760382241975e+00
-4.103704612236059646e+00
-4.133017364873806443e+00
-4.162342712562091762e+00
-4.191680416191879033e+00
-4.221030186272600737e+00
-4.250391740975013377e+00
-4.279764864329432150e+00
-4.309149289110057346e+00
-4.338544754984656748e+00
-4.367951066809182770e+00
-4.397367977406788420e+00
-4.426795245815424273e+00
-4.456232695670646393e+00
-4.485680097883910200e+00
-4.515137228980047546e+00
-4.544603929561097821e+00
-4.574079986888285099e+00
-4.603565212863715672e+00
-4.633059404761244338e+00
-4.662562423331664263e+00
-4.692074075262777200e+00
-4.721594171700117748e+00
-4.751122586876143750e+00
-4.780659140483779268e+00
-4.810203656265859884e+00
-4.839756020706635020e+00
-4.869316065322546017e+00
-4.898883625315525236e+00
-4.928458598322241535e+00
-4.958040826625964570e+00
-4.987630155869140047e+00
-5.017226493856438374e+00
-5.046829692691182423e+00
-5.076439627186644543e+00
-5.106056155501983440e+00
-5.135679197641153770e+00
-5.165308617494148713e+00
-5.194944281672821518e+00
-5.224586118425858849e+00
-5.254233999612140771e+00
-5.283887799583842693e+00
-5.313547454144210924e+00
-5.343212842456298795e+00
-5.372883845970232386e+00
-5.402560407421234778e+00
-5.432242412676516530e+00
-5.461929769398455647e+00
