-9.999999999990889510e-01
-1.000071019037203301e+00
-1.000284055667030048e+00
-1.000639052980129895e+00
-1.001135925893045009e+00
-1.001774569932439185e+00
-1.002554865318687538e+00
-1.003476682276944976e+00
-1.004539886788494041e+00
-1.005744339295681300e+00
-1.007089897556350033e+00
-1.008576420480235436e+00
-1.010203763039790426e+00
-1.011971778508882425e+00
-1.013880322162619363e+00
-1.015929243669510651e+00
-1.018118390517706029e+00
-1.020447603253790803e+00
-1.022916718819097737e+00
-1.025525557846280078e+00
-1.028273925662980925e+00
-1.031161615867372205e+00
-1.034188398315968982e+00
-1.037354024262469476e+00
-1.040658233997715731e+00
-1.044100745673500308e+00
-1.047681262862425688e+00
-1.051399483876005014e+00
-1.055255089324578899e+00
-1.059247750622537509e+00
-1.063377140059007298e+00
-1.067642916481095883e+00
-1.072044737154381089e+00
-1.076582253171442405e+00
-1.081255122300952776e+00
-1.086062991276939060e+00
-1.091005504414145566e+00
-1.096082313514008311e+00
-1.101293057592394264e+00
-1.106637371504948009e+00
-1.112114896021455968e+00
-1.117725255505005011e+00
-1.123468067075456212e+00
-1.129342951400102324e+00
-1.135349508908452210e+00
-1.141487330064880235e+00
-1.147756007427758629e+00
-1.154155110922145067e+00
-1.160684204006193321e+00
-1.167342835410459356e+00
-1.174130557343649350e+00
-1.181046899602093303e+00
-1.188091383112534594e+00
-1.195263534968732388e+00
-1.202562860895657115e+00
-1.209988859206412526e+00
-1.217541036085125317e+00
-1.225218875975282895e+00
-1.233021855756032847e+00
-1.240949460255103887e+00
-1.249001150654149628e+00
-1.257176378999398159e+00
-1.265474604150554683e+00
-1.273895258593963575e+00
-1.282437769536905359e+00
-1.291101547439168495e+00
-1.299886009058629055e+00
-1.308790543240356152e+00
-1.317814528318548728e+00
-1.326957351078209335e+00
-1.336218371436451058e+00
-1.345596940432826294e+00
-1.355092419323376873e+00
-1.364704141988425157e+00
-1.374431432618822058e+00
-1.384273624409495085e+00
-1.394230019485607430e+00
-1.404299913051642257e+00
-1.414482578581575778e+00
-1.424777293542849987e+00
-1.435183297979707229e+00
-1.445699814188482701e+00
-1.456326068309289790e+00
-1.467061249075844787e+00
-1.479581475478213060e+00
-1.490774603053701020e+00
-1.502067157527125829e+00
-1.513457546477527726e+00
-1.524944226434997052e+00
-1.536525657249526500e+00
-1.548200324504095171e+00
-1.559966763283280100e+00
-1.571823511711583299e+00
-1.583769141084709897e+00
-1.595770672114545263e+00
-1.607921035820668587e+00
-1.620155845821503959e+00
-1.632473431538991937e+00
-1.644872176299137623e+00
-1.657350468991641623e+00
-1.669906728138918828e+00
-1.682559667582072649e+00
-1.695283372162155855e+00
-1.708079980964670952e+00
-1.720947750092733486e+00
-1.733884945575508540e+00
-1.746896071908860870e+00
-1.759975490058202308e+00
-1.773118894412554658e+00
-1.786324241455454764e+00
-1.799594557646638560e+00
-1.812923129135203260e+00
-1.826308486700359390e+00
-1.839749877777128173e+00
-1.853243549425834136e+00
-1.866788099682969770e+00
-1.880380644161792070e+00
-1.894018752018855611e+00
-1.907699750458695664e+00
-1.921420713413927617e+00
-1.935178310241644217e+00
-1.948969259686765598e+00
-1.962791415347688195e+00
-1.976643113850931499e+00
-1.990522896804735486e+00
-2.004429477129512804e+00
-2.018361682870073892e+00
-2.032318470261055499e+00
-2.046298851678752140e+00
-2.060301911070912873e+00
-2.074326822498355316e+00
-2.088372786953468285e+00
-2.102439054110588845e+00
-2.116524945366051735e+00
-2.130629793632604851e+00
-2.144752967674639521e+00
-2.158893897165276243e+00
-2.173052013772350133e+00
-2.187226786247407961e+00
-2.201417699547945084e+00
-2.215624290634043536e+00
-2.229846090319415719e+00
-2.244082649964813658e+00
-2.258333568498648525e+00
-2.272598434526068356e+00
-2.286876853499638429e+00
-2.301168475153761772e+00
-2.315472935740916505e+00
-2.329789885548367412e+00
-2.344119016636362574e+00
-2.358460005126102210e+00
-2.372812538979937713e+00
-2.387176345972182645e+00
-2.401551135984449470e+00
-2.415936638539223136e+00
-2.430332583226363585e+00
-2.444738737436724207e+00
-2.459154848626020851e+00
-2.473580672521171309e+00
-2.488016001471327510e+00
-2.502460606670458443e+00
-2.516914266496434127e+00
-2.531376794981058609e+00
-2.545847983982369556e+00
-2.560327631637764778e+00
-2.574815570934542830e+00
-2.589311611828000625e+00
-2.603815569791528617e+00
-2.618327294476706424e+00
-2.632846611772508005e+00
-2.647373362080053472e+00
-2.661907380857757577e+00
-2.676448537006283157e+00
-2.690996674848510573e+00
-2.705551642865853257e+00
-2.720113322525639532e+00
-2.734681570202261991e+00
-2.749256245978886515e+00
-2.763837242534608052e+00
-2.778424427007014863e+00
-2.793017669853394391e+00
-2.807616873791638490e+00
-2.822221915605696463e+00
-2.836832675060843467e+00
-2.851449063893321423e+00
-2.866070967560393257e+00
-2.880698283909487234e+00
-2.895330903689633750e+00
-2.909968749293575740e+00
-2.924611716436584796e+00
-2.939259703180603367e+00
-2.953912639022509445e+00
-2.968570426521735417e+00
-2.983232970364869452e+00
-2.997900206491164621e+00
-3.012572043670431299e+00
-3.027248392605522032e+00
-3.041929195091985338e+00
-3.056614365548464995e+00
-3.071303829899501014e+00
