-9.999999999994052535e-01
-1.000066286681798422e+00
-1.000265153362839499e+00
-1.000596619432054135e+00
-1.001060716921982285e+00
-1.001657491969938141e+00
-1.002387003219841866e+00
-1.003249322728746673e+00
-1.004244538609705417e+00
-1.005372752300702111e+00
-1.006634080772714546e+00
-1.008028660530332354e+00
-1.009556643905473505e+00
-1.011218202716644532e+00
-1.013013533765607210e+00
-1.014942854267539829e+00
-1.017006408465044531e+00
-1.019204467603537889e+00
-1.021537338609844525e+00
-1.024005358285777989e+00
-1.026608900349474718e+00
-1.029348384141917538e+00
-1.032224267334775236e+00
-1.035237053591514522e+00
-1.038387301515122596e+00
-1.041675614676402128e+00
-1.045102648479580898e+00
-1.048669117712822230e+00
-1.052375782022326067e+00
-1.056223449969871941e+00
-1.060212983051715741e+00
-1.064345274360905202e+00
-1.068621250467737260e+00
-1.073041855291274160e+00
-1.077608048767795479e+00
-1.082320773634396494e+00
-1.087180945960139811e+00
-1.092189445725405994e+00
-1.097347076978721248e+00
-1.102654190342369889e+00
-1.108112069922394527e+00
-1.113720896015357731e+00
-1.119481013938542491e+00
-1.125392628776632931e+00
-1.131455774021034921e+00
-1.137670317910648210e+00
-1.144035975328079546e+00
-1.150552285779383510e+00
-1.157218635465947942e+00
-1.164034261380764379e+00
-1.170998278869572085e+00
-1.178109677001088373e+00
-1.185367356361501479e+00
-1.192770176347682343e+00
-1.200316962868515747e+00
-1.208006551679700946e+00
-1.215837800052568696e+00
-1.223809487125265605e+00
-1.231920207067038531e+00
-1.240168315011200839e+00
-1.248551974138646825e+00
-1.257069332941615158e+00
-1.265718641616500051e+00
-1.274498225242713501e+00
-1.283406482473227195e+00
-1.292441886367834414e+00
-1.301603144027322800e+00
-1.310888762569800914e+00
-1.320296450544277578e+00
-1.329824974249196101e+00
-1.340082179115226646e+00
-1.349880481503907825e+00
-1.359794548941596792e+00
-1.369822768645365230e+00
-1.379963536586903849e+00
-1.390215279361538103e+00
-1.400576418648963761e+00
-1.411045394939330011e+00
-1.421620610951213060e+00
-1.432300533546998489e+00
-1.442978639992165135e+00
-1.453861954237605447e+00
-1.464846208974115882e+00
-1.476608641476312878e+00
-1.487837383178730377e+00
-1.499063919005290790e+00
-1.510483209464163812e+00
-1.521993430607338160e+00
-1.533592917827476976e+00
-1.545280025795564116e+00
-1.557053145512366621e+00
-1.568910689692290639e+00
-1.580851090255481983e+00
-1.592872826560985722e+00
-1.604974383921386583e+00
-1.617154283667512793e+00
-1.629430256590602033e+00
-1.641766087898411941e+00
-1.654176159256976142e+00
-1.666658842599521906e+00
-1.679212539596724119e+00
-1.691835681603721886e+00
-1.704526699072057561e+00
-1.717284067141702231e+00
-1.730106296412588840e+00
-1.742991878246343829e+00
-1.757057020546338721e+00
-1.770051080605525629e+00
-1.783102955471350448e+00
-1.796199689181375847e+00
-1.809403683628163506e+00
-1.822623919446762164e+00
-1.835896096354938445e+00
-1.849218783754866813e+00
-1.862590589790015905e+00
-1.876007185617939221e+00
-1.889474606015045799e+00
-1.902901225403329510e+00
-1.916471205903668595e+00
-1.930083526722781606e+00
-1.948197615961492879e+00
-1.961848760206620801e+00
-1.975513903283717676e+00
-1.989216250896470584e+00
-2.002953342971793393e+00
-2.016735836754382394e+00
-2.030538370022846983e+00
-2.044391218283881262e+00
-2.058256848011286611e+00
-2.072151552055273349e+00
-2.086075477512459475e+00
-2.100024096179047284e+00
-2.113998779197575839e+00
-2.127997465866113380e+00
-2.142031926072888393e+00
-2.156083182325637448e+00
-2.170148538489593104e+00
-2.184233485351438908e+00
-2.198337001560354054e+00
-2.212458499286532376e+00
-2.226597364031966286e+00
-2.240752960672576233e+00
-2.255353942015880353e+00
-2.269537732417155063e+00
-2.283736735707311727e+00
-2.297950473199909194e+00
-2.312178522010330806e+00
-2.326420455159369904e+00
-2.340675867234637497e+00
-2.354944400712259522e+00
-2.369225687487636289e+00
-2.383519375736959489e+00
-2.397825157136924457e+00
-2.412142708871986230e+00
-2.426471730582141273e+00
-2.440811924506539388e+00
-2.455163032767798459e+00
-2.469524779601327324e+00
-2.483896899230330302e+00
-2.498279163923891044e+00
-2.512671326271336714e+00
-2.527073147271566178e+00
-2.541484424579255386e+00
-2.555904934776048965e+00
-2.570334461623811961e+00
-2.584772824454840912e+00
-2.599219820415937576e+00
-2.613675252850478525e+00
-2.628138959806727737e+00
-2.642610756237838032e+00
-2.657090472101093948e+00
-2.671577932924812160e+00
-2.686072998032431602e+00
-2.700575502674172679e+00
-2.715085286639233431e+00
-2.729602222966910574e+00
-2.744126160022535732e+00
-2.758656950185866208e+00
-2.773194478631089144e+00
-2.787738605345904119e+00
-2.802289193886652541e+00
-2.816846140220120365e+00
-2.831409314684507184e+00
-2.845978590805616104e+00
-2.860553874192728330e+00
-2.875135044443094312e+00
-2.889721993690511415e+00
-2.904314607161250006e+00
-2.918912801801662127e+00
-2.933516468108358310e+00
-2.948125499063843691e+00
-2.962739819142151898e+00
-2.977359326084213720e+00
-2.991983919878760556e+00
-3.006613531807280637e+00
-3.021248066168295221e+00
-3.035887429297734474e+00
-3.050531558652183950e+00
-3.065180364482625652e+00
-3.079833768613608580e+00
