-9.999999999990920596e-01
-1.000063919386453559e+00
-1.000255684981373738e+00
-1.000575318574278949e+00
-1.001022856145927120e+00
-1.001598349149012801e+00
-1.002301862750533124e+00
-1.003133476388813561e+00
-1.004093285898470800e+00
-1.005181400345536824e+00
-1.006397943523284821e+00
-1.007743057085354277e+00
-1.009216896169051525e+00
-1.010819632069409169e+00
-1.012551456663489224e+00
-1.014412577143720018e+00
-1.016403221611291041e+00
-1.018523638407315302e+00
-1.020774104067916799e+00
-1.023154917641554196e+00
-1.025666407867930952e+00
-1.028308942586136032e+00
-1.031082923516293715e+00
-1.033988796477034233e+00
-1.037027064079218963e+00
-1.040198281639420852e+00
-1.043503071031808060e+00
-1.046942137098807679e+00
-1.050516264831311330e+00
-1.054719628143614418e+00
-1.058624336784474318e+00
-1.062670973794354712e+00
-1.066860569645243118e+00
-1.071194185120877052e+00
-1.075672918360009556e+00
-1.080297881638557556e+00
-1.085070201913154175e+00
-1.089991021191472287e+00
-1.095061465851357108e+00
-1.100282641755056412e+00
-1.105655628916927924e+00
-1.111356668066606712e+00
-1.117044186362541991e+00
-1.122886057583212693e+00
-1.129047622615657165e+00
-1.135200201091838723e+00
-1.141507466071760346e+00
-1.147969617604484904e+00
-1.154586727417624470e+00
-1.161358736524675361e+00
-1.168285487964711766e+00
-1.175364432385883395e+00
-1.182599433945859202e+00
-1.189988276910853626e+00
-1.197530721804380915e+00
-1.205226658984093646e+00
-1.213076143051890377e+00
-1.221079216767754883e+00
-1.229235495933240996e+00
-1.237547295302611428e+00
-1.245997643432716240e+00
-1.254608034483184031e+00
-1.263365152141938230e+00
-1.272263424936589615e+00
-1.281300758577108123e+00
-1.290493862925365498e+00
-1.299808833508840022e+00
-1.309254688388899357e+00
-1.318835947961692900e+00
-1.328547247775873297e+00
-1.338385882647119107e+00
-1.348349196283739060e+00
-1.358434537435462719e+00
-1.368638438908830190e+00
-1.378959915616982057e+00
-1.391766381100224992e+00
-1.402379011412263843e+00
-1.413098721224968601e+00
-1.423892216365334695e+00
-1.434816310085561097e+00
-1.445840807505234027e+00
-1.456963719855060679e+00
-1.468238331265985686e+00
-1.479604539889924020e+00
-1.491059154743157089e+00
-1.502600311852586357e+00
-1.514226676953763340e+00
-1.525936775657508848e+00
-1.537724333357111339e+00
-1.549597115498910327e+00
-1.561548827268815387e+00
-1.573577699507354710e+00
-1.585681907606360630e+00
-1.597859645586712674e+00
-1.610109128126974820e+00
-1.622428690647836236e+00
-1.634816682651025754e+00
-1.647270781365360870e+00
-1.659790668334990560e+00
-1.672374543503173383e+00
-1.685020849582012703e+00
-1.697707214997179470e+00
-1.710467405993732815e+00
-1.723516904214881906e+00
-1.736412740878316763e+00
-1.749588810425519281e+00
-1.762594812652231946e+00
-1.775650910751813027e+00
-1.788757465069217067e+00
-1.801913241573308566e+00
-1.815117026830414426e+00
-1.828348431157483356e+00
-1.841646205083344201e+00
-1.854988536577050207e+00
-1.868566209753865559e+00
-1.882294797967992928e+00
-1.895753707902803509e+00
-1.909252193034665979e+00
-1.922779670660678342e+00
-1.936538739503901541e+00
-1.950142784909828952e+00
-1.963787539702555041e+00
-1.977465158490919528e+00
-1.991177518191697748e+00
-2.004927603677243653e+00
-2.018702582698920001e+00
-2.032507318289904497e+00
-2.046340916364414397e+00
-2.060202467501086598e+00
-2.074091079173302266e+00
-2.088005898119713155e+00
-2.101947053058176085e+00
-2.115911237644585885e+00
-2.129951721736088821e+00
-2.143963582250365985e+00
-2.157997074494774292e+00
-2.172038596843647529e+00
-2.186118182616456629e+00
-2.200517626107617808e+00
-2.214675927616604589e+00
-2.228804477167706466e+00
-2.242951738866862499e+00
-2.257113858210887170e+00
-2.271293089730473724e+00
-2.285489185907971788e+00
-2.299698220650499003e+00
-2.313924316362419020e+00
-2.328162409180888126e+00
-2.342413585474919735e+00
-2.356677880260538149e+00
-2.370954919544890238e+00
-2.385244361278562764e+00
-2.399546004204908822e+00
-2.413862164523889575e+00
-2.428186702110652018e+00
-2.442838773618741577e+00
-2.457208281537627936e+00
-2.471562767034633179e+00
-2.485927624724943552e+00
-2.500302625944076595e+00
-2.514687522960127986e+00
-2.529082076906410403e+00
-2.543486085901767613e+00
-2.557899327268209788e+00
-2.572321585703403635e+00
-2.586752681605408721e+00
-2.601192413303539563e+00
-2.615640585395907713e+00
-2.630097037215517908e+00
-2.644610914789942591e+00
-2.659083123025042905e+00
-2.673563088478785321e+00
-2.688050671702648220e+00
-2.702545709170687704e+00
-2.717090343254803475e+00
-2.731599575053296203e+00
-2.746115830321709694e+00
-2.760638962381664285e+00
-2.775168857302590553e+00
-2.789705375948091870e+00
-2.804248382714893406e+00
-2.818797774358628327e+00
-2.833353421984274867e+00
-2.847915199846972722e+00
-2.862483014233318190e+00
-2.877056745396171955e+00
-2.891636286083065333e+00
-2.906221522103577204e+00
-2.920812370937580393e+00
-2.935408723595787528e+00
-2.950010473541564870e+00
-2.964765516746919349e+00
-2.979377126952453381e+00
-2.993993863843419145e+00
-3.008615658982347174e+00
-3.023242416935772781e+00
-3.037874044281731578e+00
-3.052510478676455641e+00
-3.067151630560751130e+00
-3.081797421921196101e+00
