   1.8609923434504469E-048
   3.7942477336548420E-048
   5.8745806933956921E-048
   8.1822380334266359E-048
   1.0805969490462738E-047
   1.3846404824815937E-047
   1.7419864581018863E-047
   2.1662747032913275E-047
   2.6736654421364324E-047
   3.2834448160959526E-047
   4.0187456171322811E-047
   4.9074097056712100E-047
   5.9830236980508824E-047
   7.2861657564141173E-047
   8.8659089189146911E-047
   1.0781635638016350E-046
   1.3105229374929662E-046
   1.5923722622470424E-046
   1.9342497072233219E-046
   2.3489151378546646E-046
   2.8518175792662348E-046
   3.4616601679119306E-046
   4.2010828585430518E-046
   5.0974873323833520E-046
   6.1840335893185051E-046
   7.5008437768644859E-046
   9.0964561219733288E-046
   1.1029580641275206E-045
   1.3371218915217195E-045
   1.6207222987255330E-045
   1.9641383830077719E-045
   2.3799158334625862E-045
   2.8832166058594976E-045
   3.4923613780842837E-045
   4.2294838161497618E-045
   5.1213195602938274E-045
   6.2001575062846701E-045
   7.5049865669982180E-045
   9.0828778435610944E-045
   1.0990650241772018E-044
   1.3296877311532261E-044
   1.6084304792562445E-044
   1.9452762412027136E-044
   2.3522670370350692E-044
   2.8439261235744591E-044
   3.4377662323284220E-044
   4.1549012872657805E-044
   5.0207825432718737E-044
   6.0660842976009024E-044
   7.3277693798162129E-044
   8.8503706876881803E-044
   1.0687532307408046E-043
   1.2903862475813716E-043
   1.5577161096808412E-043
   1.8801097056844854E-043
   2.2688425605713255E-043
   2.7374854069887310E-043
   3.3023685733578568E-043
   3.9831397559600317E-043
   4.8034338367650663E-043
   5.7916771145199600E-043
   6.9820527535094506E-043
   8.4156595657378805E-043
   1.0141902599274586E-042
   1.2220161612657310E-042
   1.4721792616803278E-042
   1.7732528553461620E-042
   2.1355358201025709E-042
   2.5713977970077842E-042
   3.0956929868327959E-042
   3.7262561169389803E-042
   4.4844967918090923E-042
   5.3961116188797764E-042
   6.4919372986732764E-042
   7.8089724042832077E-042
   9.3916009927663064E-042
   1.1293057660064333E-041
   1.3577181374459976E-041
   1.6320514642826420E-041
   1.9614815566815193E-041
   2.3570063475380142E-041
   2.8318054483796721E-041
   3.4016702013536807E-041
   4.0855179590456927E-041
   4.9060069809228324E-041
   5.8902715029022204E-041
   7.0708003123882201E-041
   8.4864866610425077E-041
   1.0183882709446804E-040
   1.2218698085660426E-040
   1.4657589748415018E-040
   1.7580299407047317E-040
   2.1082205539655476E-040
   2.5277369895608983E-040
   3.0302173657225838E-040
   3.6319656629941237E-040
   4.3524694479047555E-040
   5.2150174785276786E-040
   6.2474363324190217E-040
   7.4829688403122894E-040
   8.9613214403253249E-040
   1.0729912716528441E-039
   1.2845361505799371E-039
   1.5375260229754505E-039
   1.8400287749790418E-039
   2.2016726308509477E-039
   2.6339459313070530E-039
   3.1505541194438264E-039
   3.7678447766719009E-039
   4.5053135916992184E-039
   5.3862065675625560E-039
   6.4382366457428363E-039
   7.6944363362880921E-039
   9.1941719877916088E-039
   1.0984350128431019E-038
   1.3120851998019482E-038
   1.5670239135560929E-038
   1.8711780881657045E-038
   2.2339864130365151E-038
   2.6666856892856900E-038
   3.1826510537226179E-038
   3.7978001325405535E-038
   4.5310730528973702E-038
   5.4050024501984906E-038
   6.4463902248632513E-038
   7.6871108988176785E-038
   9.1650650865134343E-038
   1.0925310931366564E-037
   1.3021406488276418E-037
   1.5517002100512267E-037
   1.8487728994904907E-037
   2.2023438803777062E-037
   2.6230858752301673E-037
   3.1236739105488560E-037
   3.7191583479376997E-037
   4.4274069174946371E-037
   5.2696284249007722E-037
   6.2709931134056357E-037
   7.4613673895383236E-037
   8.8761838418763502E-037
   1.0557471283952398E-036
   1.2555074039468567E-036
   1.4928094983006054E-036
   1.7746603096712290E-036
   2.1093653672946677E-036
   2.5067677984580515E-036
   2.9785309493952434E-036
   3.5384725755322717E-036
   4.2029599409832800E-036
   4.9913768459647386E-036
   5.9266755789736085E-036
   7.0360291211419495E-036
   8.3516016754147358E-036
   9.9114588262922129E-036
   1.1760642442842435E-035
   1.3952439919576548E-035
   1.6549882625278802E-035
   1.9627514638408835E-035
   2.3273480152924051E-035
   2.7591986532481646E-035
   3.2706210099540131E-035
   3.8761723633605252E-035
   4.5930538530363070E-035
   5.4415871005100280E-035
   6.4457761037022023E-035
   7.6339695447038623E-035
   9.0396413167981732E-035
   1.0702310209187848E-034
   1.2668623367132418E-034
   1.4993632465726363E-034
   1.7742296608218006E-034
   2.0991251914435276E-034
   2.4830894753622753E-034
   2.9367833776907466E-034
   3.4727775526168597E-034
   4.1058919682355269E-034
   4.8535953252886862E-034
   5.7364748518870757E-034
   6.7787887759468981E-034
   8.0091159100135840E-034
   9.4611192828434054E-034
   1.1174443681104330E-033
   1.3195770395933852E-033
   1.5580056488300104E-033
   1.8391990593988662E-033
   2.1707702800234409E-033
   2.5616772577805067E-033
   3.0224586303866180E-033
   3.5655104748064207E-033
   4.2054111233914240E-033
   4.9593023283052767E-033
   5.8473364696767940E-033
   6.8932011572369902E-033
   8.1247345093726964E-033
   9.5746466545050880E-033
   1.1281365642200154E-032
   1.3290029039263610E-032
   1.5653646093650011E-032
   1.8434459563042755E-032
   2.1705541226470775E-032
   2.5552660844059219E-032
   3.0076475039088492E-032
   3.5395090407695015E-032
   4.1647064300762135E-032
   4.8994917386364665E-032
   5.7629244541590306E-032
   6.7773525132996601E-032
   7.9689750666708381E-032
   9.3685007519266015E-032
   1.1011917546070662E-031
   1.2941392948905629E-031
   1.5206326373499088E-031
   1.7864579259282320E-031
   2.0983912663304183E-031
   2.4643667023282181E-031
   2.8936724536358916E-031
   3.3971801292206037E-031
   3.9876124092030381E-031
   4.6798555954575260E-031
   5.4913244863593587E-031
   6.4423882588974865E-031
   7.5568674694866320E-031
   8.8626139456572652E-031
   1.0392187271947552E-030
   1.2183643818341583E-030
   1.4281456869030275E-030
   1.6737589441703990E-030
   1.9612744910939995E-030
   2.2977824642241578E-030
   2.6915626597139939E-030
   3.1522824390164367E-030
   3.6912272687838739E-030
   4.3215692279949642E-030
   5.0586796788311836E-030
   5.9204932998176138E-030
   6.9279318422275284E-030
   8.1053973191815178E-030
   9.4813459007091715E-030
   1.1088955601350174E-029
   1.2966902949069445E-029
   1.5160266260911245E-029
   1.7721575974612066E-029
   2.0712035757234980E-029
   2.4202941902162475E-029
   2.8277332915829930E-029
   3.3031906279352626E-029
   3.8579245256231811E-029
   4.5050405430953862E-029
   5.2597918549245505E-029
   6.1399280356057078E-029
   7.1660999684871148E-029
   8.3623298264142408E-029
   9.7565564830301168E-029
   1.1381268346794748E-028
   1.3274237497807448E-028
   1.5479371189831754E-028
   1.8047699301920367E-028
   2.1038519238056332E-028
   2.4520723139576716E-028
   2.8574336163298456E-028
   3.3292299068287482E-028
   3.8782533538290808E-028
   4.5170334651140951E-028
   5.2601141813207888E-028
   6.1243747446880221E-028
   7.1294011914070763E-028
   8.2979163765175366E-028
   9.6562776635123794E-028
   1.1235052821274355E-027
   1.3069686297013031E-027
   1.5201269908109322E-027
   1.7677434155688265E-027
   2.0553378851392196E-027
   2.3893064615729702E-027
   2.7770590108385251E-027
   3.2271783653327149E-027
   3.7496042299453684E-027
   4.3558456397033065E-027
   5.0592263570188658E-027
   5.8751682639692290E-027
   6.8215185728593352E-027
   7.9189275615196895E-027
   9.1912845555052388E-027
   1.0666221047254044E-026
   1.2375691184885007E-026
   1.4356641406507621E-026
   1.6651782769320120E-026
   1.9310481560333347E-026
   2.2389786116194365E-026
   2.5955610467858041E-026
   3.0084098512824344E-026
   3.4863195961779248E-026
   4.0394461374687620E-026
   4.6795152270286314E-026
   5.4200627650221892E-026
   6.2767114425091248E-026
   7.2674892279145558E-026
   8.4131959594740151E-026
   9.7378252326833599E-026
   1.1269049834370121E-025
   1.3038780192867400E-025
   1.5083806709352904E-025
   1.7446538434332600E-025
   2.0175852384789392E-025
   2.3328069895117294E-025
   2.6968078796826783E-025
   3.1170622971733273E-025
   3.6021783970731445E-025
   4.1620682992110945E-025
   4.8081435634550981E-025
   5.5535396554401240E-025
   6.4133736549007381E-025
   7.4050400753909035E-025
   8.5485503691455133E-025
   9.8669224966864182E-025
   1.1386627861754617E-024
   1.3138103964515507E-024
   1.5156342328240049E-024
   1.7481562627907746E-024
   2.0159985517417376E-024
   2.3244718442683571E-024
   2.6796770771965357E-024
   3.0886216907769575E-024
   3.5593528706905761E-024
   4.1011101572640475E-024
   4.7245002047593888E-024
   5.4416968687402841E-024
   6.2666702500752745E-024
   7.2154488377871192E-024
   8.3064194784250392E-024
   9.5606705668300624E-024
   1.1002384613348829E-023
   1.2659287208523785E-023
   1.4563160392574014E-023
   1.6750429560085647E-023
   1.9262834308987516E-023
   2.2148195098353249E-023
   2.5461289235984798E-023
   2.9264851601466832E-023
   3.3630717654498901E-023
   3.8641128717034630E-023
   4.4390222291038693E-023
   5.0985733326783719E-023
   5.8550935940894131E-023
   6.7226859156969820E-023
   7.7174814870496171E-023
   8.8579281498548193E-023
   1.0165119274805874E-022
   1.1663168771994308E-022
   1.3379638626853528E-022
   1.5346026227930635E-022
   1.7598319745159362E-022
   2.0177630943416256E-022
   2.3130916093764915E-022
   2.6511797094020386E-022
   3.0381496553846985E-022
   3.4809902463216825E-022
   3.9876780175771271E-022
   4.5673151833244336E-022
   5.2302866070753319E-022
   5.9884383917291261E-022
   6.8552810288521796E-022
   7.8462204413398721E-022
   8.9788207002525918E-022
   1.0273102702264105E-021
   1.1751883666496017E-021
   1.3441162957209271E-021
   1.5370560471653864E-021
   1.7573814661381119E-021
   2.0089348192922966E-021
   2.2960910313968118E-021
   2.6238306189812171E-021
   2.9978224829735609E-021
   3.4245178754133414E-021
   3.9112570283277906E-021
   4.4663901282996643E-021
   5.0994145409938515E-021
   5.8211304391755865E-021
   6.6438172691741174E-021
   7.5814338084084095E-021
   8.6498449250945256E-021
   9.8670785557631529E-021
   1.1253616872551860E-020
   1.2832726126928315E-020
   1.4630830236908338E-020
   1.6677933839202922E-020
   1.9008101265354481E-020
   2.1659998732219692E-020
   2.4677507973846043E-020
   2.8110420597011826E-020
   3.2015223631226966E-020
   3.6455988082403730E-020
   4.1505373806276355E-020
   4.7245765713893091E-020
   5.3770558230480876E-020
   6.1185607076999258E-020
   6.9610869860168886E-020
   7.9182259674706688E-020
   9.0053738977916052E-020
   1.0239968443315732E-019
   1.1641755728146530E-019
   1.3233091814179635E-019
   1.5039283001830384E-019
   1.7088969877293962E-019
   1.9414560647663802E-019
   2.2052719996406559E-019
   2.5044920467697927E-019
   2.8438064259197131E-019
   3.2285184280423531E-019
   3.6646234430812070E-019
   4.1588980282070924E-019
   4.7190002729650658E-019
   5.3535828725855193E-019
   6.0724204942337441E-019
   6.8865532154792643E-019
   7.8084480322475991E-019
   8.8521806777618567E-019
   1.0033640267593770E-018
   1.1370759592396368E-018
   1.2883774223052851E-018
   1.4595513977170152E-018
   1.6531730725887003E-018
   1.8721467001232652E-018
   2.1197470402749751E-018
   2.3996659404471832E-018
   2.7160646837053979E-018
   3.0736328073201604E-018
   3.4776541786760595E-018
   3.9340812097215187E-018
   4.4496181963354687E-018
   5.0318148865270250E-018
   5.6891715126831067E-018
   6.4312566697182941E-018
   7.2688395847182264E-018
   8.2140385064592332E-018
   9.2804871472092929E-018
   1.0483521336885250E-017
   1.1840388303650511E-017
   1.3370481278373003E-017
   1.5095602436344470E-017
   1.7040257541983798E-017
   1.9231986054997612E-017
   2.1701730894210715E-017
   2.4484252543052193E-017
   2.7618592724095782E-017
   3.1148593475336400E-017
   3.5123478134930083E-017
   3.9598501491595380E-017
   4.4635677193268020E-017
   5.0304591436314979E-017
   5.6683312992108404E-017
   6.3859410778579618E-017
   7.1931091464353555E-017
   8.1008471016376280E-017
   9.1214995684356577E-017
   1.0268902967420397E-016
   1.1558562871729005E-016
   1.3007852091406105E-016
   1.4636231864295725E-016
   1.6465498800480207E-016
   1.8520060524772564E-016
   2.0827243292023408E-016
   2.3417635216549148E-016
   2.6325469163734390E-016
   2.9589049803111798E-016
   3.3251229822755851E-016
   3.7359940859889394E-016
   4.1968785318023324E-016
   4.7137695923129324E-016
   5.2933670627385115E-016
   5.9431591306739551E-016
   6.6715135626531569E-016
   7.4877792477214965E-016
   8.4023992520335142E-016
   9.4270366644879398E-016
   1.0574714652871483E-015
   1.1859972304308368E-015
   1.3299037994556433E-015
   1.4910022219551570E-015
   1.6713132031469473E-015
   1.8730909452501908E-015
   2.0988496494826522E-015
   2.3513929697373069E-015
   2.6338467401730775E-015
   2.9496953333917262E-015
   3.3028220439087020E-015
   3.6975539336257416E-015
   4.1387116223811446E-015
   4.6316645578319783E-015
   5.1823923553994142E-015
   5.7975528613167777E-015
   6.4845576605498355E-015
   7.2516558271526357E-015
   8.1080267981892218E-015
   9.0638833444699615E-015
   1.0130585712870138E-014
   1.1320768126859022E-014
   1.2648478955087330E-014
   1.4129335993595044E-014
   1.5780698456631539E-014
   1.7621857435588067E-014
   1.9674246766599164E-014
   2.1961676446604381E-014
   2.4510590956848417E-014
   2.7350355093875162E-014
   3.0513570173179728E-014
   3.4036423762139327E-014
   3.7959076419206250E-014
   4.2326089268400764E-014
   4.7186896624927944E-014
   5.2596328312613469E-014
   5.8615186780428187E-014
   6.5310884637649617E-014
   7.2758148789538786E-014
   8.1039797972525539E-014
   9.0247601165010608E-014
   1.0048322509265644E-013
   1.1185927986161483E-013
   1.2450047264633150E-013
   1.3854488033765702E-013
   1.5414535313006201E-013
   1.7147106220254697E-013
   1.9070920593584913E-013
   2.1206689051925391E-013
   2.3577320234494576E-013
   2.6208149127882986E-013
   2.9127188574743880E-013
   3.2365406260568965E-013
   3.5957029696558064E-013
   3.9939881958902162E-013
   4.4355751209743523E-013
   4.9250797314728540E-013
   5.4675999188643042E-013
   6.0687646846545039E-013
   6.7347882515727620E-013
   7.4725295576583748E-013
   8.2895576551180632E-013
   9.1942235850365669E-013
   1.0195739352727786E-012
   1.1304264687113762E-012
   1.2531002331448534E-012
   1.3888302682429686E-012
   1.5389778670772766E-012
   1.7050431859209819E-012
   1.8886790824212361E-012
   2.0917062986176601E-012
   2.3161301160048295E-012
   2.5641586215158816E-012
   2.8382227360222139E-012
   3.1409981707890410E-012
   3.4754294923943594E-012
   3.8447564930144168E-012
   4.2525430808145322E-012
   4.7027089245814277E-012
   5.1995641078244671E-012
   5.7478470705009298E-012
   6.3527661414368486E-012
   7.0200449915887385E-012
   7.7559723676999710E-012
   8.5674564978428692E-012
   9.4620845950140431E-012
   1.0448187922589515E-011
   1.1534912926293395E-011
   1.2732298981649047E-011
   1.4051363353951199E-011
   1.5504194019921507E-011
   1.7104051056722418E-011
   1.8865477365253802E-011
   2.0804419561027415E-011
   2.2938359937817664E-011
   2.5286460487157319E-011
   2.7869720041070231E-011
   3.0711145696709814E-011
   3.3835939780356759E-011
   3.7271703715113361E-011
   4.1048660272245003E-011
   4.5199895811149329E-011
   4.9761624248107143E-011
   5.4773474640073157E-011
   6.0278804427652705E-011
   6.6325040551965032E-011
   7.2964050844317828E-011
   8.0252548286518916E-011
   8.8252530954381234E-011
   9.7031760688688278E-011
   1.0666428378792127E-010
   1.1723099728671633E-010
   1.2882026467483080E-010
   1.4152858522492192E-010
   1.5546132143534842E-010
   1.7073348945829392E-010
   1.8747061777575375E-010
   2.0580967980828898E-010
   2.2590010659626401E-010
   2.4790488618275835E-010
   2.7200175685409009E-010
   2.9838450196059511E-010
   3.2726435464967870E-010
   3.5887152149851918E-010
   3.9345683473811190E-010
   4.3129354351731550E-010
   4.7267925546875028E-010
   5.1793804071177706E-010
   5.6742271136562346E-010
   6.2151729065234520E-010
   6.8063968674963628E-010
   7.4524458771253715E-010
   8.1582659502605246E-010
   8.9292361468363953E-010
   9.7712052611527438E-010
   1.0690531508198426E-009
   1.1694125441969669E-009
   1.2789496358301917E-009
   1.3984802453544087E-009
   1.5288905030540468E-009
   1.6711427064930441E-009
   1.8262816467826390E-009
   1.9954414405583007E-009
   2.1798529063724164E-009
   2.3808515270270162E-009
   2.5998860423801509E-009
   2.8385277203760420E-009
   3.0984803574818461E-009
   3.3815910633806386E-009
   3.6898618886820075E-009
   4.0254623585862090E-009
   4.3907429798899681E-009
   4.7882497934690606E-009
   5.2207400494343424E-009
   5.6911990875484801E-009
   6.2028585112374279E-009
   6.7592157496468241E-009
   7.3640551087067865E-009
   8.0214704191014372E-009
   8.7358893964126028E-009
   9.5120998365533427E-009
   1.0355277777945494E-008
   1.1271017770761509E-008
   1.2265365402970990E-008
   1.3344852242936670E-008
   1.4516533368932423E-008
   1.5788027667231660E-008
   1.7167561092385051E-008
   1.8664013096003348E-008
   2.0286966443822577E-008
   2.2046760655104918E-008
   2.3954549313552973E-008
   2.6022361514937013E-008
   2.8263167733606375E-008
   3.0690950408015781E-008
   3.3320779564411216E-008
   3.6168893817924931E-008
   3.9252787111597129E-008
   4.2591301576323925E-008
   4.6204726918477928E-008
   5.0114906767053514E-008
   5.4345352438671701E-008
   5.8921364606757724E-008
   6.3870163390709509E-008
   6.9221027412003086E-008
   7.5005442396996498E-008
   8.1257259940784259E-008
   8.8012867082880284E-008
   9.5311367383897547E-008
   1.0319477423276634E-007
   1.1170821715654651E-007
   1.2090016194960139E-007
   1.3082264548587950E-007
   1.4153152612747589E-007
   1.5308675069451664E-007
   1.6555263901590809E-007
   1.7899818713768117E-007
   1.9349739032565816E-007
   2.0912958706210139E-007
   2.2597982530194799E-007
   2.4413925232334530E-007
   2.6370552957955721E-007
   2.8478327403509501E-007
   3.0748452754811889E-007
   3.3192925594412741E-007
   3.5824587951249750E-007
   3.8657183674801468E-007
   4.1705418325398783E-007
   4.4985022782224087E-007
   4.8512820780811375E-007
   5.2306800602592175E-007
   5.6386191150207054E-007
   6.0771542653947568E-007
   6.5484812266812554E-007
   7.0549454818260673E-007
   7.5990519009866822E-007
   8.1834749349681879E-007
   8.8110694136267156E-007
   9.4848819818029305E-007
   1.0208163206872585E-006
   1.0984380393577246E-006
   1.1817231143434420E-006
   1.2710657697717440E-006
   1.3668862104746073E-006
   1.4696322254038640E-006
   1.5797808821743677E-006
   1.6978403173700807E-006
   1.8243516274468864E-006
   1.9598908652708446E-006
   2.1050711475422917E-006
   2.2605448785727041E-006
   2.4270060961054225E-006
   2.6051929451001826E-006
   2.7958902856372292E-006
   2.9999324413378265E-006
   3.2182060949454398E-006
   3.4516533379649801E-006
   3.7012748815154287E-006
   3.9681334358158211E-006
   4.2533572659932225E-006
   4.5581439321757002E-006
   4.8837642221122003E-006
   5.2315662848442717E-006
   5.6029799742420904E-006
   5.9995214115086134E-006
   6.4227977760497904E-006
   6.8745123344056391E-006
   7.3564697172380382E-006
   7.8705814546702101E-006
   8.4188717805783495E-006
   9.0034837167360556E-006
   9.6266854480178193E-006
   1.0290877000168306E-005
   1.0998597231945118E-005
   1.1752531153741143E-005
   1.2555517585085168E-005
   1.3410557163711237E-005
   1.4320820719169610E-005
   1.5289658024229861E-005
   1.6320606937595732E-005
   1.7417402951712588E-005
   1.8583989159694229E-005
   1.9824526655636062E-005
   2.1143405382802827E-005
   2.2545255444387693E-005
   2.4034958891728570E-005
   2.5617662005043295E-005
   2.7298788081890438E-005
   2.9084050748696489E-005
   3.0979467810788943E-005
   3.2991375656453172E-005
   3.5126444230577916E-005
   3.7391692593467544E-005
   3.9794505080382553E-005
   4.2342648077311646E-005
   4.5044287428384104E-005
   4.7908006490193992E-005
   5.0942824848123738E-005
   5.4158217709525421E-005
   5.7564135988334369E-005
   6.1171027095354105E-005
   6.4989856448057816E-005
   6.9032129713298044E-005
   7.3309915795791210E-005
   7.7835870584668879E-005
   8.2623261469713771E-005
   8.7685992638177789E-005
   9.3038631162261140E-005
   9.8696433886437282E-005
   1.0467537512283096E-004
   1.1099217516177339E-004
   1.1766432960351254E-004
   1.2471013951577335E-004
   1.3214874242050280E-004
   1.4000014411167256E-004
   1.4828525130440823E-004
   1.5702590511403389E-004
   1.6624491536179967E-004
   1.7596609570212350E-004
   1.8621429956410982E-004
   1.9701545689791399E-004
   2.0839661171421226E-004
   2.2038596040254685E-004
   2.3301289081171264E-004
   2.4630802207263998E-004
   2.6030324514126382E-004
   2.7503176403588915E-004
   2.9052813774033094E-004
   3.0682832274071641E-004
   3.2396971616041229E-004
   3.4199119945375775E-004
   3.6093318261552971E-004
   3.8083764885899613E-004
   4.0174819971132181E-004
   4.2371010047067935E-004
   4.4677032596498551E-004
   4.7097760654744647E-004
   4.9638247425937165E-004
   5.2303730908557133E-004
   5.5099638522265910E-004
   5.8031591727512617E-004
   6.1105410628863011E-004
   6.4327118552438541E-004
   6.7702946587254789E-004
   7.1239338079685235E-004
   7.4942953069639907E-004
   7.8820672656451218E-004
   8.2879603281812183E-004
   8.7127080916472453E-004
   9.1570675136744305E-004
   9.6218193076195470E-004
   1.0107768323724413E-003
   1.0615743914667473E-003
   1.1146600283841049E-003
   1.1701216814619039E-003
   1.2280498378807755E-003
   1.2885375622405520E-003
   1.3516805226723863E-003
   1.4175770142854896E-003
   1.4863279797398612E-003
   1.5580370267294222E-003
   1.6328104421534703E-003
   1.7107572027470611E-003
   1.7919889819347215E-003
   1.8766201526652262E-003
   1.9647677859790827E-003
   2.0565516450536652E-003
   2.1520941744658682E-003
   2.2515204844058691E-003
   2.3549583295705140E-003
   2.4625380824597224E-003
   2.5743927007947621E-003
   2.6906576887727358E-003
   2.8114710518680479E-003
   2.9369732448878026E-003
   3.0673071129857657E-003
   3.2026178253363449E-003
   3.3430528011692928E-003
   3.4887616278632540E-003
   3.6398959707975563E-003
   3.7966094746597649E-003
   3.9590576559093453E-003
   4.1273977860979529E-003
   4.3017887657504049E-003
   4.4823909885132749E-003
   4.6693661952822412E-003
   4.8628773180252795E-003
   5.0630883130240306E-003
   5.2701639832637270E-003
   5.4842697897102850E-003
   5.7055716512220533E-003
   5.9342357328557643E-003
   6.1704282223361776E-003
   6.4143150944741233E-003
   6.6660618633304219E-003
   6.9258333219390806E-003
   7.1937932694222124E-003
   7.4701042253443022E-003
   7.7549271311762365E-003
   8.0484210387593100E-003
   8.3507427856830563E-003
   8.6620466575143221E-003
   8.9824840368417768E-003
   9.3122030391266115E-003
   9.6513481353793749E-003
   1.0000059761714532E-002
   1.0358473915864230E-002
   1.0726721740768183E-002
   1.1104929095391722E-002
   1.1493216112959368E-002
   1.1891696746832350E-002
   1.2300478304295112E-002
   1.2719660968560148E-002
   1.3149337309341137E-002
   1.3589591782390996E-002
   1.4040500218444501E-002
   1.4502129302055633E-002
   1.4974536040863474E-002
   1.5457767225876167E-002
   1.5951858883408179E-002
   1.6456835719360231E-002
   1.6972710556584832E-002
   1.7499483766132806E-002
   1.8037142693232016E-002
   1.8585661078904348E-002
   1.9144998478183958E-002
   1.9715099675955246E-002
   2.0295894101487511E-002
   2.0887295242798903E-002
   2.1489200062040453E-002
   2.2101488413148723E-002
   2.2724022463071942E-002
   2.3356646117928852E-002
   2.3999184455524576E-002
   2.4651443165687511E-002
   2.5313207999961073E-002
   2.5984244232230603E-002
   2.6664296131915770E-002
   2.7353086451412174E-002
   2.8050315929513878E-002
   2.8755662812595600E-002
   2.9468782395376307E-002
   3.0189306583129294E-002
   3.0916843477241242E-002
   3.1650976986059162E-002
   3.2391266463001986E-002
   3.3137246373933643E-002
   3.3888425995830238E-002
   3.4644289148787859E-002
   3.5404293963441941E-002
   3.6167872685876255E-002
   3.6934431522112905E-002
   3.7703350524273510E-002
   3.8473983520508542E-002
   3.9245658090769117E-002
   4.0017675590502295E-002
   4.0789311224314638E-002
   4.1559814171635845E-002
   4.2328407766372249E-002
   4.3094289732515438E-002
   4.3856632477609153E-002
   4.4614583445940076E-002
   4.5367265533253459E-002
   4.6113777564722798E-002
   4.6853194837841027E-002
   4.7584569731803500E-002
   4.8306932384875038E-002
   4.9019291441131929E-002
   4.9720634867860172E-002
   5.0409930844785837E-002
   5.1086128726178480E-002
   5.1748160076757449E-002
   5.2394939782170274E-002
   5.3025367234687745E-002
   5.3638327594585110E-002
   5.4232693127536605E-002
   5.4807324618161374E-002
   5.5361072859699094E-002
   5.5892780219585367E-002
   5.6401282280533170E-002
   5.6885409556494217E-002
   5.7343989282693103E-002
   5.7775847278698382E-002
   5.8179809883281933E-002
   5.8554705959583508E-002
   5.8899368968881309E-002
   5.9212639111009956E-002
   5.9493365529251468E-002
   5.9740408577255370E-002
   5.9952642145317703E-002
   6.0128956043072002E-002
   6.0268258435413828E-002
   6.0369478328208763E-002
   6.0431568100085098E-002
   6.0453506076346315E-002
   6.0434299140789002E-002
   6.0372985380943926E-002
   6.0268636762022584E-002
   6.0120361824571623E-002
   5.9927308400618336E-002
   5.9688666342822251E-002
   5.9403670260920798E-002
   5.9071602259520628E-002
   5.8691794671065882E-002
   5.8263632777581162E-002
   5.7786557514600545E-002
   5.7260068150474921E-002
   5.6683724934070909E-002
   5.6057151703700771E-002
   5.5380038449953491E-002
   5.4652143824949942E-002
   5.3873297590418617E-002
   5.3043402996844700E-002
   5.2162439085886664E-002
   5.1230462908111257E-002
   5.0247611648100661E-002
   4.9214104648876787E-002
   4.8130245327607513E-002
   4.6996422974528183E-002
   4.5813114427037824E-002
   4.4580885610982376E-002
   4.3300392941182562E-002
   4.1972384573358348E-002
   4.0597701499727176E-002
   3.9177278480676758E-002
   3.7712144805087167E-002
   3.6203424872064002E-002
   3.4652338587069009E-002
   3.3060201565673207E-002
   3.1428425138439561E-002
   2.9758516150723370E-002
   2.8052076551540954E-002
   2.6310802765975052E-002
   2.4536484845998546E-002
   2.2731005394993217E-002
   2.0896338261683158E-002
   1.9034546999667560E-002
   1.7147783089232062E-002
   1.5238283918623783E-002
   1.3308370522533150E-002
   1.1360445076075800E-002
   9.3969881431698009E-003
   7.4205556788115926E-003
   5.4337757853788800E-003
   3.4393452237607915E-003
   1.4400256807600154E-003
  -5.6136020506292465E-004
  -2.5619330562664136E-003
  -4.5587612045403653E-003
  -6.5488653695485967E-003
  -8.5292235635588617E-003
  -1.0496776216051410E-002
  -1.2448431511756617E-002
  -1.4381070934797823E-002
  -1.6291555010851305E-002
  -1.8176729238481265E-002
  -2.0033430200030754E-002
  -2.1858491841702264E-002
  -2.3648751911703271E-002
  -2.5401058544597385E-002
  -2.7112276979264233E-002
  -2.8779296397168749E-002
  -3.0399036866931607E-002
  -3.1968456380523369E-002
  -3.3484557965751151E-002
  -3.4944396859070026E-002
  -3.6345087722170703E-002
  -3.7683811885200098E-002
  -3.8957824598964193E-002
  -4.0164462277936297E-002
  -4.1301149715462858E-002
  -4.2365407252115295E-002
  -4.3354857877783370E-002
  -4.4267234247761023E-002
  -4.5100385592814006E-002
  -4.5852284502975744E-002
  -4.6521033564659406E-002
  -4.7104871830541524E-002
  -4.7602181101626166E-002
  -4.8011492000887418E-002
  -4.8331489817945307E-002
  -4.8561020104365756E-002
  -4.8699093999348964E-002
  -4.8744893265823860E-002
  -4.8697775017279087E-002
  -4.8557276116061573E-002
  -4.8323117224293603E-002
  -4.7995206489111909E-002
  -4.7573642844494175E-002
  -4.7058718912597594E-002
  -4.6450923488266203E-002
  -4.5750943591138342E-002
  -4.4959666070655900E-002
  -4.4078178750172219E-002
  -4.3107771097380884E-002
  -4.2049934409288475E-002
  -4.0906361501101857E-002
  -3.9678945889540809E-002
  -3.8369780462326947E-002
  -3.6981155626872105E-002
  -3.5515556932516602E-002
  -3.3975662162056504E-002
  -3.2364337889702777E-002
  -3.0684635504114467E-002
  -2.8939786696606601E-002
  -2.7133198416216198E-002
  -2.5268447294850373E-002
  -2.3349273547346325E-002
  -2.1379574352881292E-002
  -1.9363396725814587E-002
  -1.7304929885673469E-002
  -1.5208497137666060E-002
  -1.3078547276729108E-002
  -1.0919645529797802E-002
  -8.7364640526019447E-003
  -6.5337719989347880E-003
  -4.3164251819281744E-003
  -2.0893553484671546E-003
   1.4244091059285326E-004
   2.3739135902167132E-003
   4.5999710153483151E-003
   6.8154918723656770E-003
   9.0153374993985069E-003
   1.1194364405784670E-002
   1.3347436989674607E-002
   1.5469440421665757E-002
   1.7555293661218059E-002
   1.9599962571625485E-002
   2.1598473098372744E-002
   2.3545924474897072E-002
   2.5437502419019417E-002
   2.7268492282698672E-002
   2.9034292117208305E-002
   3.0730425615443559E-002
   3.2352554892731394E-002
   3.3896493067345310E-002
   3.5358216601843191E-002
   3.6733877366387620E-002
   3.8019814385398205E-002
   3.9212565229160404E-002
   4.0308877012444524E-002
   4.1305716962747284E-002
   4.2200282521433971E-002
   4.2990010941874886E-002
   4.3672588349592652E-002
   4.4245958230520424E-002
   4.4708329314634893E-002
   4.5058182823557835E-002
   4.5294279052151352E-002
   4.5415663255685100E-002
   4.5421670815831823E-002
   4.5311931660529978E-002
   4.5086373914650979E-002
   4.4745226760405578E-002
   4.4289022488535744E-002
   4.3718597723520124E-002
   4.3035093808318423E-002
   4.2239956336551726E-002
   4.1334933822444082E-002
   4.0322075501393079E-002
   3.9203728256585899E-002
   3.7982532669730833E-002
   3.6661418196651453E-002
   3.5243597471195029E-002
   3.3732559743671398E-002
   3.2132063462795235E-002
   3.0446128012896513E-002
   2.8679024620935037E-002
   2.6835266450649910E-002
   2.4919597903918265E-002
   2.2936983152148364E-002
   2.0892593923224709E-002
   1.8791796572179380E-002
   1.6640138466377685E-002
   1.4443333718520359E-002
   1.2207248303248300E-002
   9.9378845955084213E-003
   7.6413653711214198E-003
   5.3239173121853315E-003
   2.9918540620266745E-003
   6.5155887634672544E-004
  -1.6905330809379403E-003
  -4.0279527469774794E-003
  -6.3542154226773036E-003
  -8.6628392356512887E-003
  -1.0947363749084131E-002
  -1.3201368661047524E-002
  -1.5418492537930300E-002
  -1.7592451524892957E-002
  -1.9717057975713173E-002
  -2.1786238944024365E-002
  -2.3794054477755896E-002
  -2.5734715658612736E-002
  -2.7602602328616641E-002
  -2.9392280446147528E-002
  -3.1098519014498758E-002
  -3.2716306526768796E-002
  -3.4240866871877509E-002
  -3.5667674647697309E-002
  -3.6992469828641968E-002
  -3.8211271736634696E-002
  -3.9320392266110962E-002
  -4.0316448315668087E-002
  -4.1196373381058624E-002
  -4.1957428266537873E-002
  -4.2597210873996059E-002
  -4.3113665031948752E-002
  -4.3505088329207839E-002
  -4.3770138920969440E-002
  -4.3907841278104938E-002
  -4.3917590853613922E-002
  -4.3799157643489954E-002
  -4.3552688622655711E-002
  -4.3178709040109849E-002
  -4.2678122561021964E-002
  -4.2052210247156413E-002
  -4.1302628370732203E-002
  -4.0431405060587053E-002
  -3.9440935783315617E-002
  -3.8333977665891084E-002
  -3.7113642670089257E-002
  -3.5783389632912041E-002
  -3.4347015190971490E-002
  -3.2808643610635742E-002
  -3.1172715549445923E-002
  -2.9443975778020062E-002
  -2.7627459895274372E-002
  -2.5728480073319546E-002
  -2.3752609871842616E-002
  -2.1705668165093374E-002
  -1.9593702227824604E-002
  -1.7422970029579266E-002
  -1.5199921789674125E-002
  -1.2931180847970821E-002
  -1.0623523909147184E-002
  -8.2838607205845544E-003
  -5.9192132462345757E-003
  -3.5366944008526804E-003
  -1.1434864108250987E-003
   1.2531811305849883E-003
   3.6460534443405659E-003
   6.0278729126938962E-003
   8.3914015208813413E-003
   1.0729443321446560E-002
   1.3034866848709357E-002
   1.5300627410733693E-002
   1.7519789186136565E-002
   1.9685547053425425E-002
   2.1791248081051120E-002
   2.3830412607178976E-002
   2.5796754839206158E-002
   2.7684202904333710E-002
   2.9486918284034411E-002
   3.1199314567014171E-002
   3.2816075457261118E-002
   3.4332171976000934E-002
   3.5742878798813264E-002
   3.7043789671830141E-002
   3.8230831853783107E-002
   3.9300279533735619E-002
   4.0248766177564933E-002
   4.1073295759673993E-002
   4.1771252840003464E-002
   4.2340411450119173E-002
   4.2778942756045282E-002
   4.3085421469478281E-002
   4.3258830983149490E-002
   4.3298567210272053E-002
   4.3204441112328240E-002
   4.2976679903772630E-002
   4.2615926926658082E-002
   4.2123240192611565E-002
   4.1500089594071109E-002
   4.0748352791144388E-002
   3.9870309784927588E-002
   3.8868636192539857E-002
   3.7746395243533702E-002
   3.6507028521665770E-002
   3.5154345480277328E-002
   3.3692511763707279E-002
   3.2126036371219545E-002
   3.0459757703903585E-002
   2.8698828538779315E-002
   2.6848699978059172E-002
   2.4915104424994072E-002
   2.2904037641087702E-002
   2.0821739942619079E-002
   1.8674676597360433E-002
   1.6469517485140653E-002
   1.4213116088429472E-002
   1.1912487881440266E-002
   9.5747881883019737E-003
   7.2072895827033027E-003
   4.8173589029821594E-003
   2.4124339579695312E-003
  -4.9206810365720295E-014
  -2.4124339580679386E-003
  -4.8173589030810178E-003
  -7.2072895828019521E-003
  -9.5747881884006465E-003
  -1.1912487881538399E-002
  -1.4213116088526165E-002
  -1.6469517485235900E-002
  -1.8674676597455055E-002
  -2.0821739942712480E-002
  -2.2904037641179677E-002
  -2.4915104425084735E-002
  -2.6848699978148254E-002
  -2.8698828538864775E-002
  -3.0459757703984857E-002
  -3.2126036371296643E-002
  -3.3692511763779770E-002
  -3.5154345480346301E-002
  -3.6507028521729754E-002
  -3.7746395243592315E-002
  -3.8868636192593072E-002
  -3.9870309784975105E-002
  -4.0748352791186514E-002
  -4.1500089594107274E-002
  -4.2123240192641610E-002
  -4.2615926926681903E-002
  -4.2976679903790352E-002
  -4.3204441112339634E-002
  -4.3298567210277680E-002
  -4.3258830983148665E-002
  -4.3085421469471065E-002
  -4.2778942756031092E-002
  -4.2340411450099050E-002
  -4.1771252839975806E-002
  -4.1073295759639437E-002
  -4.0248766177522807E-002
  -3.9300279533686484E-002
  -3.8230831853726159E-002
  -3.7043789671765297E-002
  -3.5742878798740031E-002
  -3.4332171975918896E-002
  -3.2816075457170135E-002
  -3.1199314566915205E-002
  -2.9486918283927785E-002
  -2.7684202904219326E-002
  -2.5796754839083922E-002
  -2.3830412607049111E-002
  -2.1791248080913650E-002
  -1.9685547053280732E-002
  -1.7519789185984513E-002
  -1.5300627410574147E-002
  -1.3034866848543875E-002
  -1.0729443321275260E-002
  -8.3914015207077631E-003
  -6.0278729125176501E-003
  -3.6460534441628933E-003
  -1.2531811304051579E-003
   1.1434864110054068E-003
   3.5366944010327135E-003
   5.9192132464149678E-003
   8.2838607207647713E-003
   1.0623523909327011E-002
   1.2931180848149357E-002
   1.5199921789850676E-002
   1.7422970029754757E-002
   1.9593702227997136E-002
   2.1705668165262686E-002
   2.3752609872008227E-002
   2.5728480073482340E-002
   2.7627459895434060E-002
   2.9443975778176205E-002
   3.1172715549598110E-002
   3.2808643610783492E-002
   3.4347015191114716E-002
   3.5783389633050673E-002
   3.7113642670224226E-002
   3.8333977666020619E-002
   3.9440935783440288E-002
   4.0431405060705930E-002
   4.1302628370846493E-002
   4.2052210247265583E-002
   4.2678122561125950E-002
   4.3178709040208117E-002
   4.3552688622747790E-002
   4.3799157643575941E-002
   4.3917590853693213E-002
   4.3907841278176901E-002
   4.3770138921032695E-002
   4.3505088329261893E-002
   4.3113665031993209E-002
   4.2597210874030358E-002
   4.1957428266561077E-002
   4.1196373381070489E-002
   4.0316448315668559E-002
   3.9320392266101171E-002
   3.8211271736614802E-002
   3.6992469828610902E-002
   3.5667674647654572E-002
   3.4240866871823233E-002
   3.2716306526703653E-002
   3.1098519014423717E-002
   2.9392280446061781E-002
   2.7602602328521131E-002
   2.5734715658507976E-002
   2.3794054477642167E-002
   2.1786238943901366E-002
   1.9717057975582455E-002
   1.7592451524754266E-002
   1.5418492537785334E-002
   1.3201368660896386E-002
   1.0947363748928152E-002
   8.6628392354901468E-003
   6.3542154225107216E-003
   4.0279527468070671E-003
   1.6905330807628798E-003
  -6.5155887652602234E-004
  -2.9918540622103857E-003
  -5.3239173123725740E-003
  -7.6413653713103642E-003
  -9.9378845956992357E-003
  -1.2207248303440039E-002
  -1.4443333718712561E-002
  -1.6640138466570423E-002
  -1.8791796572371781E-002
  -2.0892593923415852E-002
  -2.2936983152338167E-002
  -2.4919597904106371E-002
  -2.6835266450835830E-002
  -2.8679024621118526E-002
  -3.0446128013077518E-002
  -3.2132063462973877E-002
  -3.3732559743847347E-002
  -3.5243597471366885E-002
  -3.6661418196818625E-002
  -3.7982532669892877E-002
  -3.9203728256741961E-002
  -4.0322075501542556E-002
  -4.1334933822586198E-002
  -4.2239956336686556E-002
  -4.3035093808447146E-002
  -4.3718597723641575E-002
  -4.4289022488649403E-002
  -4.4745226760510202E-002
  -4.5086373914746604E-002
  -4.5311931660616790E-002
  -4.5421670815909525E-002
  -4.5415663255752546E-002
  -4.5294279052207495E-002
  -4.5058182823601481E-002
  -4.4708329314665778E-002
  -4.4245958230538063E-002
  -4.3672588349595740E-002
  -4.2990010941863853E-002
  -4.2200282521407964E-002
  -4.1305716962706518E-002
  -4.0308877012389242E-002
  -3.9212565229089995E-002
  -3.8019814385313336E-002
  -3.6733877366288158E-002
  -3.5358216601729511E-002
  -3.3896493067218821E-002
  -3.2352554892591409E-002
  -3.0730425615291115E-002
  -2.9034292117043621E-002
  -2.7268492282521109E-002
  -2.5437502418830943E-002
  -2.3545924474697527E-002
  -2.1598473098163005E-002
  -1.9599962571405422E-002
  -1.7555293660988847E-002
  -1.5469440421427109E-002
  -1.3347436989427777E-002
  -1.1194364405530084E-002
  -9.0153374991365810E-003
  -6.8154918720955216E-003
  -4.5999710150718852E-003
  -2.3739135899341146E-003
  -1.4244091030505605E-004
   2.0893553487598428E-003
   4.3164251822247575E-003
   6.5337719992349186E-003
   8.7364640529053739E-003
   1.0919645530104114E-002
   1.3078547277038274E-002
   1.5208497137977273E-002
   1.7304929885986590E-002
   1.9363396726128707E-002
   2.1379574353196488E-002
   2.3349273547660639E-002
   2.5268447295163411E-002
   2.7133198416526307E-002
   2.8939786696914278E-002
   3.0684635504418759E-002
   3.2364337890002995E-002
   3.3975662162351858E-002
   3.5515556932809035E-002
   3.6981155627160839E-002
   3.8369780462610921E-002
   3.9678945889818976E-002
   4.0906361501372314E-002
   4.2049934409550169E-002
   4.3107771097633536E-002
   4.4078178750415975E-002
   4.4959666070889109E-002
   4.5750943591360664E-002
   4.6450923488476424E-002
   4.7058718912795491E-002
   4.7573642844679728E-002
   4.7995206489285347E-002
   4.8323117224454717E-002
   4.8557276116210718E-002
   4.8697775017417164E-002
   4.8744893265949239E-002
   4.8699093999463740E-002
   4.8561020104468847E-002
   4.8331489818038420E-002
   4.8011492000970622E-002
   4.7602181101698789E-002
   4.7104871830602912E-002
   4.6521033564710240E-002
   4.5852284503016871E-002
   4.5100385592844586E-002
   4.4267234247781763E-002
   4.3354857877794986E-002
   4.2365407252117238E-002
   4.1301149715454719E-002
   4.0164462277919671E-002
   3.8957824598938470E-002
   3.7683811885165390E-002
   3.6345087722126058E-002
   3.4944396859016583E-002
   3.3484557965688132E-002
   3.1968456380451191E-002
   3.0399036866849621E-002
   2.8779296397076947E-002
   2.7112276979164480E-002
   2.5401058544489385E-002
   2.3648751911587735E-002
   2.1858491841579102E-002
   2.0033430199900063E-002
   1.8176729238344097E-002
   1.6291555010707354E-002
   1.4381070934647125E-002
   1.2448431511598591E-002
   1.0496776215885196E-002
   8.5292235633860278E-003
   6.5488653693696122E-003
   4.5587612043554299E-003
   2.5619330560769258E-003
   5.6136020486864853E-004
  -1.4400256809588478E-003
  -3.4393452239641418E-003
  -5.4337757855873713E-003
  -7.4205556790248716E-003
  -9.3969881433879979E-003
  -1.1360445076298744E-002
  -1.3308370522761839E-002
  -1.5238283918856821E-002
  -1.7147783089468766E-002
  -1.9034546999907944E-002
  -2.0896338261926235E-002
  -2.2731005395239725E-002
  -2.4536484846248808E-002
  -2.6310802766229581E-002
  -2.8052076551800000E-002
  -2.9758516150987235E-002
  -3.1428425138708478E-002
  -3.3060201565947960E-002
  -3.4652338587349014E-002
  -3.6203424872348740E-002
  -3.7712144805377337E-002
  -3.9177278480971509E-002
  -4.0597701500025243E-002
  -4.1972384573659628E-002
  -4.3300392941486819E-002
  -4.4580885611289658E-002
  -4.5813114427347999E-002
  -4.6996422974842120E-002
  -4.8130245327924391E-002
  -4.9214104649195317E-002
  -5.0247611648420870E-002
  -5.1230462908434048E-002
  -5.2162439086211099E-002
  -5.3043402997169704E-002
  -5.3873297590742490E-002
  -5.4652143825272871E-002
  -5.5380038450274359E-002
  -5.6057151704019190E-002
  -5.6683724934386413E-002
  -5.7260068150785701E-002
  -5.7786557514905502E-002
  -5.8263632777880756E-002
  -5.8691794671360639E-002
  -5.9071602259810778E-002
  -5.9403670261206742E-002
  -5.9688666343105538E-002
  -5.9927308400897890E-002
  -6.0120361824849151E-002
  -6.0268636762297781E-002
  -6.0372985381217929E-002
  -6.0434299141060556E-002
  -6.0453506076616342E-002
  -6.0431568100351621E-002
  -6.0369478328471761E-002
  -6.0268258435672330E-002
  -6.0128956043326444E-002
  -5.9952642145566663E-002
  -5.9740408577497746E-002
  -5.9493365529485975E-002
  -5.9212639111237232E-002
  -5.8899368969100120E-002
  -5.8554705959792445E-002
  -5.8179809883480663E-002
  -5.7775847278885989E-002
  -5.7343989282868504E-002
  -5.6885409556657100E-002
  -5.6401282280682780E-002
  -5.5892780219723368E-002
  -5.5361072859825333E-002
  -5.4807324618278620E-002
  -5.4232693127644165E-002
  -5.3638327594682983E-002
  -5.3025367234776355E-002
  -5.2394939782249204E-002
  -5.1748160076826241E-002
  -5.1086128726239272E-002
  -5.0409930844838385E-002
  -4.9720634867906247E-002
  -4.9019291441171370E-002
  -4.8306932384909726E-002
  -4.7584569731834246E-002
  -4.6853194837867783E-002
  -4.6113777564745578E-002
  -4.5367265533272680E-002
  -4.4614583445955452E-002
  -4.3856632477620873E-002
  -4.3094289732523113E-002
  -4.2328407766375989E-002
  -4.1559814171636796E-002
  -4.0789311224312834E-002
  -4.0017675590496418E-002
  -3.9245658090759528E-002
  -3.8473983520495379E-002
  -3.7703350524255955E-002
  -3.6934431522091048E-002
  -3.6167872685849853E-002
  -3.5404293963410889E-002
  -3.4644289148752672E-002
  -3.3888425995791824E-002
  -3.3137246373891781E-002
  -3.2391266462957632E-002
  -3.1650976986013157E-002
  -3.0916843477194547E-002
  -3.0189306583082082E-002
  -2.9468782395328682E-002
  -2.8755662812548065E-002
  -2.8050315929466059E-002
  -2.7353086451364448E-002
  -2.6664296131869356E-002
  -2.5984244232186364E-002
  -2.5313207999918607E-002
  -2.4651443165647366E-002
  -2.3999184455486280E-002
  -2.3356646117892510E-002
  -2.2724022463037334E-002
  -2.2101488413116131E-002
  -2.1489200062009821E-002
  -2.0887295242769732E-002
  -2.0295894101459589E-002
  -1.9715099675928782E-002
  -1.9144998478158464E-002
  -1.8585661078880832E-002
  -1.8037142693209850E-002
  -1.7499483766111705E-002
  -1.6972710556565216E-002
  -1.6456835719342183E-002
  -1.5951858883391377E-002
  -1.5457767225861098E-002
  -1.4974536040851178E-002
  -1.4502129302044958E-002
  -1.4040500218435474E-002
  -1.3589591782383354E-002
  -1.3149337309334859E-002
  -1.2719660968555625E-002
  -1.2300478304292477E-002
  -1.1891696746830611E-002
  -1.1493216112959009E-002
  -1.1104929095392775E-002
  -1.0726721740770464E-002
  -1.0358473915867883E-002
  -1.0000059761718949E-002
  -9.6513481353841819E-003
  -9.3122030391314982E-003
  -8.9824840368464692E-003
  -8.6620466575191308E-003
  -8.3507427856880142E-003
  -8.0484210387652046E-003
  -7.7549271311825327E-003
  -7.4701042253505550E-003
  -7.1937932694288399E-003
  -6.9258333219460663E-003
  -6.6660618633380270E-003
  -6.4143150944824274E-003
  -6.1704282223456926E-003
  -5.9342357328653174E-003
  -5.7055716512313072E-003
  -5.4842697897193775E-003
  -5.2701639832721343E-003
  -5.0630883130324666E-003
  -4.8628773180339618E-003
  -4.6693661952909591E-003
  -4.4823909885222364E-003
  -4.3017887657590030E-003
  -4.1273977861068407E-003
  -3.9590576559185775E-003
  -3.7966094746684992E-003
  -3.6398959708059857E-003
  -3.4887616278714839E-003
  -3.3430528011770882E-003
  -3.2026178253441633E-003
  -3.0673071129934787E-003
  -2.9369732448951661E-003
  -2.8114710518748706E-003
  -2.6906576887790220E-003
  -2.5743927008012356E-003
  -2.4625380824661405E-003
  -2.3549583295766684E-003
  -2.2515204844115468E-003
  -2.1520941744712589E-003
  -2.0565516450583039E-003
  -1.9647677859839213E-003
  -1.8766201526697645E-003
  -1.7919889819391264E-003
  -1.7107572027515886E-003
  -1.6328104421579836E-003
  -1.5580370267340965E-003
  -1.4863279797441376E-003
  -1.4175770142895643E-003
  -1.3516805226761056E-003
  -1.2885375622437641E-003
  -1.2280498378836005E-003
  -1.1701216814647526E-003
  -1.1146600283868289E-003
  -1.0615743914695512E-003
  -1.0107768323755670E-003
  -9.6218193076487240E-004
  -9.1570675136975848E-004
  -8.7127080916700505E-004
  -8.2879603281978858E-004
  -7.8820672656618955E-004
  -7.4942953069790166E-004
  -7.1239338079942527E-004
  -6.7702946587556718E-004
  -6.4327118552784824E-004
  -6.1105410629228322E-004
  -5.8031591727809482E-004
  -5.5099638522545960E-004
  -5.2303730908816876E-004
  -4.9638247426155328E-004
  -4.7097760655033792E-004
  -4.4677032596780427E-004
  -4.2371010047299369E-004
  -4.0174819971347525E-004
  -3.8083764886079243E-004
  -3.6093318261713362E-004
  -3.4199119945490332E-004
  -3.2396971616120197E-004
  -3.0682832274148115E-004
  -2.9052813774116637E-004
  -2.7503176403727075E-004
  -2.6030324514245254E-004
  -2.4630802207372857E-004
  -2.3301289081213800E-004
  -2.2038596040247846E-004
  -2.0839661171391500E-004
  -1.9701545689809307E-004
  -1.8621429956510816E-004
  -1.7596609570290860E-004
  -1.6624491536317652E-004
  -1.5702590511544980E-004
  -1.4828525130550254E-004
  -1.4000014411236732E-004
  -1.3214874242106084E-004
  -1.2471013951683243E-004
  -1.1766432960432020E-004
  -1.1099217516258604E-004
  -1.0467537512429585E-004
  -9.8696433887737362E-005
  -9.3038631163475352E-005
  -8.7685992639646151E-005
  -8.2623261471928336E-005
  -7.7835870586879635E-005
  -7.3309915797423693E-005
  -6.9032129714421319E-005
  -6.4989856448990961E-005
  -6.1171027096395210E-005
  -5.7564135989094991E-005
  -5.4158217709857519E-005
  -5.0942824848384211E-005
  -4.7908006490400390E-005
  -4.5044287428304882E-005
  -4.2342648077336366E-005
  -3.9794505080586708E-005
  -3.7391692593941272E-005
  -3.5126444230518326E-005
  -3.2991375656333808E-005
  -3.0979467810273866E-005
  -2.9084050748394292E-005
  -2.7298788081870384E-005
  -2.5617662004835951E-005
  -2.4034958891846290E-005
  -2.2545255444429249E-005
  -2.1143405383135233E-005
  -1.9824526655774437E-005
  -1.8583989159799159E-005
  -1.7417402951979512E-005
  -1.6320606937645907E-005
  -1.5289658024297810E-005
  -1.4320820719629027E-005
  -1.3410557163934444E-005
  -1.2555517585485037E-005
  -1.1752531153843738E-005
  -1.0998597232023951E-005
  -1.0290877000165960E-005
  -9.6266854487436875E-006
  -9.0034837173256431E-006
  -8.4188717809116214E-006
  -7.8705814546262304E-006
  -7.3564697167442129E-006
  -6.8745123339537707E-006
  -6.4227977764926675E-006
  -5.9995214118220071E-006
  -5.6029799747221709E-006
  -5.2315662855835384E-006
  -4.8837642221140307E-006
  -4.5581439317755017E-006
  -4.2533572652438007E-006
  -3.9681334350409858E-006
  -3.7012748809061685E-006
  -3.4516533376420052E-006
  -3.2182060946596636E-006
  -2.9999324418092694E-006
  -2.7958902857040284E-006
  -2.6051929446496140E-006
  -2.4270060951644188E-006
  -2.2605448775934997E-006
  -2.1050711471374591E-006
  -1.9598908653764501E-006
  -1.8243516272287565E-006
  -1.6978403170943113E-006
  -1.5797808818950776E-006
  -1.4696322247506506E-006
  -1.3668862103876761E-006
  -1.2710657700585506E-006
  -1.1817231147816226E-006
  -1.0984380393209844E-006
  -1.0208163207183358E-006
  -9.4848819830714428E-007
  -8.8110694176645936E-007
  -8.1834749399479221E-007
  -7.5990519063054668E-007
  -7.0549454846669184E-007
  -6.5484812296907095E-007
  -6.0771542701889442E-007
  -5.6386191177856507E-007
  -5.2306800586471677E-007
  -4.8512820773387481E-007
  -4.4985022801125940E-007
  -4.1705418362125999E-007
  -3.8657183671107631E-007
  -3.5824587954473854E-007
  -3.3192925561935137E-007
  -3.0748452760990767E-007
  -2.8478327406519602E-007
  -2.6370552997850422E-007
  -2.4413925218443010E-007
  -2.2597982560531080E-007
  -2.0912958746034394E-007
  -1.9349739043728972E-007
  -1.7899818751489345E-007
  -1.6555263908041028E-007
  -1.5308675072045842E-007
  -1.4153152591623517E-007
  -1.3082264576440874E-007
  -1.2090016212655883E-007
  -1.1170821761162415E-007
  -1.0319477417944093E-007
  -9.5311367153558980E-008
  -8.8012866520030292E-008
  -8.1257259767121514E-008
  -7.5005442071490154E-008
  -6.9221027539350744E-008
  -6.3870163221496149E-008
  -5.8921364758501883E-008
  -5.4345352046796540E-008
  -5.0114906711651141E-008
  -4.6204726770210223E-008
  -4.2591301298123040E-008
  -3.9252786946106552E-008
  -3.6168893567581604E-008
  -3.3320779152840839E-008
  -3.0690950185344061E-008
  -2.8263167382232333E-008
  -2.6022360939000944E-008
  -2.3954549228699535E-008
  -2.2046761013499246E-008
  -2.0286967303928707E-008
  -1.8664013447522458E-008
  -1.7167561175363287E-008
  -1.5788027786890280E-008
  -1.4516533605037635E-008
  -1.3344852692808800E-008
  -1.2265365411095601E-008
  -1.1271017669165625E-008
  -1.0355277880254845E-008
  -9.5120998015308199E-009
  -8.7358891611187482E-009
  -8.0214698650304503E-009
  -7.3640546937270790E-009
  -6.7592159168904926E-009
  -6.2028588376774671E-009
  -5.6911993423505465E-009
  -5.2207403283065904E-009
  -4.7882500927409573E-009
  -4.3907431546678996E-009
  -4.0254625533383561E-009
  -3.6898615725675311E-009
  -3.3815907995018863E-009
  -3.0984799272356792E-009
  -2.8385275657791594E-009
  -2.5998854458197195E-009
  -2.3808511959922670E-009
  -2.1798528408803860E-009
  -1.9954417082563982E-009
  -1.8262820935249003E-009
  -1.6711431167295650E-009
  -1.5288907874855092E-009
  -1.3984805022886151E-009
  -1.2789496486043158E-009
  -1.1694125259280040E-009
  -1.0690532999731846E-009
  -9.7712033126600040E-010
  -8.9292302788026015E-010
  -8.1582601551518845E-010
  -7.4524460252386714E-010
  -6.8064010719115480E-010
  -6.2151789934770222E-010
  -5.6742279846050237E-010
  -5.1793757717009182E-010
  -4.7267887184034803E-010
  -4.3129307245729220E-010
  -3.9345657005472790E-010
  -3.5887159464262778E-010
  -3.2726482835979775E-010
  -2.9838551083201915E-010
  -2.7200247652533920E-010
  -2.4790506025362923E-010
  -2.2590028257341205E-010
  -2.0580984379962891E-010
  -1.8747103892629793E-010
  -1.7073396644556566E-010
  -1.5546193255119871E-010
  -1.4152923285430668E-010
  -1.2882053335422939E-010
  -1.1723102223186894E-010
  -1.0666422745234155E-010
  -9.7031601283194498E-011
  -8.8252241548350022E-011
  -8.0252152275006672E-011
  -7.2963425701498408E-011
  -6.6324131347894262E-011
  -6.0278401767912784E-011
  -5.4772966701812862E-011
  -4.9761554607709101E-011
  -4.5199639621273284E-011
  -4.1048565433407753E-011
  -3.7271512110657073E-011
  -3.3835827026308632E-011
  -3.0710684448279376E-011
  -2.7869431188353411E-011
  -2.5286384569121898E-011
  -2.2938300060209157E-011
  -2.0804496265719573E-011
  -1.8864847363304129E-011
  -1.7103908122548386E-011
  -1.5504323735698591E-011
  -1.4051677061056025E-011
  -1.2732078000887642E-011
  -1.1535041930517716E-011
  -1.0448043274592470E-011
  -9.4617347969470220E-012
  -8.5672034052953862E-012
  -7.7558626766993662E-012
  -7.0199384862875996E-012
  -6.3530152301825038E-012
  -5.7479304527017637E-012
  -5.1997684214596961E-012
  -4.7030185574179254E-012
  -4.2528129242644070E-012
  -3.8448384804474726E-012
  -3.4754277098356046E-012
  -3.1407082477934441E-012
  -2.8380633779248816E-012
  -2.5639732585671273E-012
  -2.3157580760246251E-012
  -2.0917513990827454E-012
  -1.8885354535528455E-012
  -1.7050221760601713E-012
  -1.5392497197971307E-012
  -1.3893201895303727E-012
  -1.2534538857568632E-012
  -1.1303893883392959E-012
  -1.0192734575187968E-012
  -9.1891178025297452E-013
  -8.2913712600194230E-013
  -7.4731379659726365E-013
  -6.7366795534127074E-013
  -6.0735451921177349E-013
  -5.4725120664693755E-013
  -4.9273054011675867E-013
  -4.4344450925826369E-013
  -3.9936561469576208E-013
  -3.5957816307057890E-013
  -3.2386624654543584E-013
  -2.9161586603286503E-013
  -2.6208416752058198E-013
  -2.3568060946083656E-013
  -2.1213174829591444E-013
  -1.9076530755886597E-013
  -1.7135506269087608E-013
  -1.5417899463039473E-013
  -1.3888355470852100E-013
  -1.2460516048336870E-013
  -1.1185175853304618E-013
  -1.0022515074488146E-013
  -9.0171227411048908E-014
  -8.1009246609547076E-014
  -7.2884111696598522E-014
  -6.5723472649056807E-014
  -5.8505160177784656E-014
  -5.2157715461441425E-014
  -4.6739951720111034E-014
  -4.1720248296170289E-014
  -3.7588270793449876E-014
  -3.3892458721681978E-014
  -3.0492346385022300E-014
  -2.7636625315926428E-014
  -2.4857171978876806E-014
  -2.1753268536772281E-014
  -1.9507130674922783E-014
  -1.7970816488733911E-014
  -1.5578638744758015E-014
  -1.4205399316705791E-014
  -1.2404902803514451E-014
  -1.1120372783695095E-014
  -1.0045870669796492E-014
  -9.1400530065555060E-015
  -8.1253089220809769E-015
  -7.2718887357874758E-015
  -6.1257167678751182E-015
  -5.9437229147804022E-015
  -5.2682557315916217E-015
  -4.5270328197663512E-015
  -3.9897615029533541E-015
  -3.7739690892338356E-015
  -3.5634110150346514E-015
  -2.8093083534273965E-015
  -2.6913215184367584E-015
  -2.5027320497046295E-015
  -2.4045956870469860E-015
  -2.0278372139514981E-015
  -1.4874013318992126E-015
  -1.2428943428231478E-015
  -8.2769116317756361E-016
  -1.0282316282946682E-015
  -8.3667211455177560E-016
  -8.8292609588063949E-016
  -9.5181010205342501E-016
  -1.1099392558921182E-015
  -1.0160290142351351E-015
  -9.4336268434944428E-016
  -8.6589413067017373E-016
  -4.6612441192873894E-016
  -2.4273493423353841E-016
  -7.0488944835726402E-016
  -4.4742284637135872E-016
  -2.1345016216459066E-016
  -6.1503426820648329E-016
  -5.2073668300380085E-016
  -5.1160694171779876E-016
   6.1085703437618053E-017
  -5.6381671274657293E-016
  -3.8803395002600632E-016
  -3.8077301705181530E-016
   2.0583032752596860E-017
   2.1661510720837854E-017
   6.4415000511336059E-017
   1.1212388817285100E-017
  -8.4013254187413686E-017
  -4.6858894568043560E-016
  -3.5309966435743623E-016
  -2.2543127602741684E-016
   4.2453075560731201E-018
  -1.2161578497555006E-016
  -2.5028243922906463E-016
  -1.3462106171333278E-016
  -2.2989799656140079E-016
  -1.8203922909835514E-016
  -2.5179617942061476E-016
   8.1069275603668140E-017
   1.7517786700329773E-016
   3.3899250715872172E-016
   4.1260861289638813E-016
   2.8490676895362859E-016
   9.7205850513853752E-017
  -3.8328444052154797E-016
   3.3279495529096688E-017
   2.5606761591657494E-017
   4.5735600554719428E-016
   2.7464861759735183E-016
   4.5763392326738396E-016
  -8.5119538861449504E-017
   1.6762280306696835E-016
   3.8267578296699627E-017
   9.1630321551496685E-017
   1.4817723427417528E-017
   9.6401425694381636E-017
   1.0510626943351219E-016
   2.8747100261193382E-016
   2.2740600091702739E-016
  -2.1225685583977029E-017
   1.3254823743105984E-017
   2.4779358785083950E-016
   1.9669174871994453E-016
   1.9196517408427586E-016
   9.3173388711581796E-017
   2.0185828930732077E-016
  -1.5811351227013190E-016
   1.3696822205127061E-016
  -3.3455144176890429E-016
  -1.7907809262850548E-016
   7.2367150437963669E-017
   7.4428528691874845E-017
   2.5648325356067599E-018
   3.1787717575218086E-016
  -4.1622682276622611E-017
   6.2159034072415671E-017
   1.8258362214389960E-016
   2.7477537446918826E-016
   6.9483026868515077E-017
   5.2848794397414350E-016
  -9.4798990296934164E-017
  -2.5897998750681350E-017
   2.9018128594721806E-016
  -2.7700217666975557E-016
  -5.1392212993385903E-016
  -3.0120893316327091E-016
  -1.1532700702544962E-016
   1.9179182004772655E-016
  -2.5774057855050513E-016
  -7.5667308176553351E-017
  -2.2398613438469003E-017
  -5.7922129400424320E-017
  -7.7129163108753753E-017
  -1.4304771052293374E-016
  -3.8989931905071620E-016
  -3.0438641129399675E-016
  -2.5930556355767510E-016
   4.0752600378723428E-017
  -9.4286756477204530E-017
   1.0447147880461716E-016
  -1.1709255130642964E-016
  -2.6200866851586680E-017
  -2.4205187657408804E-016
  -2.0817668953609675E-016
   2.6247282174765407E-017
  -6.7958605830771338E-017
   2.5390055981908914E-016
  -1.3901607229738749E-016
  -8.2281025064696101E-017
  -2.0599228219956410E-016
  -6.4787943837348795E-017
   1.2114649732538637E-016
   9.6264700656641841E-017
   1.1668597201394088E-016
  -5.3176777839933048E-017
   1.7047735863158278E-016
   8.4764267209123976E-018
   1.8829133130321245E-016
   9.7328853911088964E-017
  -1.9201176265285345E-016
   2.9638267331817632E-017
   2.5433068122015641E-016
   3.2508778359693182E-016
  -1.0592505105196152E-016
  -3.1367903394151524E-016
   3.1375819004653328E-017
   2.9529571949363035E-016
   1.8783244846072640E-016
   1.3168894002414190E-016
  -9.0726391161495852E-017
   2.7221245265216544E-016
   9.3576659822514462E-017
  -6.9732661572158705E-017
  -7.9437218993470811E-017
  -3.1709773395804614E-017
  -1.0876116990933675E-016
   3.2895488344656346E-018
  -8.3890735502912025E-017
   3.3694443482992228E-017
   6.3597716765906212E-017
   2.8457784669708433E-016
   2.2356016914302928E-016
   2.9246873963351132E-016
  -2.1943555924348590E-016
  -4.6425852899367119E-016
  -2.0362185054989330E-016
   1.9944959739254367E-017
  -1.6472027746572862E-016
  -1.4001550692955104E-016
   3.7582758339923349E-017
  -9.2075985406792401E-017
  -5.3729489667926943E-017
  -2.5187497586971616E-017
  -3.3262722819049592E-017
  -1.7757727439983619E-016
   3.8967872944761532E-016
   5.5044020278937695E-016
  -2.3582598283619532E-017
   1.2861416579288316E-016
   2.1253440250119874E-016
   1.2201554652735765E-016
   3.0557285471709664E-017
   2.9553414182426533E-016
   2.8132233992222408E-017
  -1.1369253136149409E-016
   1.4934920452021985E-016
   3.7723122943067020E-016
   1.3015562623339867E-017
  -2.5142694788650120E-016
   2.1838240932722875E-016
  -7.3135939282614449E-017
   1.1942030809470902E-016
  -1.4919624253126590E-017
   2.4550988699582158E-016
  -3.1744106411634858E-016
  -1.8250642018234987E-016
  -1.8605848981524376E-016
  -4.3999587932121580E-017
  -4.5440538867326944E-016
   2.8234350162814063E-018
  -1.7000639834496832E-016
   2.3925932373162195E-016
  -6.4040704028546180E-017
  -2.3141278988861590E-017
   3.5834776944699748E-017
  -1.6071100517415899E-016
   2.8923814889491580E-016
  -7.1828741023774851E-017
   1.3523612238502748E-016
  -2.2133095354915666E-017
  -5.6510068928575299E-017
  -1.7290687828433563E-016
   2.4315058094168832E-016
   8.6253119582369507E-017
   2.4144516887637408E-016
   2.1788937845929555E-016
   2.8263962633772307E-016
   1.3859420098229377E-016
   5.9250441185874799E-017
   5.4776932186555343E-017
   1.5799457984263592E-016
   3.2512514846523463E-017
  -1.0516673402955335E-017
  -1.7479226432974735E-016
  -1.6754982175686627E-016
   4.2525063755244370E-018
  -7.1312990900513749E-017
   1.1673535126718597E-016
   2.4359685202815737E-016
   1.8859845587171611E-016
   1.4144799959572375E-016
   1.2685257122175566E-016
  -8.6491627687415421E-017
   2.5467793368639134E-016
  -2.3797614500216451E-016
   5.4269616818867400E-017
  -1.1475459434880588E-016
   2.1878570399383543E-017
  -2.2756153982147408E-016
  -4.3788893670162871E-017
   1.0675339972301617E-016
  -1.3836318735061783E-016
  -9.1926170177929533E-017
   2.0072811468853610E-016
   8.7152169825560926E-017
  -2.3760469947892414E-016
  -4.1645178305961987E-016
   1.4327680600439922E-016
  -7.4907242350823343E-017
  -7.6940467904947103E-017
  -6.8908099092579172E-017
   2.3102483481148716E-016
   1.0706422278597923E-017
  -1.8109729951705967E-016
   9.1347377592613909E-017
  -1.4247784882376921E-016
  -3.5334162399723319E-016
  -3.0056389511137546E-016
  -1.1913816953931150E-017
   9.8512945013732944E-017
   4.2184562332222705E-016
   1.2584008566493295E-016
  -3.3503463213244002E-016
  -1.8805794812634128E-016
   6.4578703736500007E-018
   2.8631330937827830E-017
   8.2846442112890588E-017
  -1.1187773245506968E-016
   1.7595009431065805E-016
  -9.8014875580340340E-017
  -1.3557166203032496E-016
   1.7594079409356834E-016
   2.6631251376065067E-017
  -2.1624584459655420E-016
   2.4173320635229371E-016
   2.3431597145615481E-016
  -1.4476787154262620E-016
  -4.2934303514958803E-016
   7.6990346858785180E-017
  -1.2473613397088319E-016
  -2.5224276591468947E-016
  -2.8208230191669507E-016
   5.5976684526937385E-018
  -1.8967097238583873E-017
   1.2217599132544269E-016
  -2.3143571224336595E-017
  -7.5541679462023804E-017
  -3.5072969169046614E-016
   4.8668915118395152E-016
  -7.9399807757713614E-017
   1.8178592041616361E-016
   5.9693984846008114E-017
   1.0653411458941132E-016
   2.8457124782150848E-016
   2.4640917989446786E-016
   2.6744454210847954E-016
   1.1176740816387052E-016
  -1.0393056304046213E-018
   8.2907479597839990E-017
   1.7541209123438934E-017
   4.8982954212673245E-017
  -3.5093716874452768E-017
   2.2407939162418147E-016
  -1.6618130802801151E-016
   4.4518566555491587E-017
  -2.5879039809425566E-017
  -1.0328625470888704E-017
  -1.9533850084615275E-016
  -8.4611295721404790E-017
  -9.9123660749923141E-017
   2.9797475380208046E-017
   1.5005169694394707E-016
   2.4775342945829425E-016
   1.5874083499166383E-016
   3.9159751850377734E-017
  -1.3951699468845969E-016
   1.6692646677168831E-016
  -1.6029937375209977E-017
   4.4599908822053452E-016
  -1.3817183473566432E-017
  -2.0072028288642993E-016
   6.0163205740208565E-017
  -2.5792876261277068E-016
  -1.7744893216608531E-016
   1.6631057976181060E-016
   7.3301048829637763E-017
  -7.4022788120036718E-017
  -8.8577288246668418E-017
   2.9995309132621299E-016
   1.6861422740940346E-016
  -5.7928668938816290E-017
   2.5837085828399550E-017
   7.0827899793760090E-018
  -7.9082312302121722E-017
   1.5236407755839590E-016
   7.2229166205490835E-017
  -6.8398896119130344E-017
  -1.3939155240974213E-016
   2.4909400035190137E-016
   1.5617781737014960E-016
  -5.4201122575686766E-017
  -3.1625815536080079E-016
  -2.4818800111208637E-016
  -3.5963168368823903E-016
  -2.4591981954884260E-016
  -4.1587523102041772E-017
   6.3996615579787803E-017
  -2.4715649748404095E-016
  -3.8350884672242442E-017
  -2.9568291085793739E-016
  -8.8880407822621692E-017
  -3.7486087308452057E-016
  -2.0238514183550164E-016
   4.1627217590360966E-017
  -4.3280999839326280E-017
   1.0715002374516814E-017
  -5.4719497832533606E-017
  -1.9833682656244999E-016
   2.0257401665051688E-016
   7.6692377868688138E-018
  -1.1609093178022697E-016
   9.3558057071268621E-017
  -2.9256395098139433E-016
  -2.4593963785953546E-016
  -1.4995489376111883E-016
  -1.0647115863520582E-016
  -8.7576929938680691E-017
   8.6659440463788929E-017
  -1.0396662182182696E-016
  -2.8973349594503770E-017
  -1.7283022286884072E-016
  -6.6688661556276417E-017
  -5.7950545284482641E-017
   3.0293777686800971E-016
   2.6490057737085412E-016
   1.9607765896947124E-016
  -7.5214583443545615E-017
   2.7331646294070884E-017
   5.0672156045122924E-017
  -5.6207662648163788E-017
   1.8108069180418213E-016
   4.0874656228471405E-017
   1.9725776001900990E-016
  -3.3582883364951082E-017
  -1.8969523355707640E-016
   2.4198242604966004E-017
   1.1043631136465822E-016
   1.7314408746202046E-016
  -1.2774575212942808E-016
   1.3011425115221182E-016
   3.7221008953892246E-016
   1.9243984960823127E-016
  -7.8642780344987757E-017
  -9.3252079020013524E-017
   1.6654750745261566E-016
   7.6469945434641588E-017
   1.4678925987389777E-016
   4.4095608509415623E-017
   1.7747347892644422E-016
   2.6748169050241087E-016
  -6.5557924672459190E-018
   5.3533214086131899E-017
  -3.2822445169515510E-017
  -7.0053771298399918E-017
   3.0330969640189926E-016
   1.2829465783748873E-016
   2.7081150730803599E-017
   7.3621380587333539E-018
  -3.6943020328186024E-016
  -8.1994074062861159E-017
  -7.8476284907873827E-017
   4.1346738407151428E-017
   4.3041986373649246E-018
   1.9503384272619557E-016
  -7.7227714079763806E-017
  -2.2989260726208270E-016
   8.3621234615769300E-017
  -1.3519223506160784E-016
  -2.0988002025843450E-016
   1.1179905791645521E-016
  -1.5196897014867846E-016
  -1.9772090001362759E-017
  -1.8819837922028554E-016
   2.6907743828789466E-017
   1.2101612307119042E-017
   2.2076769990756045E-016
  -5.7652300410998469E-017
   1.3418088663793318E-016
  -8.7743777650785802E-017
  -2.8998753167042022E-016
  -1.4477316383786025E-016
  -2.1924563227973378E-016
  -8.9330615388122057E-017
   8.5214734033350548E-017
  -7.5447682913332382E-017
   1.9332760690831933E-016
   1.3847623674186982E-017
  -1.3487623208301323E-016
   2.3921521949850401E-017
  -3.0919680983106544E-016
   1.2692892417037739E-016
   1.0906139813136424E-016
  -6.3044815078573005E-017
   3.2827858296323731E-016
  -2.0870055563034683E-017
  -7.8302903987319219E-017
   3.0798742577283803E-016
   1.9121358581275432E-016
   1.6776418606938010E-017
  -6.6185489199574636E-017
   6.5382315274610263E-017
  -8.3671971546626222E-017
  -1.3512407763056903E-017
   6.2127951982486844E-017
   1.0092863351388233E-016
  -1.2433075743622361E-016
  -2.6373132868492808E-017
  -5.5541198474682754E-017
  -2.5481233615544873E-016
   3.1777351948320686E-016
   3.3700111221468574E-017
  -2.3749491648922744E-016
   3.9377591226827341E-017
   2.6147489392265167E-016
   1.9026484359957399E-016
  -3.5418168642696685E-016
  -1.5869550703419634E-016
   3.4276616168879406E-016
   1.5954329521496716E-016
   4.8953647141779947E-017
  -1.5344742630720401E-016
  -2.2367580640421647E-017
  -2.4845591765465297E-016
  -1.2030811239163575E-016
   3.5195306942784936E-017
  -1.7781378720778293E-016
  -9.2418621083445820E-017
   2.7700412990235377E-017
   4.9177568764914123E-017
   1.8230782246243156E-017
  -8.8257178681826536E-018
   3.5857668845673894E-016
  -2.8096074958405484E-016
   6.2904751086000592E-017
  -1.9542235400673835E-016
  -2.4164144389777742E-016
  -1.2030787507998099E-016
  -9.7014531496109018E-017
  -1.6755362186191900E-016
  -3.0644993364980052E-017
  -5.5374511625401391E-017
  -2.5105377983099004E-017
  -4.1781801570507240E-016
  -2.5602397683123606E-016
  -2.7207619437813653E-016
   2.0774683177362472E-016
   1.2640210530783939E-016
  -6.3799666356822362E-017
  -1.6244211230486719E-016
  -1.1181922914296534E-016
