   1.9188242661903366E-024
   3.8498062034224796E-024
   5.8051411074983658E-024
   7.7971385929390231E-024
   9.8382995098367603E-024
   1.1941393562962269E-023
   1.4119538112207996E-023
   1.6386278636136343E-023
   1.8755671346037137E-023
   2.1242368446477793E-023
   2.3861706549865260E-023
   2.6629798767065544E-023
   2.9563631013692297E-023
   3.2681163092350298E-023
   3.6001435134982386E-023
   3.9544680016633507E-023
   4.3332442382520107E-023
   4.7387704964434795E-023
   5.1735022900366948E-023
   5.6400666812974565E-023
   6.1412775448397514E-023
   6.6801518727062689E-023
   7.2599272112884950E-023
   7.8840803266821954E-023
   8.5563472015446100E-023
   9.2807444735339281E-023
   1.0061592433004064E-022
   1.0903539705839183E-022
   1.1811589756179020E-022
   1.2791129353355953E-022
   1.3847959157681332E-022
   1.4988326590838381E-022
   1.6218961168609584E-022
   1.7547112486555073E-022
   1.8980591063123375E-022
   2.0527812259585131E-022
   2.2197843512215796E-022
   2.4000455129377955E-022
   2.5946174924672505E-022
   2.8046346977214589E-022
   3.0313194831445934E-022
   3.2759889471840297E-022
   3.5400622432476089E-022
   3.8250684427885878E-022
   4.1326549919967443E-022
   4.4645968066179428E-022
   4.8228060526920669E-022
   5.2093426645035944E-022
   5.6264256547992519E-022
   6.0764452763604357E-022
   6.5619760983431144E-022
   7.0857910654376350E-022
   7.6508766128745716E-022
   8.2604489156370433E-022
   8.9179713559578319E-022
   9.6271732993110966E-022
   1.0392070275679148E-021
   1.1216985669920011E-021
   1.2106574032609669E-021
   1.3065846130825361E-021
   1.4100195867006092E-021
   1.5215429203317376E-021
   1.6417795238901466E-021
   1.7714019598061117E-021
   1.9111340298847562E-021
   2.0617546283766165E-021
   2.2241018807419322E-021
   2.3990775889951268E-021
   2.5876520060193649E-021
   2.7908689628519057E-021
   3.0098513746650689E-021
   3.2458071530143073E-021
   3.5000355539017703E-021
   3.7739339933204998E-021
   4.0690053642095953E-021
   4.3868658911765429E-021
   4.7292535619387258E-021
   5.0980371772145016E-021
   5.4952260637675577E-021
   5.9229804984909520E-021
   6.3836228948209679E-021
   6.8796498064153424E-021
   7.4137448069271999E-021
   7.9887923088765070E-021
   8.6078923890815380E-021
   9.2743766928848264E-021
   9.9918254945090451E-021
   1.0764085996342396E-020
   1.1595291955782699E-020
   1.2489884734518113E-020
   1.3452635871793336E-020
   1.4488671290348561E-020
   1.5603497251347219E-020
   1.6803028182765492E-020
   1.8093616514436840E-020
   1.9482084662264380E-020
   2.0975759314074460E-020
   2.2582508180233034E-020
   2.4310779383522027E-020
   2.6169643674931739E-020
   2.8168839675016979E-020
   3.0318822354339784E-020
   3.2630814981358568E-020
   3.5116864781952968E-020
   3.7789902571709469E-020
   4.0663806640152881E-020
   4.3753471185424648E-020
   4.7074879618518450E-020
   5.0645183078201521E-020
   5.4482784521265192E-020
   5.8607428777839885E-020
   6.3040298988321489E-020
   6.7804119867058585E-020
   7.2923268268504051E-020
   7.8423891564129390E-020
   8.4334034373204965E-020
   9.0683774227688367E-020
   9.7505366791100539E-020
   1.0483340129357338E-019
   1.1270496689037315E-019
   1.2115983069937683E-019
   1.3024062832434339E-019
   1.3999306772564348E-019
   1.5046614735857730E-019
   1.6171238956177080E-019
   1.7378809024467584E-019
   1.8675358599412288E-019
   2.0067353979556129E-019
   2.1561724664527534E-019
   2.3165896041588887E-019
   2.4887824342922320E-019
   2.6736034028830297E-019
   2.8719657762461178E-019
   3.0848479152776795E-019
   3.3132978454324225E-019
   3.5584381425002042E-019
   3.8214711556455762E-019
   4.1036845906085121E-019
   4.4064574774912985E-019
   4.7312665491850318E-019
   5.0796930582230204E-019
   5.4534300616962442E-019
   5.8542902058341468E-019
   6.2842140439503428E-019
   6.7452789236865862E-019
   7.2397084818653986E-019
   7.7698827877957305E-019
   8.3383491785725747E-019
   8.9478338327827020E-019
   9.6012541320887308E-019
   1.0301731863415449E-018
   1.1052607317932339E-018
   1.1857454346711423E-018
   1.2720096436870220E-018
   1.3644623876184448E-018
   1.4635412078609096E-018
   1.5697141147874534E-018
   1.6834816761364133E-018
   1.8053792461840034E-018
   1.9359793450283980E-018
   2.0758941979187748E-018
   2.2257784452081426E-018
   2.3863320341952243E-018
   2.5583033048508184E-018
   2.7424922822004850E-018
   2.9397541889618350E-018
   3.1510031929120568E-018
   3.3772164043959270E-018
   3.6194381403770594E-018
   3.8787844724909823E-018
   4.1564480776806403E-018
   4.4537034111882715E-018
   4.7719122229451684E-018
   5.1125294397491597E-018
   5.4771094370512146E-018
   5.8673127256959080E-018
   6.2849130805764571E-018
   6.7318051398852721E-018
   7.2100125054660328E-018
   7.7216963767135703E-018
   8.2691647525283105E-018
   8.8548822380220072E-018
   9.4814804949958680E-018
   1.0151769377681785E-017
   1.0868748797860119E-017
   1.1635621366252693E-017
   1.2455805860047022E-017
   1.3332951569545977E-017
   1.4270953580273482E-017
   1.5273969050403949E-017
   1.6346434547139422E-017
   1.7493084509647489E-017
   1.8718970910404060E-017
   2.0029484191277703E-017
   2.1430375555457170E-017
   2.2927780701383204E-017
   2.4528245090213535E-017
   2.6238750844040165E-017
   2.8066745378124149E-017
   3.0020171876816567E-017
   3.2107501729634745E-017
   3.4337769051172181E-017
   3.6720607416165321E-017
   3.9266288949154466E-017
   4.1985765916770107E-017
   4.4890714979795135E-017
   4.7993584271826934E-017
   5.1307643481604370E-017
   5.4847037126938967E-017
   5.8626841219701854E-017
   6.2663123533530413E-017
   6.6973007698853390E-017
   7.1574741363556275E-017
   7.6487768672130745E-017
   8.1732807331558240E-017
   8.7331930548487756E-017
   9.3308654139567510E-017
   9.9688029135082595E-017
   1.0649674021547473E-016
   1.1376321034085047E-016
   1.2151771195535484E-016
   1.2979248517135610E-016
   1.3862186336275859E-016
   1.4804240662265730E-016
   1.5809304356788127E-016
   1.6881522200197347E-016
   1.8025306897882866E-016
   1.9245356084168375E-016
   2.0546670384653675E-016
   2.1934572601547657E-016
   2.3414728090388044E-016
   2.4993166400623834E-016
   2.6676304256844824E-016
   2.8470969962008853E-016
   3.0384429308848953E-016
   3.2424413090742139E-016
   3.4599146308737618E-016
   3.6917379177147325E-016
   3.9388420036159193E-016
   4.2022170286318919E-016
   4.4829161466499941E-016
   4.7820594604121985E-016
   5.1008381973954337E-016
   5.4405191409826265E-016
   5.8024493322025785E-016
   6.1880610582109583E-016
   6.5988771446285522E-016
   7.0365165698529183E-016
   7.5027004205136421E-016
   7.9992582083585170E-016
   8.5281345700355239E-016
   9.0913963724821876E-016
   9.6912402479494973E-016
   1.0330000584078647E-015
   1.1010157995918168E-015
   1.1734348308320468E-015
   1.2505372078796536E-015
   1.3326204692639297E-015
   1.4200007063955179E-015
   1.5130136978171819E-015
   1.6120161113634992E-015
   1.7173867782054636E-015
   1.8295280429838186E-015
   1.9488671944746401E-015
   2.0758579814844139E-015
   2.2109822189387646E-015
   2.3547514894120643E-015
   2.5077089456421628E-015
   2.6704312198898719E-015
   2.8435304463338062E-015
   3.0276564030417658E-015
   3.2234987804290132E-015
   3.4317895835038848E-015
   3.6533056756113887E-015
   3.8888714718203164E-015
   4.1393617905557327E-015
   4.4057048725618594E-015
   4.6888855767884324E-015
   4.9899487633308760E-015
   5.3100028741198326E-015
   5.6502237226518576E-015
   6.0118585046826982E-015
   6.3962300424665379E-015
   6.8047412758240157E-015
   7.2388800140579547E-015
   7.7002239635122994E-015
   8.1904460463877786E-015
   8.7113200272894523E-015
   9.2647264648906639E-015
   9.8526590070539244E-015
   1.0477231048758309E-014
   1.1140682773244809E-014
   1.1845388597910437E-014
   1.2593865047660024E-014
   1.3388779079666871E-014
   1.4232956884798742E-014
   1.5129393192345329E-014
   1.6081261106129446E-014
   1.7091922501613824E-014
   1.8164939015219407E-014
   1.9304083658764625E-014
   2.0513353093713906E-014
   2.1796980601800556E-014
   2.3159449790558642E-014
   2.4605509074376696E-014
   2.6140186973869144E-014
   2.7768808278661815E-014
   2.9497011121104641E-014
   3.1330765010970340E-014
   3.3276389883873286E-014
   3.5340576218960652E-014
   3.7530406284387911E-014
   3.9853376572205079E-014
   4.2317421487560052E-014
   4.4930938360563031E-014
   4.7702813852784645E-014
   5.0642451834168468E-014
   5.3759802810132256E-014
   5.7065394982863082E-014
   6.0570367035208406E-014
   6.4286502730238564E-014
   6.8226267424433016E-014
   7.2402846597577198E-014
   7.6830186507863517E-014
   8.1523037086352733E-014
   8.6496997190917127E-014
   9.1768562346039784E-014
   9.7355175101431450E-014
   1.0327527814932459E-013
   1.0954837034756342E-013
   1.1619506580323748E-013
   1.2323715617958477E-013
   1.3069767639732864E-013
   1.3860097391040920E-013
   1.4697278174534189E-013
   1.5584029550316747E-013
   1.6523225453316148E-013
   1.7517902749818830E-013
   1.8571270256284315E-013
   1.9686718244730045E-013
   2.0867828460223192E-013
   2.2118384677308374E-013
   2.3442383823571684E-013
   2.4844047699965927E-013
   2.6327835329028590E-013
   2.7898455963694594E-013
   2.9560882791061549E-013
   3.1320367367194706E-013
   3.3182454820878390E-013
   3.5152999866122067E-013
   3.7238183665233604E-013
   3.9444531586360472E-013
   4.1778931901602014E-013
   4.4248655474090545E-013
   4.6861376484863719E-013
   4.9625194252865878E-013
   5.2548656204082767E-013
   5.5640782048582337E-013
   5.8911089227145920E-013
   6.2369619692233184E-013
   6.6026968091211196E-013
   6.9894311423130884E-013
   7.3983440243847019E-013
   7.8306791497940908E-013
   8.2877483059765719E-013
   8.7709350069958270E-013
   9.2816983157981098E-013
   9.8215768645692162E-013
   1.0392193083153736E-012
   1.0995257645984924E-012
   1.1632574148476851E-012
   1.2306044024363835E-012
   1.3017671716027183E-012
   1.3769570110430628E-012
   1.4563966253896158E-012
   1.5403207359586148E-012
   1.6289767122228138E-012
   1.7226252355311908E-012
   1.8215409966722319E-012
   1.9260134289530676E-012
   2.0363474785468754E-012
   2.1528644139444434E-012
   2.2759026764328492E-012
   2.4058187736159750E-012
   2.5429882180867355E-012
   2.6878065134610082E-012
   2.8406901900873658E-012
   3.0020778928563059E-012
   3.1724315236461882E-012
   3.3522374410629831E-012
   3.5420077202550590E-012
   3.7422814757147448E-012
   3.9536262501144913E-012
   4.1766394723677311E-012
   4.4119499882530155E-012
   4.6602196670952261E-012
   4.9221450881602036E-012
   5.1984593105881538E-012
   5.4899337308680871E-012
   5.7973800320406747E-012
   6.1216522290096477E-012
   6.4636488145436486E-012
   6.8243150107596747E-012
   7.2046451311013452E-012
   7.6056850580513726E-012
   8.0285348420595955E-012
   8.4743514274164480E-012
   8.9443515110624486E-012
   9.4398145405974296E-012
   9.9620858580352123E-012
   1.0512579996147945E-011
   1.1092784134551995E-011
   1.1704261723009570E-011
   1.2348656279757374E-011
   1.3027695373024631E-011
   1.3743194794266543E-011
   1.4497062932024647E-011
   1.5291305355719403E-011
   1.6128029619097736E-011
   1.7009450293490273E-011
   1.7937894241483073E-011
   1.8915806142081353E-011
   1.9945754278927229E-011
   2.1030436603651596E-011
   2.2172687086966157E-011
   2.3375482370659568E-011
   2.4641948734237554E-011
   2.5975369390551044E-011
   2.7379192125382372E-011
   2.8857037296611865E-011
   3.0412706209270006E-011
   3.2050189883487942E-011
   3.3773678233095794E-011
   3.5587569673391758E-011
   3.7496481177398050E-011
   3.9505258800760804E-011
   4.1618988696312166E-011
   4.3843008640220228E-011
   4.6182920092589856E-011
   4.8644600816360611E-011
   5.1234218079353826E-011
   5.3958242465400098E-011
   5.6823462321561047E-011
   5.9836998869620157E-011
   6.3006322011202488E-011
   6.6339266857131611E-011
   6.9844051012912374E-011
   7.3529292653587761E-011
   7.7404029422592220E-011
   8.1477738190701966E-011
   8.5760355712667255E-011
   9.0262300220701122E-011
   9.4994493995622091E-011
   9.9968386958143534E-011
   1.0519598132457106E-010
   1.1068985737299840E-010
   1.1646320036799688E-010
   1.2252982869377713E-010
   1.2890422324784790E-010
   1.3560155814934998E-010
   1.4263773281843780E-010
   1.5002940548541904E-010
   1.5779402819071549E-010
   1.6594988333925083E-010
   1.7451612187538548E-010
   1.8351280314727079E-010
   1.9296093653221658E-010
   2.0288252489759365E-010
   2.1330060997479672E-010
   2.2423931972687793E-010
   2.3572391779370967E-010
   2.4778085510192512E-010
   2.6043782373027074E-010
   2.7372381312474324E-010
   2.8766916876152314E-010
   3.0230565335967887E-010
   3.1766651074957925E-010
   3.3378653250721757E-010
   3.5070212746892500E-010
   3.6845139424544896E-010
   3.8707419685911636E-010
   4.0661224363251440E-010
   4.2710916946224209E-010
   4.4861062161646057E-010
   4.7116434920027661E-010
   4.9482029643873150E-010
   5.1963069993278569E-010
   5.4565019004983979E-010
   5.7293589661642507E-010
   6.0154755908722878E-010
   6.3154764137121419E-010
   6.6300145150254125E-010
   6.9597726635118963E-010
   7.3054646157550286E-010
   7.6678364702658032E-010
   8.0476680782250438E-010
   8.4457745131843357E-010
   8.8630076020719613E-010
   9.3002575199391828E-010
   9.7584544509717260E-010
   1.0238570318387479E-009
   1.0741620585937566E-009
   1.1268666133830780E-009
   1.1820815212004925E-009
   1.2399225473776650E-009
   1.3005106093014300E-009
   1.3639719968093204E-009
   1.4304386016013946E-009
   1.5000481560186003E-009
   1.5729444815509436E-009
   1.6492777474517922E-009
   1.7292047398485116E-009
   1.8128891417535634E-009
   1.9005018243951332E-009
   1.9922211503011214E-009
   2.0882332885863462E-009
   2.1887325429085319E-009
   2.2939216925756259E-009
   2.4040123473044489E-009
   2.5192253161475379E-009
   2.6397909911248499E-009
   2.7659497461146291E-009
   2.8979523515783841E-009
   3.0360604057143160E-009
   3.1805467826553659E-009
   3.3316960983486939E-009
   3.4898051947765502E-009
   3.6551836432006946E-009
   3.8281542671370341E-009
   4.0090536857908414E-009
   4.1982328787091333E-009
   4.3960577724319582E-009
   4.6029098499516332E-009
   4.8191867838169574E-009
   5.0453030937476582E-009
   5.2816908296540259E-009
   5.5288002809868014E-009
   5.7871007133748875E-009
   6.0570811335388522E-009
   6.3392510835035564E-009
   6.6341414651661833E-009
   6.9423053963120400E-009
   7.2643190992072960E-009
   7.6007828229338670E-009
   7.9523218006731801E-009
   8.3195872431821732E-009
   8.7032573697491658E-009
   9.1040384779567822E-009
   9.5226660536252850E-009
   9.9599059223521284E-009
   1.0416555444112348E-008
   1.0893444752429246E-008
   1.1391438039676486E-008
   1.1911434890121210E-008
   1.2454371662370495E-008
   1.3021222922937271E-008
   1.3613002932695123E-008
   1.4230767188050981E-008
   1.4875614018719305E-008
   1.5548686244043402E-008
   1.6251172889870890E-008
   1.6984310968052811E-008
   1.7749387320701176E-008
   1.8547740531407796E-008
   1.9380762905692729E-008
   2.0249902523026666E-008
   2.1156665362837923E-008
   2.2102617506993559E-008
   2.3089387421322063E-008
   2.4118668318816699E-008
   2.5192220607249215E-008
   2.6311874423996944E-008
   2.7479532260980862E-008
   2.8697171682691675E-008
   2.9966848140378040E-008
   3.1290697885555871E-008
   3.2670940986101632E-008
   3.4109884448278921E-008
   3.5609925448158798E-008
   3.7173554675987477E-008
   3.8803359797166257E-008
   4.0502029033612074E-008
   4.2272354869380287E-008
   4.4117237884546002E-008
   4.6039690721451394E-008
   4.8042842187548908E-008
   5.0129941499196291E-008
   5.2304362670875650E-008
   5.4569609054448280E-008
   5.6929318033172816E-008
   5.9387265875372932E-008
   6.1947372752750641E-008
   6.4613707928507241E-008
   6.7390495120562189E-008
   7.0282118045318365E-008
   7.3293126147569114E-008
   7.6428240522302735E-008
   7.9692360034308043E-008
   8.3090567641668529E-008
   8.6628136929374215E-008
   9.0310538859470725E-008
   9.4143448744329536E-008
   9.8132753449804869E-008
   1.0228455883522821E-007
   1.0660519743736955E-007
   1.1110123640569960E-007
   1.1577948569646391E-007
   1.2064700653329676E-007
   1.2571112014229666E-007
   1.3097941676969918E-007
   1.3645976499048632E-007
   1.4216032131650381E-007
   1.4808954011287129E-007
   1.5425618383168773E-007
   1.6066933357229269E-007
   1.6733839997755803E-007
   1.7427313447591218E-007
   1.8148364087911763E-007
   1.8898038734595032E-007
   1.9677421872232988E-007
   2.0487636926857919E-007
   2.1329847578486889E-007
   2.2205259114608159E-007
   2.3115119825768765E-007
   2.4060722444444324E-007
   2.5043405628405541E-007
   2.6064555489823330E-007
   2.7125607171382166E-007
   2.8228046470709125E-007
   2.9373411514446223E-007
   3.0563294483337121E-007
   3.1799343389721157E-007
   3.3083263908867238E-007
   3.4416821265611359E-007
   3.5801842177794461E-007
   3.7240216858032377E-007
   3.8733901075387926E-007
   4.0284918278543548E-007
   4.1895361782120921E-007
   4.3567397017815203E-007
   4.5303263852067397E-007
   4.7105278972017285E-007
   4.8975838341538789E-007
   5.0917419729176222E-007
   5.2932585309861828E-007
   5.5023984342319836E-007
   5.7194355924113007E-007
   5.9446531826322604E-007
   6.1783439409900012E-007
   6.4208104625770334E-007
   6.6723655100810501E-007
   6.9333323311870887E-007
   7.2040449850050375E-007
   7.4848486777485099E-007
   7.7761001078958630E-007
   8.0781678210675963E-007
   8.3914325748611056E-007
   8.7162877138863748E-007
   9.0531395552529378E-007
   9.4024077847621158E-007
   9.7645258640636559E-007
   1.0139941449042361E-006
   1.0529116819702214E-006
   1.0932529321824618E-006
   1.1350671820679582E-006
   1.1784053167074646E-006
   1.2233198676033329E-006
   1.2698650618396550E-006
   1.3180968725650631E-006
   1.3680730708286534E-006
   1.4198532788003198E-006
   1.4734990244073091E-006
   1.5290737974192220E-006
   1.5866431070144021E-006
   1.6462745408611240E-006
   1.7080378257476473E-006
   1.7720048897957303E-006
   1.8382499262927827E-006
   1.9068494591783318E-006
   1.9778824102212841E-006
   2.0514301679248374E-006
   2.1275766581965663E-006
   2.2064084168218255E-006
   2.2880146637792139E-006
   2.3724873794372615E-006
   2.4599213826725249E-006
   2.5504144109493407E-006
   2.6440672024023797E-006
   2.7409835799640335E-006
   2.8412705375784845E-006
   2.9450383285457678E-006
   3.0524005560391944E-006
   3.1634742658401521E-006
   3.2783800413352897E-006
   3.3972421008212913E-006
   3.5201883971629250E-006
   3.6473507198514710E-006
   3.7788647995100166E-006
   3.9148704148938290E-006
   4.0555115024336741E-006
   4.2009362683715406E-006
   4.3512973035376120E-006
   4.5067517008189219E-006
   4.6674611753701543E-006
   4.8335921876178423E-006
   5.0053160691094942E-006
   5.1828091512603343E-006
   5.3662528970499050E-006
   5.5558340357224498E-006
   5.7517447005444985E-006
   5.9541825696744850E-006
   6.1633510101986818E-006
   6.3794592253896871E-006
   6.6027224052423812E-006
   6.8333618803444132E-006
   7.0716052791379278E-006
   7.3176866886293144E-006
   7.5718468186049648E-006
   7.8343331694115691E-006
   8.1054002033585977E-006
   8.3853095198022193E-006
   8.6743300339704339E-006
   8.9727381595876330E-006
   9.2808179953601553E-006
   9.5988615153820288E-006
   9.9271687635211462E-006
   1.0266048051848109E-005
   1.0615816163166692E-005
   1.0976798557709174E-005
   1.1349329584056787E-005
   1.1733752694346563E-005
   1.2130420663827703E-005
   1.2539695814828403E-005
   1.2961950245194814E-005
   1.3397566061264931E-005
   1.3846935615439351E-005
   1.4310461748409209E-005
   1.4788558036107479E-005
   1.5281649041439336E-005
   1.5790170570860204E-005
   1.6314569935857880E-005
   1.6855306219403188E-005
   1.7412850547428934E-005
   1.7987686365398984E-005
   1.8580309720028729E-005
   1.9191229546216317E-005
   1.9820967959243981E-005
   2.0470060552312675E-005
   2.1139056699464272E-005
   2.1828519863953648E-005
   2.2539027912127754E-005
   2.3271173432867336E-005
   2.4025564062652256E-005
   2.4802822816302073E-005
   2.5603588423449542E-005
   2.6428515670802136E-005
   2.7278275750243401E-005
   2.8153556612828385E-005
   2.9055063328724730E-005
   2.9983518453149756E-005
   3.0939662398352413E-005
   3.1924253811691487E-005
   3.2938069959853573E-005
   3.3981907119258410E-005
   3.5056580972698238E-005
   3.6162927012250698E-005
   3.7301800948510770E-005
   3.8474079126177091E-005
   3.9680658946036292E-005
   4.0922459293380542E-005
   4.2200420972890264E-005
   4.3515507150020702E-005
   4.4868703798919417E-005
   4.6261020156904605E-005
   4.7693489185534269E-005
   4.9167168038288849E-005
   5.0683138534889197E-005
   5.2242507642275911E-005
   5.3846407962259636E-005
   5.5495998225866865E-005
   5.7192463794387821E-005
   5.8937017167139802E-005
   6.0730898495955510E-005
   6.2575376106397115E-005
   6.4471747025700765E-005
   6.6421337517451318E-005
   6.8425503622979348E-005
   7.0485631709478889E-005
   7.2603139024830028E-005
   7.4779474259116649E-005
   7.7016118112820586E-005
   7.9314583871669525E-005
   8.1676417988114507E-005
   8.4103200669414832E-005
   8.6596546472288030E-005
   8.9158104904096033E-005
   9.1789561030525962E-005
   9.4492636089721547E-005
   9.7269088112814916E-005
   1.0012071255080248E-004
   1.0304934290772521E-004
   1.0605685138006308E-004
   1.0914514950230425E-004
   1.1231618879859746E-004
   1.1557196144042712E-004
   1.1891450091021906E-004
   1.2234588267079401E-004
   1.2586822484058474E-004
   1.2948368887450836E-004
   1.3319448025039829E-004
   1.3700284916089324E-004
   1.4091109121065946E-004
   1.4492154811883402E-004
   1.4903660842656777E-004
   1.5325870820953204E-004
   1.5759033179525646E-004
   1.6203401248515576E-004
   1.6659233328109079E-004
   1.7126792761631770E-004
   1.7606348009066521E-004
   1.8098172720975897E-004
   1.8602545812813678E-004
   1.9119751539606561E-004
   1.9650079570986156E-004
   2.0193825066554586E-004
   2.0751288751560886E-004
   2.1322776992869252E-004
   2.1908601875196811E-004
   2.2509081277597825E-004
   2.3124538950174562E-004
   2.3755304590985409E-004
   2.4401713923133313E-004
   2.5064108772001790E-004
   2.5742837142618075E-004
   2.6438253297115068E-004
   2.7150717832262423E-004
   2.7880597757042112E-004
   2.8628266570237019E-004
   2.9394104338003344E-004
   3.0178497771397319E-004
   3.0981840303822119E-004
   3.1804532168365425E-004
   3.2646980474993181E-004
   3.3509599287567468E-004
   3.4392809700649861E-004
   3.5297039916060792E-004
   3.6222725319150966E-004
   3.7170308554757047E-004
   3.8140239602792929E-004
   3.9132975853447980E-004
   4.0148982181946268E-004
   4.1188731022825915E-004
   4.2252702443702994E-004
   4.3341384218472203E-004
   4.4455271899901811E-004
   4.5594868891584290E-004
   4.6760686519189645E-004
   4.7953244100983885E-004
   4.9173069017561177E-004
   5.0420696780745418E-004
   5.1696671101609279E-004
   5.3001543957567978E-004
   5.4335875658490982E-004
   5.5700234911788534E-004
   5.7095198886415580E-004
   5.8521353275743648E-004
   5.9979292359249863E-004
   6.1469619062963228E-004
   6.2992945018623420E-004
   6.4549890621484458E-004
   6.6141085086720468E-004
   6.7767166504365591E-004
   6.9428781892740161E-004
   7.1126587250293621E-004
   7.2861247605817889E-004
   7.4633437066960468E-004
   7.6443838866987275E-004
   7.8293145409725161E-004
   8.0182058312624831E-004
   8.2111288447889890E-004
   8.4081555981594910E-004
   8.6093590410739307E-004
   8.8148130598172307E-004
   9.0245924805320568E-004
   9.2387730722652203E-004
   9.4574315497817773E-004
   9.6806455761397185E-004
   9.9084937650184253E-004
   1.0141055682794677E-003
   1.0378411850358955E-003
   1.0620643744665690E-003
   1.0867833800009916E-003
   1.1120065409024724E-003
   1.1377422923390459E-003
   1.1639991654251013E-003
   1.1907857872329054E-003
   1.2181108807732743E-003
   1.2459832649448258E-003
   1.2744118544509896E-003
   1.3034056596841082E-003
   1.3329737865759178E-003
   1.3631254364137749E-003
   1.3938699056217443E-003
   1.4252165855060106E-003
   1.4571749619638017E-003
   1.4897546151552003E-003
   1.5229652191370148E-003
   1.5568165414581400E-003
   1.5913184427156029E-003
   1.6264808760706063E-003
   1.6623138867239264E-003
   1.6988276113498789E-003
   1.7360322774882242E-003
   1.7739382028933443E-003
   1.8125557948398879E-003
   1.8518955493843367E-003
   1.8919680505816898E-003
   1.9327839696567726E-003
   1.9743540641292598E-003
   2.0166891768919498E-003
   2.0598002352415876E-003
   2.1036982498615145E-003
   2.1483943137556409E-003
   2.1938996011330644E-003
   2.2402253662425001E-003
   2.2873829421564303E-003
   2.3353837395036986E-003
   2.3842392451506123E-003
   2.4339610208294537E-003
   2.4845607017141636E-003
   2.5360499949425071E-003
   2.5884406780842016E-003
   2.6417445975544084E-003
   2.6959736669723423E-003
   2.7511398654640139E-003
   2.8072552359091453E-003
   2.8643318831314325E-003
   2.9223819720318486E-003
   2.9814177256644240E-003
   3.0414514232543644E-003
   3.1024953981577011E-003
   3.1645620357623628E-003
   3.2276637713304071E-003
   3.2918130877805803E-003
   3.3570225134115428E-003
   3.4233046195646659E-003
   3.4906720182269996E-003
   3.5591373595734470E-003
   3.6287133294481935E-003
   3.6994126467851910E-003
   3.7712480609672465E-003
   3.8442323491240842E-003
   3.9183783133684659E-003
   3.9936987779709979E-003
   4.0702065864730514E-003
   4.1479145987378422E-003
   4.2268356879397520E-003
   4.3069827374916728E-003
   4.3883686379105986E-003
   4.4710062836211357E-003
   4.5549085696977021E-003
   4.6400883885445304E-003
   4.7265586265145742E-003
   4.8143321604665361E-003
   4.9034218542612701E-003
   4.9938405551968133E-003
   5.0856010903827598E-003
   5.1787162630542709E-003
   5.2731988488256666E-003
   5.3690615918847769E-003
   5.4663172011272633E-003
   5.5649783462323309E-003
   5.6650576536797070E-003
   5.7665677027086380E-003
   5.8695210212193231E-003
   5.9739300816172422E-003
   6.0798072966012752E-003
   6.1871650148959418E-003
   6.2960155169284561E-003
   6.4063710104512233E-003
   6.5182436261111351E-003
   6.6316454129651866E-003
   6.7465883339448600E-003
   6.8630842612685426E-003
   6.9811449718037832E-003
   7.1007821423803808E-003
   7.2220073450544008E-003
   7.3448320423251242E-003
   7.4692675823055631E-003
   7.5953251938473609E-003
   7.7230159816214497E-003
   7.8523509211557707E-003
   7.9833408538308760E-003
   8.1159964818351190E-003
   8.2503283630800603E-003
   8.3863469060780696E-003
   8.5240623647831401E-003
   8.6634848333962539E-003
   8.8046242411367725E-003
   8.9474903469813991E-003
   9.0920927343723767E-003
   9.2384408058958575E-003
   9.3865437779330641E-003
   9.5364106752844190E-003
   9.6880503257699008E-003
   9.8414713548059234E-003
   9.9966821799614275E-003
   1.0153691005494844E-002
   1.0312505816872791E-002
   1.0473134375273816E-002
   1.0635584212077923E-002
   1.0799862623344180E-002
   1.0965976664278535E-002
   1.1133933143693592E-002
   1.1303738618462353E-002
   1.1475399387968250E-002
   1.1648921488553092E-002
   1.1824310687966183E-002
   1.2001572479814255E-002
   1.2180712078017845E-002
   1.2361734411273364E-002
   1.2544644117524683E-002
   1.2729445538446278E-002
   1.2916142713939486E-002
   1.3104739376645254E-002
   1.3295238946475321E-002
   1.3487644525164188E-002
   1.3681958890844096E-002
   1.3878184492645319E-002
   1.4076323445324819E-002
   1.4276377523925569E-002
   1.4478348158468953E-002
   1.4682236428682147E-002
   1.4888043058764899E-002
   1.5095768412195374E-002
   1.5305412486580754E-002
   1.5516974908552446E-002
   1.5730454928710794E-002
   1.5945851416620180E-002
   1.6163162855858483E-002
   1.6382387339122447E-002
   1.6603522563392217E-002
   1.6826565825157909E-002
   1.7051514015710090E-002
   1.7278363616497990E-002
   1.7507110694556637E-002
   1.7737750898007564E-002
   1.7970279451634295E-002
   1.8204691152535573E-002
   1.8440980365859335E-002
   1.8679141020620037E-002
   1.8919166605602143E-002
   1.9161050165351672E-002
   1.9404784296260674E-002
   1.9650361142743357E-002
   1.9897772393512540E-002
   2.0147009277951711E-002
   2.0398062562592269E-002
   2.0650922547694291E-002
   2.0905579063933640E-002
   2.1162021469201490E-002
   2.1420238645514546E-002
   2.1680218996041601E-002
   2.1941950442247230E-002
   2.2205420421155760E-002
   2.2470615882738978E-002
   2.2737523287427786E-002
   2.3006128603753406E-002
   2.3276417306115980E-002
   2.3548374372689411E-002
   2.3821984283458351E-002
   2.4097231018394831E-002
   2.4374098055771717E-002
   2.4652568370620687E-002
   2.4932624433333161E-002
   2.5214248208408167E-002
   2.5497421153348132E-002
   2.5782124217705413E-002
   2.6068337842282675E-002
   2.6356041958486315E-002
   2.6645215987837555E-002
   2.6935838841642034E-002
   2.7227888920820412E-002
   2.7521344115899238E-002
   2.7816181807169920E-002
   2.8112378865009030E-002
   2.8409911650369459E-002
   2.8708756015438444E-002
   2.9008887304468253E-002
   2.9310280354777268E-002
   2.9612909497926134E-002
   2.9916748561066863E-002
   3.0221770868471037E-002
   3.0527949243231763E-002
   3.0835256009148038E-002
   3.1143662992786706E-002
   3.1453141525724981E-002
   3.1763662446975170E-002
   3.2075196105592743E-002
   3.2387712363465604E-002
   3.2701180598291357E-002
   3.3015569706734200E-002
   3.3330848107771940E-002
   3.3646983746224352E-002
   3.3963944096474581E-002
   3.4281696166368184E-002
   3.4600206501306477E-002
   3.4919441188523442E-002
   3.5239365861550222E-002
   3.5559945704867514E-002
   3.5881145458744559E-002
   3.6202929424265277E-002
   3.6525261468541591E-002
   3.6848105030111780E-002
   3.7171423124526225E-002
   3.7495178350118598E-002
   3.7819332893961076E-002
   3.8143848538004579E-002
   3.8468686665400875E-002
   3.8793808267011086E-002
   3.9119173948090440E-002
   3.9444743935158580E-002
   3.9770478083046797E-002
   4.0096335882124273E-002
   4.0422276465701464E-002
   4.0748258617607287E-002
   4.1074240779943968E-002
   4.1400181061013390E-002
   4.1726037243411972E-002
   4.2051766792295074E-002
   4.2377326863811973E-002
   4.2702674313702504E-002
   4.3027765706060719E-002
   4.3352557322254043E-002
   4.3677005170008436E-002
   4.4001064992646235E-002
   4.4324692278479044E-002
   4.4647842270351443E-002
   4.4970469975337234E-002
   4.5292530174577843E-002
   4.5613977433268664E-002
   4.5934766110785133E-002
   4.6254850370945670E-002
   4.6574184192414221E-002
   4.6892721379228598E-002
   4.7210415571464867E-002
   4.7527220256020526E-002
   4.7843088777528214E-002
   4.8157974349380996E-002
   4.8471830064878700E-002
   4.8784608908484857E-002
   4.9096263767189605E-002
   4.9406747441984686E-002
   4.9716012659432242E-002
   5.0024012083334325E-002
   5.0330698326495456E-002
   5.0636023962575279E-002
   5.0939941538026848E-002
   5.1242403584115366E-002
   5.1543362629015987E-002
   5.1842771209983957E-002
   5.2140581885592639E-002
   5.2436747248038547E-002
   5.2731219935503414E-002
   5.3023952644577120E-002
   5.3314898142725317E-002
   5.3604009280811382E-002
   5.3891239005653672E-002
   5.4176540372625592E-002
   5.4459866558286663E-002
   5.4741170873040812E-002
   5.5020406773822923E-002
   5.5297527876798820E-002
   5.5572487970080908E-002
   5.5845241026455168E-002
   5.6115741216110952E-002
   5.6383942919373209E-002
   5.6649800739421670E-002
   5.6913269515010974E-002
   5.7174304333162139E-002
   5.7432860541849359E-002
   5.7688893762649539E-002
   5.7942359903364785E-002
   5.8193215170613190E-002
   5.8441416082376609E-002
   5.8686919480503218E-002
   5.8929682543160743E-002
   5.9169662797232750E-002
   5.9406818130662023E-002
   5.9641106804715960E-002
   5.9872487466193905E-002
   6.0100919159552964E-002
   6.0326361338954630E-002
   6.0548773880229320E-002
   6.0768117092746737E-002
   6.0984351731193431E-002
   6.1197439007253281E-002
   6.1407340601176946E-002
   6.1614018673250073E-002
   6.1817435875140277E-002
   6.2017555361127984E-002
   6.2214340799215048E-002
   6.2407756382103760E-002
   6.2597766838039692E-002
   6.2784337441523619E-002
   6.2967434023874863E-002
   6.3147022983653101E-002
   6.3323071296924702E-002
   6.3495546527377766E-002
   6.3664416836273205E-002
   6.3829650992236725E-002
   6.3991218380877971E-002
   6.4149089014239213E-002
   6.4303233540067534E-002
   6.4453623250906492E-002
   6.4600230093001976E-002
   6.4743026675022450E-002
   6.4881986276586673E-002
   6.5017082856593814E-002
   6.5148291061352490E-002
   6.5275586232512506E-002
   6.5398944414784443E-002
   6.5518342363455009E-002
   6.5633757551681257E-002
   6.5745168177576988E-002
   6.5852553171073455E-002
   6.5955892200561195E-002
   6.6055165679305528E-002
   6.6150354771631906E-002
   6.6241441398884798E-002
   6.6328408245147130E-002
   6.6411238762726615E-002
   6.6489917177404614E-002
   6.6564428493440186E-002
   6.6634758498336027E-002
   6.6700893767354885E-002
   6.6762821667791281E-002
   6.6820530362993374E-002
   6.6874008816132827E-002
   6.6923246793722593E-002
   6.6968234868881496E-002
   6.7008964424340692E-002
   6.7045427655197193E-002
   6.7077617571404541E-002
   6.7105528000005119E-002
   6.7129153587104279E-002
   6.7148489799583821E-002
   6.7163532926549460E-002
   6.7174280080518484E-002
   6.7180729198342309E-002
   6.7182879041867982E-002
   6.7180729198334954E-002
   6.7174280080504981E-002
   6.7163532926531225E-002
   6.7148489799560729E-002
   6.7129153587076260E-002
   6.7105527999973005E-002
   6.7077617571370290E-002
   6.7045427655162082E-002
   6.7008964424303513E-002
   6.6968234868844165E-002
   6.6923246793684402E-002
   6.6874008816095176E-002
   6.6820530362955294E-002
   6.6762821667753755E-002
   6.6700893767316638E-002
   6.6634758498299043E-002
   6.6564428493402800E-002
   6.6489917177368144E-002
   6.6411238762689437E-002
   6.6328408245107690E-002
   6.6241441398842651E-002
   6.6150354771587372E-002
   6.6055165679258523E-002
   6.5955892200511859E-002
   6.5852553171021899E-002
   6.5745168177522698E-002
   6.5633757551623761E-002
   6.5518342363393559E-002
   6.5398944414717788E-002
   6.5275586232439078E-002
   6.5148291061271374E-002
   6.5017082856504385E-002
   6.4881986276489348E-002
   6.4743026674917700E-002
   6.4600230092890565E-002
   6.4453623250791153E-002
   6.4303233539949337E-002
   6.4149089014117908E-002
   6.3991218380753279E-002
   6.3829650992109396E-002
   6.3664416836143323E-002
   6.3495546527246330E-002
   6.3323071296792238E-002
   6.3147022983520068E-002
   6.2967434023741567E-002
   6.2784337441389962E-002
   6.2597766837906063E-002
   6.2407756381971255E-002
   6.2214340799083022E-002
   6.2017555360996901E-002
   6.1817435875010138E-002
   6.1614018673122377E-002
   6.1407340601051789E-002
   6.1197439007132495E-002
   6.0984351731077822E-002
   6.0768117092636881E-002
   6.0548773880124092E-002
   6.0326361338853642E-002
   6.0100919159454640E-002
   5.9872487466098537E-002
   5.9641106804623707E-002
   5.9406818130574246E-002
   5.9169662797149414E-002
   5.8929682543083221E-002
   5.8686919480433253E-002
   5.8441416082314464E-002
   5.8193215170560822E-002
   5.7942359903320979E-002
   5.7688893762615399E-002
   5.7432860541825587E-002
   5.7174304333147991E-002
   5.6913269515006602E-002
   5.6649800739428241E-002
   5.6383942919389328E-002
   5.6115741216136036E-002
   5.5845241026488149E-002
   5.5572487970121758E-002
   5.5297527876848059E-002
   5.5020406773879295E-002
   5.4741170873104733E-002
   5.4459866558357523E-002
   5.4176540372705327E-002
   5.3891239005740485E-002
   5.3604009280905626E-002
   5.3314898142826347E-002
   5.3023952644685908E-002
   5.2731219935619314E-002
   5.2436747248162018E-002
   5.2140581885723618E-002
   5.1842771210121229E-002
   5.1543362629159130E-002
   5.1242403584263199E-002
   5.0939941538178372E-002
   5.0636023962730023E-002
   5.0330698326653218E-002
   5.0024012083495550E-002
   4.9716012659595861E-002
   4.9406747442149561E-002
   4.9096263767355694E-002
   4.8784608908652292E-002
   4.8471830065048613E-002
   4.8157974349553226E-002
   4.7843088777703477E-002
   4.7527220256199050E-002
   4.7210415571644834E-002
   4.6892721379412160E-002
   4.6574184192599413E-002
   4.6254850371132125E-002
   4.5934766110973087E-002
   4.5613977433458686E-002
   4.5292530174769315E-002
   4.4970469975530752E-002
   4.4647842270547425E-002
   4.4324692278676657E-002
   4.4001064992847207E-002
   4.3677005170214320E-002
   4.3352557322466088E-002
   4.3027765706278677E-002
   4.2702674313927130E-002
   4.2377326864042837E-002
   4.2051766792532128E-002
   4.1726037243654243E-002
   4.1400181061260026E-002
   4.1074240780193366E-002
   4.0748258617859863E-002
   4.0422276465958092E-002
   4.0096335882384530E-002
   3.9770478083309933E-002
   3.9444743935424478E-002
   3.9119173948360023E-002
   3.8793808267284631E-002
   3.8468686665678084E-002
   3.8143848538282794E-002
   3.7819332894239013E-002
   3.7495178350396174E-002
   3.7171423124804530E-002
   3.6848105030390210E-002
   3.6525261468820562E-002
   3.6202929424544075E-002
   3.5881145459022969E-002
   3.5559945705146319E-002
   3.5239365861828395E-002
   3.4919441188801331E-002
   3.4600206501583131E-002
   3.4281696166642762E-002
   3.3963944096746329E-002
   3.3646983746493470E-002
   3.3330848108038040E-002
   3.3015569706997330E-002
   3.2701180598552183E-002
   3.2387712363724078E-002
   3.2075196105848365E-002
   3.1763662447228037E-002
   3.1453141525974115E-002
   3.1143662993032312E-002
   3.0835256009389213E-002
   3.0527949243468754E-002
   3.0221770868704211E-002
   2.9916748561296017E-002
   2.9612909498150791E-002
   2.9310280354998091E-002
   2.9008887304684004E-002
   2.8708756015650171E-002
   2.8409911650576877E-002
   2.8112378865214518E-002
   2.7816181807373618E-002
   2.7521344116100237E-002
   2.7227888921018739E-002
   2.6935838841837416E-002
   2.6645215988030629E-002
   2.6356041958677232E-002
   2.6068337842470715E-002
   2.5782124217890789E-002
   2.5497421153531055E-002
   2.5214248208588533E-002
   2.4932624433511193E-002
   2.4652568370795748E-002
   2.4374098055944562E-002
   2.4097231018564952E-002
   2.3821984283626734E-002
   2.3548374372856770E-002
   2.3276417306282087E-002
   2.3006128603917774E-002
   2.2737523287591304E-002
   2.2470615882900339E-002
   2.2205420421315226E-002
   2.1941950442404816E-002
   2.1680218996198299E-002
   2.1420238645670858E-002
   2.1162021469356262E-002
   2.0905579064086195E-002
   2.0650922547844057E-002
   2.0398062562737854E-002
   2.0147009278093611E-002
   1.9897772393650547E-002
   1.9650361142879710E-002
   1.9404784296395378E-002
   1.9161050165484875E-002
   1.8919166605733437E-002
   1.8679141020749572E-002
   1.8440980365986983E-002
   1.8204691152661850E-002
   1.7970279451758681E-002
   1.7737750898130320E-002
   1.7507110694677631E-002
   1.7278363616618417E-002
   1.7051514015831007E-002
   1.6826565825279083E-002
   1.6603522563515390E-002
   1.6382387339246820E-002
   1.6163162855983643E-002
   1.5945851416746037E-002
   1.5730454928836016E-002
   1.5516974908677254E-002
   1.5305412486705900E-002
   1.5095768412321802E-002
   1.4888043058891744E-002
   1.4682236428809269E-002
   1.4478348158596213E-002
   1.4276377524053389E-002
   1.4076323445452996E-002
   1.3878184492774542E-002
   1.3681958890973484E-002
   1.3487644525293030E-002
   1.3295238946604216E-002
   1.3104739376773908E-002
   1.2916142714068589E-002
   1.2729445538575303E-002
   1.2544644117654154E-002
   1.2361734411402437E-002
   1.2180712078147684E-002
   1.2001572479944298E-002
   1.1824310688095191E-002
   1.1648921488681565E-002
   1.1475399388095161E-002
   1.1303738618588305E-002
   1.1133933143817986E-002
   1.0965976664401290E-002
   1.0799862623465363E-002
   1.0635584212197461E-002
   1.0473134375391073E-002
   1.0312505816987713E-002
   1.0153691005607495E-002
   9.9966821800715807E-003
   9.8414713549139950E-003
   9.6880503258764718E-003
   9.5364106753897237E-003
   9.3865437780374338E-003
   9.2384408059982513E-003
   9.0920927344727148E-003
   8.9474903470796868E-003
   8.8046242412337297E-003
   8.6634848334921823E-003
   8.5240623648775056E-003
   8.3863469061710334E-003
   8.2503283631720475E-003
   8.1159964819265840E-003
   7.9833408539215969E-003
   7.8523509212473433E-003
   7.7230159817126961E-003
   7.5953251939378311E-003
   7.4692675823945631E-003
   7.3448320424130383E-003
   7.2220073451418247E-003
   7.1007821424677892E-003
   6.9811449718906468E-003
   6.8630842613544591E-003
   6.7465883340299126E-003
   6.6316454130487985E-003
   6.5182436261936524E-003
   6.4063710105330589E-003
   6.2960155170090687E-003
   6.1871650149757850E-003
   6.0798072966802745E-003
   5.9739300816948815E-003
   5.8695210212955894E-003
   5.7665677027840994E-003
   5.6650576537548725E-003
   5.5649783463066994E-003
   5.4663172012002674E-003
   5.3690615919561018E-003
   5.2731988488958015E-003
   5.1787162631224907E-003
   5.0856010904503507E-003
   4.9938405552637823E-003
   4.9034218543285478E-003
   4.8143321605332674E-003
   4.7265586265793731E-003
   4.6400883886080959E-003
   4.5549085697604748E-003
   4.4710062836830506E-003
   4.3883686379714475E-003
   4.3069827375516977E-003
   4.2268356879990431E-003
   4.1479145987964854E-003
   4.0702065865309634E-003
   3.9936987780276930E-003
   3.9183783134243777E-003
   3.8442323491783554E-003
   3.7712480610206977E-003
   3.6994126468371893E-003
   3.6287133294994737E-003
   3.5591373596233077E-003
   3.4906720182760341E-003
   3.4233046196123565E-003
   3.3570225134581522E-003
   3.2918130878257655E-003
   3.2276637713747527E-003
   3.1645620358057821E-003
   3.1024953982000856E-003
   3.0414514232957966E-003
   2.9814177257051979E-003
   2.9223819720716341E-003
   2.8643318831710271E-003
   2.8072552359471744E-003
   2.7511398655006686E-003
   2.6959736670078560E-003
   2.6417445975890105E-003
   2.5884406781179286E-003
   2.5360499949753017E-003
   2.4845607017465726E-003
   2.4339610208609676E-003
   2.3842392451815398E-003
   2.3353837395339956E-003
   2.2873829421860294E-003
   2.2402253662717766E-003
   2.1938996011618183E-003
   2.1483943137836190E-003
   2.1036982498889066E-003
   2.0598002352687126E-003
   2.0166891769179949E-003
   1.9743540641548227E-003
   1.9327839696816449E-003
   1.8919680506061241E-003
   1.8518955494082720E-003
   1.8125557948636100E-003
   1.7739382029164424E-003
   1.7360322775113574E-003
   1.6988276113724329E-003
   1.6623138867457156E-003
   1.6264808760911322E-003
   1.5913184427357330E-003
   1.5568165414777408E-003
   1.5229652191562032E-003
   1.4897546151744928E-003
   1.4571749619822231E-003
   1.4252165855238726E-003
   1.3938699056392195E-003
   1.3631254364313366E-003
   1.3329737865933546E-003
   1.3034056597010326E-003
   1.2744118544672882E-003
   1.2459832649605121E-003
   1.2181108807882369E-003
   1.1907857872472734E-003
   1.1639991654391404E-003
   1.1377422923532275E-003
   1.1120065409165325E-003
   1.0867833800150821E-003
   1.0620643744807805E-003
   1.0378411850501543E-003
   1.0141055682927362E-003
   9.9084937651487074E-004
   9.6806455762686258E-004
   9.4574315499055216E-004
   9.2387730723867117E-004
   9.0245924806486356E-004
   8.8148130599373755E-004
   8.6093590411890849E-004
   8.4081555982677941E-004
   8.2111288448999560E-004
   8.0182058313765835E-004
   7.8293145410839472E-004
   7.6443838868050520E-004
   7.4633437067979098E-004
   7.2861247606810032E-004
   7.1126587251190744E-004
   6.9428781893624643E-004
   6.7767166505175241E-004
   6.6141085087563565E-004
   6.4549890622312160E-004
   6.2992945019451209E-004
   6.1469619063780369E-004
   5.9979292360035389E-004
   5.8521353276534661E-004
   5.7095198887206831E-004
   5.5700234912539506E-004
   5.4335875659254369E-004
   5.3001543958258832E-004
   5.1696671102290440E-004
   5.0420696781370818E-004
   4.9173069018179508E-004
   4.7953244101595473E-004
   4.6760686519805867E-004
   4.5594868892163905E-004
   4.4455271900539995E-004
   4.3341384219041507E-004
   4.2252702444296622E-004
   4.1188731023465572E-004
   4.0148982182564404E-004
   3.9132975854067916E-004
   3.8140239603426770E-004
   3.7170308555341811E-004
   3.6222725319648896E-004
   3.5297039916576005E-004
   3.4392809701148068E-004
   3.3509599288052019E-004
   3.2646980475437059E-004
   3.1804532168836218E-004
   3.0981840304243168E-004
   3.0178497771803282E-004
   2.9394104338405946E-004
   2.8628266570698949E-004
   2.7880597757527163E-004
   2.7150717832752071E-004
   2.6438253297569138E-004
   2.5742837143048476E-004
   2.5064108772335529E-004
   2.4401713923437727E-004
   2.3755304591295125E-004
   2.3124538950510727E-004
   2.2509081277923362E-004
   2.1908601875533882E-004
   2.1322776993144821E-004
   2.0751288751823642E-004
   2.0193825066780656E-004
   1.9650079571273150E-004
   1.9119751539856347E-004
   1.8602545813025255E-004
   1.8098172721194367E-004
   1.7606348009241730E-004
   1.7126792761864849E-004
   1.6659233328336203E-004
   1.6203401248753997E-004
   1.5759033179765729E-004
   1.5325870821166081E-004
   1.4903660842834711E-004
   1.4492154812111092E-004
   1.4091109121250358E-004
   1.3700284916302649E-004
   1.3319448025254468E-004
   1.2948368887592606E-004
   1.2586822484224189E-004
   1.2234588267238635E-004
   1.1891450091187041E-004
   1.1557196144162992E-004
   1.1231618880007865E-004
   1.0914514950420597E-004
   1.0605685138148505E-004
   1.0304934290942351E-004
   1.0012071255242169E-004
   9.7269088114900108E-005
   9.4492636091659572E-005
   9.1789561032202315E-005
   8.9158104905855124E-005
   8.6596546474053382E-005
   8.4103200670556849E-005
   8.1676417989116472E-005
   7.9314583872651419E-005
   7.7016118113496884E-005
   7.4779474260450637E-005
   7.2603139026294826E-005
   7.0485631711023335E-005
   6.8425503624426203E-005
   6.6421337518126532E-005
   6.4471747026700156E-005
   6.2575376107314675E-005
   6.0730898496270708E-005
   5.8937017167538707E-005
   5.7192463794605339E-005
   5.5495998226370422E-005
   5.3846407962797319E-005
   5.2242507642226126E-005
   5.0683138535177093E-005
   4.9167168038473515E-005
   4.7693489185989377E-005
   4.6261020157628032E-005
   4.4868703800237156E-005
   4.3515507150770550E-005
   4.2200420973361987E-005
   4.0922459293729350E-005
   3.9680658946512745E-005
   3.8474079126681889E-005
   3.7301800948268234E-005
   3.6162927012232619E-005
   3.5056580972908573E-005
   3.3981907119149082E-005
   3.2938069960030081E-005
   3.1924253811944662E-005
   3.0939662399098005E-005
   2.9983518454273010E-005
   2.9055063329214443E-005
   2.8153556613341382E-005
   2.7278275750994655E-005
   2.6428515671750033E-005
   2.5603588424362491E-005
   2.4802822817349304E-005
   2.4025564063667700E-005
   2.3271173433694619E-005
   2.2539027912101587E-005
   2.1828519863526384E-005
   2.1139056698979952E-005
   2.0470060552497050E-005
   1.9820967959008702E-005
   1.9191229546225164E-005
   1.8580309720165247E-005
   1.7987686365723066E-005
   1.7412850547462348E-005
   1.6855306219429354E-005
   1.6314569935766381E-005
   1.5790170571031400E-005
   1.5281649041329699E-005
   1.4788558036267135E-005
   1.4310461747970019E-005
   1.3846935615492681E-005
   1.3397566061675883E-005
   1.2961950245830592E-005
   1.2539695815042403E-005
   1.2130420663694998E-005
   1.1733752694142577E-005
   1.1349329583506724E-005
   1.0976798557063357E-005
   1.0615816162817635E-005
   1.0266048051369895E-005
   9.9271687634211150E-006
   9.5988615155590502E-006
   9.2808179953424794E-006
   8.9727381597304716E-006
   8.6743300342498074E-006
   8.3853095200051718E-006
   8.1054002030451464E-006
   7.8343331695512906E-006
   7.5718468187134392E-006
   7.3176866887628873E-006
   7.0716052790668796E-006
   6.8333618804967910E-006
   6.6027224053033794E-006
   6.3794592253874755E-006
   6.1633510105036832E-006
   5.9541825699803427E-006
   5.7517447006125686E-006
   5.5558340358380190E-006
   5.3662528971306018E-006
   5.1828091518146666E-006
   5.0053160699003011E-006
   4.8335921880964167E-006
   4.6674611757599259E-006
   4.5067517012550897E-006
   4.3512973036903177E-006
   4.2009362684804944E-006
   4.0555115025374661E-006
   3.9148704149430738E-006
   3.7788647994436803E-006
   3.6473507199237382E-006
   3.5201883971167583E-006
   3.3972421011355901E-006
   3.2783800415504221E-006
   3.1634742661069306E-006
   3.0524005559958420E-006
   2.9450383286331651E-006
   2.8412705379818806E-006
   2.7409835798606527E-006
   2.6440672017510469E-006
   2.5504144105431524E-006
   2.4599213820593916E-006
   2.3724873791675302E-006
   2.2880146633846346E-006
   2.2064084162394115E-006
   2.1275766579757871E-006
   2.0514301676031300E-006
   1.9778824100395586E-006
   1.9068494590794077E-006
   1.8382499260331053E-006
   1.7720048894633031E-006
   1.7080378254565456E-006
   1.6462745409959617E-006
   1.5866431068358407E-006
   1.5290737968776764E-006
   1.4734990240772924E-006
   1.4198532785351896E-006
   1.3680730703552975E-006
   1.3180968721569925E-006
   1.2698650612826304E-006
   1.2233198672608446E-006
   1.1784053164181090E-006
   1.1350671818510462E-006
   1.0932529318216182E-006
   1.0529116820992184E-006
   1.0139941450610524E-006
   9.7645258614431096E-007
   9.4024077804537706E-007
   9.0531395523493978E-007
   8.7162877051494364E-007
   8.3914325667264627E-007
   8.0781678190127684E-007
   7.7761001095568956E-007
   7.4848486797022612E-007
   7.2040449887661804E-007
   6.9333323327170080E-007
   6.6723655082487929E-007
   6.4208104616765008E-007
   6.1783439407774828E-007
   5.9446531824879715E-007
   5.7194355870984232E-007
   5.5023984296328826E-007
   5.2932585256166821E-007
   5.0917419727575192E-007
   4.8975838319629477E-007
   4.7105279017073996E-007
   4.5303263888099994E-007
   4.3567397064622408E-007
   4.1895361810298870E-007
   4.0284918312280033E-007
   3.8733901116117776E-007
   3.7240216867749798E-007
   3.5801842185435932E-007
   3.4416821278023446E-007
   3.3083263897225252E-007
   3.1799343392068835E-007
   3.0563294514320887E-007
   2.9373411576424614E-007
   2.8228046495804074E-007
   2.7125607181600523E-007
   2.6064555545088291E-007
   2.5043405651318846E-007
   2.4060722485862610E-007
   2.3115119843909458E-007
   2.2205259152072378E-007
   2.1329847597546263E-007
   2.0487636895010505E-007
   1.9677421837740414E-007
   1.8898038712751664E-007
   1.8148364105250837E-007
   1.7427313467447672E-007
   1.6733840007282846E-007
   1.6066933391639405E-007
   1.5425618414852252E-007
   1.4808954010532246E-007
   1.4216032105847680E-007
   1.3645976480269756E-007
   1.3097941641327804E-007
   1.2571111953114478E-007
   1.2064700634092129E-007
   1.1577948615907498E-007
   1.1110123663243047E-007
   1.0660519764083143E-007
   1.0228455941189241E-007
   9.8132753801313259E-008
   9.4143448856168378E-008
   9.0310538934162315E-008
   8.6628137308502946E-008
   8.3090568042453166E-008
   7.9692360203026021E-008
   7.6428240669722612E-008
   7.3293126020282350E-008
   7.0282118314382656E-008
   6.7390495151477462E-008
   6.4613708226500777E-008
   6.1947372762547782E-008
   5.9387265930739069E-008
   5.6929318103337810E-008
   5.4569609279767785E-008
   5.2304362544543790E-008
   5.0129941044469717E-008
   4.8042841753432823E-008
   4.6039690604660307E-008
   4.4117237524539622E-008
   4.2272355034617463E-008
   4.0502029207123643E-008
   3.8803359617491239E-008
   3.7173554257313796E-008
   3.5609925255438546E-008
   3.4109884504709553E-008
   3.2670940559669538E-008
   3.1290697490746489E-008
   2.9966847895746574E-008
   2.8697171642504600E-008
   2.7479532250049104E-008
   2.6311874538126209E-008
   2.5192220369810686E-008
   2.4118667851051810E-008
   2.3089387093588796E-008
   2.2102617344396558E-008
   2.1156665058035823E-008
   2.0249902552400561E-008
   1.9380762608187679E-008
   1.8547740085482179E-008
   1.7749386919842711E-008
   1.6984310550983234E-008
   1.6251172603463091E-008
   1.5548685897133674E-008
   1.4875613885195389E-008
   1.4230767393362824E-008
   1.3613003014969450E-008
   1.3021223211502820E-008
   1.2454371518242351E-008
   1.1911434530936096E-008
   1.1391437541447559E-008
   1.0893444690570276E-008
   1.0416555696397543E-008
   9.9599060948632988E-009
   9.5226661101321847E-009
   9.1040385625189218E-009
   8.7032567423681457E-009
   8.3195870739266237E-009
   7.9523215854533893E-009
   7.6007828369806130E-009
   7.2643190947993721E-009
   6.9423053586209284E-009
   6.6341412375906120E-009
   6.3392508821587278E-009
   6.0570809818285445E-009
   5.7871008587812450E-009
   5.5288009243963716E-009
   5.2816914735359617E-009
   5.0453038773903811E-009
   4.8191871094506221E-009
   4.6029102709207926E-009
   4.3960581407910508E-009
   4.1982334115490905E-009
   4.0090537719886398E-009
   3.8281540865747130E-009
   3.6551836470513771E-009
   3.4898055025607243E-009
   3.3316962445931257E-009
   3.1805467669339471E-009
   3.0360604637920821E-009
   2.8979523986416506E-009
   2.7659503641151151E-009
   2.6397915012062209E-009
   2.5192255177781785E-009
   2.4040123106551804E-009
   2.2939217023222066E-009
   2.1887326283295940E-009
   2.0882332980225157E-009
   1.9922211565216172E-009
   1.9005021857710377E-009
   1.8128890933574666E-009
   1.7292046900340575E-009
   1.6492775694196334E-009
   1.5729441527111395E-009
   1.5000482699749608E-009
   1.4304385151143627E-009
   1.3639719731090023E-009
   1.3005105552438121E-009
   1.2399228486082493E-009
   1.1820817943899962E-009
   1.1268664658421198E-009
   1.0741617395392344E-009
   1.0238568323414457E-009
   9.7584541395929909E-010
   9.3002568349957611E-010
   8.8630090241514333E-010
   8.4457754000067994E-010
   8.0476665973259630E-010
   7.6678370030283408E-010
   7.3054674873291618E-010
   6.9597715531941554E-010
   6.6300127405110139E-010
   6.3154765614143951E-010
   6.0154746120088397E-010
   5.7293589908291315E-010
   5.4565012338405812E-010
   5.1963031417988884E-010
   4.9481988207531472E-010
   4.7116439307834135E-010
   4.4861064778496362E-010
   4.2710919125092952E-010
   4.0661210018582246E-010
   3.8707435365499047E-010
   3.6845130635699840E-010
   3.5070231700437191E-010
   3.3378668543901190E-010
   3.1766679881844070E-010
   3.0230565678515393E-010
   2.8766901031083512E-010
   2.7372382061240339E-010
   2.6043817021062034E-010
   2.4778100221629428E-010
   2.3572386511657766E-010
   2.2423914118091015E-010
   2.1330076742545157E-010
   2.0288267496701594E-010
   1.9296069237664468E-010
   1.8351262111234287E-010
   1.7451586809489734E-010
   1.6594987417599694E-010
   1.5779412185596169E-010
   1.5002929228989840E-010
   1.4263765792764459E-010
   1.3560140269436779E-010
   1.2890404917081416E-010
   1.2252947936105411E-010
   1.1646308216955474E-010
   1.1068986718435663E-010
   1.0519626064219774E-010
   9.9968425633104131E-011
   9.4994838555408924E-011
   9.0262393710002710E-011
   8.5760338609058589E-011
   8.1477840580590129E-011
   7.7404135482257711E-011
   7.3529405335714989E-011
   6.9844353085060960E-011
   6.6339567959984217E-011
   6.3006432314506883E-011
   5.9836710636738521E-011
   5.6823376801008289E-011
   5.3958468863250115E-011
   5.1234246356314753E-011
   4.8644720551478223E-011
   4.6183193049976363E-011
   4.3843294354877688E-011
   4.1619412072716430E-011
   3.9505449406535823E-011
   3.7496550987982648E-011
   3.5587837101653675E-011
   3.3773953655614045E-011
   3.2050471093538090E-011
   3.0412899526138925E-011
   2.8857344613199705E-011
   2.7379317069945627E-011
   2.5975195323907781E-011
   2.4641993896706625E-011
   2.3375564897117327E-011
   2.2172729301387361E-011
   2.1030596646958658E-011
   1.9946013094428420E-011
   1.8915905378102583E-011
   1.7938269997137846E-011
   1.7009754448174241E-011
   1.6127991691166617E-011
   1.5291098371337753E-011
   1.4497448561574539E-011
   1.3742948675478866E-011
   1.3027679519833924E-011
   1.2348999627166714E-011
   1.1704321778728331E-011
   1.1092772244344989E-011
   1.0512552639367548E-011
   9.9621142741105016E-012
   9.4394862467086912E-012
   8.9445285714174190E-012
   8.4745555260779694E-012
   8.0285681690185376E-012
   7.6058733543858466E-012
   7.2046945178444085E-012
   6.8242757546748274E-012
   6.4636094813951941E-012
   6.1219262814690664E-012
   5.7974344964314524E-012
   5.4899605463521869E-012
   5.1981214516712636E-012
   4.9219998127788363E-012
   4.6602692951860749E-012
   4.4119577526388799E-012
   4.1764896541734274E-012
   3.9536534302232988E-012
   3.7423867559309305E-012
   3.5417907501804211E-012
   3.3519479264822391E-012
   3.1725925546992500E-012
   3.0022752246431973E-012
   2.8404903728120519E-012
   2.6877932296291277E-012
   2.5429240223368267E-012
   2.4058497804497948E-012
   2.2758276041332630E-012
   2.1528692056010474E-012
   2.0363300834386217E-012
   1.9260738091082027E-012
   1.8218948984546881E-012
   1.7227211751540834E-012
   1.6291305396933193E-012
   1.5404771572755603E-012
   1.4564919240889414E-012
   1.3767093554437432E-012
   1.3016141549373126E-012
   1.2305243968105864E-012
   1.1633333174352396E-012
   1.0994375666227734E-012
   1.0393504155266410E-012
   9.8214742331043184E-013
   9.2808715760973640E-013
   8.7693388505594362E-013
   8.2846183668090544E-013
   7.8275331250978951E-013
   7.3943797080531064E-013
   6.9869986336919675E-013
   6.6023788644558465E-013
   6.2360264270103987E-013
   5.8889974280465050E-013
   5.5656245622315521E-013
   5.2560776371147572E-013
   4.9628549356609007E-013
   4.6832448214613017E-013
   4.4232617177779790E-013
   4.1784969697831585E-013
   3.9437276505533721E-013
   3.7223833669600078E-013
   3.5158234301030938E-013
   3.3196838775984465E-013
   3.1346077639650812E-013
   2.9559806047194041E-013
   2.7929331914811309E-013
   2.6330759593249609E-013
   2.4818376884401431E-013
   2.3412356008390580E-013
   2.2081307231184575E-013
   2.0836051369089201E-013
   1.9675805064762847E-013
   1.8575392896242178E-013
   1.7519687953532294E-013
   1.6521513140924998E-013
   1.5569415076409137E-013
   1.4719374025190738E-013
   1.3863226213985019E-013
   1.3079789187522407E-013
   1.2297173538914683E-013
   1.1640101259024583E-013
   1.0957514878850743E-013
   1.0341699459741323E-013
   9.7565334684657443E-014
   9.2011600867333020E-014
   8.6786807574512721E-014
   8.1544509192233628E-014
   7.6989474657621817E-014
   7.2785203221733462E-014
   6.8080938944884460E-014
   6.4329472879833477E-014
   6.0300390825298452E-014
   5.7004399504405735E-014
   5.3939467321513896E-014
   5.0810564770542785E-014
   4.7881202460748750E-014
   4.4941870431397579E-014
   4.2574701328516916E-014
   4.0160745819997682E-014
   3.7682103737905909E-014
   3.5186277460998342E-014
   3.3327027473579335E-014
   3.1223890564306068E-014
   2.9655650309423114E-014
   2.7715285969122511E-014
   2.5864998234563766E-014
   2.4550441587015554E-014
   2.3134196542133945E-014
   2.1857678206530001E-014
   1.9933596740880201E-014
   1.9173109092068156E-014
   1.8220599195781427E-014
   1.6787619013521325E-014
   1.6174091776628633E-014
   1.4790902063341698E-014
   1.4210891418168969E-014
   1.3548212161990892E-014
   1.2741658880148026E-014
   1.1862188834314790E-014
   1.1213378990328339E-014
   1.0618725335862409E-014
   9.8049806853680747E-015
   9.2086659654932705E-015
   8.8458910029200046E-015
   8.0457246493604950E-015
   7.5849051159119379E-015
   6.9701211298952246E-015
   6.7739053834069448E-015
   6.2549650860110570E-015
   6.0261852872147746E-015
   5.6211247828787602E-015
   5.6392719075663525E-015
   5.0071389355336208E-015
   4.8779026737726572E-015
   4.2611340248039238E-015
   4.2582099701724957E-015
   3.9487631344277652E-015
   3.5481889530928956E-015
   3.9275313227062283E-015
   3.2980040685989286E-015
   3.2369231619449160E-015
   3.0535538894108706E-015
   2.7555255871283562E-015
   2.2241436511185878E-015
   2.2820250287975514E-015
   2.1327817851367352E-015
   2.2934384343245208E-015
   1.9999810004426823E-015
   1.6447827339651969E-015
   1.9441219911145762E-015
   1.7057501211037852E-015
   1.3597729086061923E-015
   1.3648160961159485E-015
   1.3109934738075886E-015
   1.3804442277515092E-015
   1.4196127283149187E-015
   1.2110146340306748E-015
   9.5305116145614233E-016
   5.8820879939365002E-016
   1.1186386321246714E-015
   9.8466783081181467E-016
   8.7097486036042832E-016
   8.9284532809680932E-016
   7.6063284611394376E-016
   6.3716567874105417E-016
   6.7554053450229201E-016
   5.4896165587059710E-016
   7.5976362388025305E-016
   5.8243029712393425E-016
   6.7988050787021511E-016
   6.6566530947145904E-016
   2.5262522111625302E-016
   2.4830494854736960E-016
   3.6604154239351531E-016
   4.0758540801666422E-016
   4.5339695414512444E-016
   2.3618056679111314E-016
   4.1793730025732548E-016
   3.2279773317465623E-016
   2.0637380877924245E-016
  -8.7675095541865730E-019
   3.6231884030993808E-016
   2.3695106695634920E-016
   2.6740484546340059E-016
   2.7034733794919833E-016
   3.6718989424582957E-016
   1.7156518785007413E-019
   2.5085923841500286E-016
   2.6663382736236503E-016
   2.1365381093636405E-016
  -1.9213732104988502E-018
   2.2680920124159363E-016
  -1.0513633128503485E-017
   8.9158330944108333E-017
   2.1006394735890245E-016
   2.5923323240018241E-016
   1.6880009343397858E-016
  -9.1535423878539464E-017
   5.2449960529833498E-017
   1.7496654058292878E-016
   3.5826048738039975E-016
   3.4937537734647314E-016
   2.1595514217369326E-016
   9.4759254627562259E-017
   2.7360645175845767E-017
   1.2494833169421445E-016
   2.1626744780639972E-016
   1.8871209348827536E-016
  -5.1897069204686804E-018
  -2.0392058206272275E-016
  -1.7573228616112200E-017
  -1.1557607499064757E-016
  -1.6238389889190420E-016
  -8.1773131590328090E-017
   2.2107747529266722E-016
   9.1724199677028276E-017
  -4.4148656497164212E-017
   1.0772813351975602E-016
  -1.7948878401548113E-017
  -1.6019022155907110E-017
  -3.3492821175884407E-018
  -1.8183819012321099E-016
   1.6897752885132146E-016
  -9.3478290600179075E-017
   8.6202395542455839E-017
   1.1767066821944196E-016
   1.7129097152902192E-016
   4.3531146233478139E-017
  -1.4740677239054124E-016
  -5.5249695029536583E-018
  -1.0258336505435949E-016
  -2.4564891297166452E-017
   1.0539974098214739E-017
   5.0125506216506829E-017
   2.2584742519120503E-016
  -5.3684273855759295E-017
   9.5801707672746696E-017
   9.6273535126742746E-017
  -8.2117440230785174E-017
   9.2807364098852453E-017
   8.3360098306617099E-017
   1.1823998468704757E-016
  -3.7305030087890133E-018
   3.2617025109288186E-017
   1.8273156417347740E-016
  -1.3778075077417224E-017
  -1.8474739323109880E-016
  -5.4026250204941497E-018
  -2.1285792138974250E-016
   1.2711633647219471E-016
   1.1713280995139062E-016
   3.2971428453473852E-016
   2.6300396499823646E-016
  -1.2695195374015867E-018
   7.5154961511037530E-017
   7.1576736119774366E-017
   1.5637309220868730E-016
   1.1198820186415558E-016
   9.4419588693400957E-018
   1.3448383278330576E-016
  -6.0566356521275799E-017
  -2.3300743902340477E-016
  -2.2963041357447625E-016
  -2.3291111797340624E-016
  -1.0972303382442044E-016
   1.8294887581928590E-017
  -5.0124171619270655E-017
  -2.5753032726663903E-016
   1.1843578496394351E-016
  -1.3483091762835008E-016
   1.6599009629076741E-016
   1.5800292379312199E-016
   4.6012810011674821E-017
   4.3620001010216256E-017
  -1.7334116759046560E-017
   1.6357966388400930E-016
  -2.0500562926155359E-016
   1.1069326445692917E-016
   1.2372286695977108E-016
   1.7040175236016691E-017
   7.3185879696940880E-017
  -7.5877714235269087E-019
  -6.1843139578829800E-017
   1.6522584142817420E-016
   5.0688625695049189E-017
   1.4036718372155599E-017
   2.9485212745107284E-016
   1.3630165517607044E-016
   5.5154940422226088E-017
   1.4306915048232891E-016
   2.1219113144978545E-017
   3.0378362488511306E-017
  -2.8178141628952662E-016
  -4.5967657350361037E-017
  -1.0175525223374468E-016
  -1.0999057118908455E-016
  -5.6454850071668987E-017
   5.3136993240624629E-017
   3.6478148354039839E-016
  -1.8661423325341429E-016
   7.6647264033480048E-017
   1.6563595613640450E-016
  -2.8887639230565946E-016
  -2.1271270215762906E-016
   1.6923541737625203E-016
   2.8545352652332333E-017
   9.5804807834302608E-017
  -2.4368527672287526E-016
   3.1566265399543850E-017
  -5.4005390989035290E-017
  -6.7964224304549596E-017
  -2.2860821380200404E-016
   7.4079377932975751E-017
  -3.0520544356422825E-016
  -1.9992305816145057E-016
  -6.3239665970471937E-017
  -1.1326220673893497E-016
   1.9915275559986723E-016
   1.6592553069262600E-016
   5.4322949031762022E-017
   1.0701823608520826E-017
   1.1881661754955887E-016
   1.0556338172976179E-016
   5.2025269841076997E-018
  -1.0280036814220953E-016
  -2.5090509000825170E-016
   6.3713714432155130E-017
  -4.4330474391800104E-017
   2.0586314424635526E-016
  -1.5756058647764160E-017
  -1.4145890295745471E-016
   2.7431537818788587E-017
   7.8284491442831210E-017
  -1.2164880141381883E-016
   9.2430219566551959E-017
   8.3651876741600806E-017
   1.7609582643547996E-016
  -1.7910113651779572E-018
  -1.5461860620963132E-016
   6.4278741551177601E-017
  -5.2924020955414892E-017
   1.3156451708384820E-016
   1.2699776148577926E-016
   7.5503631192989349E-017
  -7.3001305833231079E-017
   9.9622208742975515E-017
  -2.2722823053748360E-017
   1.9323252330004735E-016
  -3.3517986471492907E-017
   2.5434650396451532E-017
  -1.1265992006062093E-017
  -1.6170598561935314E-016
  -1.5385041219882782E-016
   7.7894129101725508E-017
   3.5072119502837359E-016
  -4.8951436231435520E-017
   1.4378131538753502E-016
   1.9035713671507687E-016
   1.1952678456713324E-016
   1.7456759902518304E-016
  -1.9098147197846534E-018
   1.7643657935661748E-016
  -2.6226543397312650E-018
   1.4498307566582023E-016
   4.9431145574452301E-017
   1.5310177228923832E-016
  -4.8668388810170573E-017
   4.8966406679722183E-017
   6.4078653760607145E-018
   4.2182284199608861E-017
   2.3563934946981668E-016
   2.4607863772919126E-016
   1.0554503906128205E-016
   1.4314299572963153E-016
  -1.6167843284974556E-016
  -1.1136488197426176E-016
  -1.9905507565780157E-017
  -1.7755705791107639E-016
  -1.1989883489231067E-016
  -8.9010845948958191E-017
   2.9395008923210509E-017
  -3.6516585613502874E-017
  -2.0463551633796058E-016
  -6.0587902766752080E-017
   1.5699803812499765E-016
   2.7341021374396671E-017
  -3.7283165606718891E-016
   2.1275160670561044E-017
   7.5698611516306049E-017
   1.8885150380760881E-016
   5.5156331014355008E-017
   6.7496142761688697E-017
   1.3202645424320426E-016
  -1.2868170059448101E-016
   9.3101668396329541E-017
  -1.2391208823569119E-017
  -3.1809486519190286E-016
  -1.2682889967185736E-016
  -1.6473741121933795E-016
  -6.8480968283668540E-017
   1.2078751993911119E-016
   1.6346306730364472E-016
  -2.3310933546616264E-016
  -1.2119140011376481E-016
   1.0936329575391089E-016
  -2.7109441750928970E-016
   1.1815705817853670E-016
  -2.1030672933436302E-016
   1.0598357753658570E-016
   1.0835557785136776E-016
   9.7537269777909279E-017
