  -2.6871705559536349E-023
  -5.3910230701582365E-023
  -8.1282878804883490E-023
  -1.0915846778222888E-022
  -1.3770836334317758E-022
  -1.6710752109032069E-022
  -1.9753554374902213E-022
  -2.2917775986015857E-022
  -2.6222633033292213E-022
  -2.9688138936012071E-022
  -3.3335222634175189E-022
  -3.7185851564430029E-022
  -4.1263160124377682E-022
  -4.5591584356080805E-022
  -5.0197003609703343E-022
  -5.5106889982508100E-022
  -6.0350466367070016E-022
  -6.5958873985729190E-022
  -7.1965350336157844E-022
  -7.8405418525719645E-022
  -8.5317089030263437E-022
  -9.2741074976399014E-022
  -1.0072102211547701E-021
  -1.0930375473271022E-021
  -1.1853953881654551E-021
  -1.2848236390188579E-021
  -1.3919024509648028E-021
  -1.5072554690325707E-021
  -1.6315533056300235E-021
  -1.7655172676218484E-021
  -1.9099233568040503E-021
  -2.0656065649162762E-021
  -2.2334654858357787E-021
  -2.4144672692130196E-021
  -2.6096529415459569E-021
  -2.8201431225562898E-021
  -3.0471441667362763E-021
  -3.2919547620869680E-021
  -3.5559730203802857E-021
  -3.8407040957575231E-021
  -4.1477683711376631E-021
  -4.4789102547649948E-021
  -4.8360076322868259E-021
  -5.2210820230362737E-021
  -5.6363094927169986E-021
  -6.0840323784606308E-021
  -6.5667718862755223E-021
  -7.0872416252416453E-021
  -7.6483621474553906E-021
  -8.2532765677087114E-021
  -8.9053673422234218E-021
  -9.6082742914799150E-021
  -1.0365913958303887E-020
  -1.1182500398935678E-020
  -1.2062567511833438E-020
  -1.3010993016487819E-020
  -1.4033024202583618E-020
  -1.5134305578474401E-020
  -1.6320908557174067E-020
  -1.7599363327962250E-020
  -1.8976693072289276E-020
  -2.0460450694001232E-020
  -2.2058758246038038E-020
  -2.3780349248744529E-020
  -2.5634614108827460E-020
  -2.7631648862866335E-020
  -2.9782307485194043E-020
  -3.2098258016992656E-020
  -3.4592042791658872E-020
  -3.7277143050986490E-020
  -4.0168048267549530E-020
  -4.3280330510970712E-020
  -4.6630724219602513E-020
  -5.0237211764654438E-020
  -5.4119115221066712E-020
  -5.8297194788596518E-020
  -6.2793754337764968E-020
  -6.7632754588649151E-020
  -7.2839934466140999E-020
  -7.8442941213405878E-020
  -8.4471469885981011E-020
  -9.0957412892501749E-020
  -9.7935020294552842E-020
  -1.0544107162786298E-019
  -1.1351506006019613E-019
  -1.2219938975805818E-019
  -1.3153958739496939E-019
  -1.4158452879892313E-019
  -1.5238668180578515E-019
  -1.6400236645941876E-019
  -1.7649203377826270E-019
  -1.8992056439248313E-019
  -2.0435758844589540E-019
  -2.1987782825308430E-019
  -2.3656146530489766E-019
  -2.5449453332519346E-019
  -2.7376933919882482E-019
  -2.9448491371593489E-019
  -3.1674749421107520E-019
  -3.4067104131818174E-019
  -3.6637779221452905E-019
  -3.9399885288904696E-019
  -4.2367483214370575E-019
  -4.5555652022139819E-019
  -4.8980561515114212E-019
  -5.2659550011172390E-019
  -5.6611207533955951E-019
  -6.0855464834598333E-019
  -6.5413688646471906E-019
  -7.0308783602288070E-019
  -7.5565301271940409E-019
  -8.1209556810496251E-019
  -8.7269753738788046E-019
  -9.3776117414322412E-019
  -1.0076103778780345E-018
  -1.0825922208064354E-018
  -1.1630785806156608E-018
  -1.2494678864594009E-018
  -1.3421869859005071E-018
  -1.4416931410423606E-018
  -1.5484761626399064E-018
  -1.6630606915689421E-018
  -1.7860086376586882E-018
  -1.9179217865599549E-018
  -2.0594445860322735E-018
  -2.2112671237909667E-018
  -2.3741283098620589E-018
  -2.5488192772527897E-018
  -2.7361870156610151E-018
  -2.9371382539219308E-018
  -3.1526436079297069E-018
  -3.3837420118769337E-018
  -3.6315454518334216E-018
  -3.8972440219393901E-018
  -4.1821113248232286E-018
  -4.4875102392761596E-018
  -4.8148990797281265E-018
  -5.1658381736810987E-018
  -5.5419968849694015E-018
  -5.9451611125417051E-018
  -6.3772412964007242E-018
  -6.8402809644030243E-018
  -7.3364658558198206E-018
  -7.8681336598984096E-018
  -8.4377844101535521E-018
  -9.0480915777638010E-018
  -9.7019139102655144E-018
  -1.0402308064731778E-017
  -1.1152542087808697E-017
  -1.1956109798371888E-017
  -1.2816746132164788E-017
  -1.3738443511616262E-017
  -1.4725469308103572E-017
  -1.5782384468262652E-017
  -1.6914063380544537E-017
  -1.8125715063119796E-017
  -1.9422905759426651E-017
  -2.0811583033191410E-017
  -2.2298101460627153E-017
  -2.3889250023757564E-017
  -2.5592281315450803E-017
  -2.7414942673798336E-017
  -2.9365509370964291E-017
  -3.1452819989588998E-017
  -3.3686314128282239E-017
  -3.6076072586729103E-017
  -3.8632860190457229E-017
  -4.1368171425454483E-017
  -4.4294279063578213E-017
  -4.7424285971122744E-017
  -5.0772180305039082E-017
  -5.4352894314183614E-017
  -5.8182366976639609E-017
  -6.2277610718676293E-017
  -6.6656782476308468E-017
  -7.1339259376786020E-017
  -7.6345719334681805E-017
  -8.1698226875684263E-017
  -8.7420324520735460E-017
  -9.3537130083901741E-017
  -1.0007544025936384E-016
  -1.0706384089627343E-016
  -1.1453282438497958E-016
  -1.2251491460440696E-016
  -1.3104479990823307E-016
  -1.4015947465707782E-016
  -1.4989838983526011E-016
  -1.6030361332390600E-016
  -1.7142000043746936E-016
  -1.8329537536808362E-016
  -1.9598072422177861E-016
  -2.0953040037262856E-016
  -2.2400234290540830E-016
  -2.3945830896455119E-016
  -2.5596412087720970E-016
  -2.7358992897125457E-016
  -2.9241049106525352E-016
  -3.1250546966695772E-016
  -3.3395974797997680E-016
  -3.5686376588510037E-016
  -3.8131387713357324E-016
  -4.0741272906463204E-016
  -4.3526966623904458E-016
  -4.6500115946460045E-016
  -4.9673126177857848E-016
  -5.3059209304659228E-016
  -5.6672435493725615E-016
  -6.0527787813781488E-016
  -6.4641220378804694E-016
  -6.9029720122829055E-016
  -7.3711372428306436E-016
  -7.8705430843462184E-016
  -8.4032391138157007E-016
  -8.9714069962646361E-016
  -9.5773688389396596E-016
  -1.0223596063477974E-015
  -1.0912718827513326E-015
  -1.1647536029030929E-015
  -1.2431025928761689E-015
  -1.3266357427993098E-015
  -1.4156902041384914E-015
  -1.5106246606716725E-015
  -1.6118206775962640E-015
  -1.7196841334707989E-015
  -1.8346467399682958E-015
  -1.9571676547114396E-015
  -2.0877351927686485E-015
  -2.2268686427168374E-015
  -2.3751201935221340E-015
  -2.5330769788551552E-015
  -2.7013632458429231E-015
  -2.8806426556679653E-015
  -3.0716207238556238E-015
  -3.2750474085464906E-015
  -3.4917198555324313E-015
  -3.7224853093423033E-015
  -3.9682442002019413E-015
  -4.2299534172593105E-015
  -4.5086297790664621E-015
  -4.8053537129420212E-015
  -5.1212731555078086E-015
  -5.4576076873983410E-015
  -5.8156529158890636E-015
  -6.1967851199755259E-015
  -6.6024661732677436E-015
  -7.0342487609422294E-015
  -7.4937819079196102E-015
  -7.9828168364156894E-015
  -8.5032131720443320E-015
  -9.0569455187420767E-015
  -9.6461104239329102E-015
  -1.0272933756565952E-014
  -1.0939778521938803E-014
  -1.1649153138570436E-014
  -1.2403720203813018E-014
  -1.3206305776394854E-014
  -1.4059909205673093E-014
  -1.4967713539047646E-014
  -1.5933096540752437E-014
  -1.6959642357097537E-014
  -1.8051153865203882E-014
  -1.9211665744333542E-014
  -2.0445458311105607E-014
  -2.1757072162182602E-014
  -2.3151323670440731E-014
  -2.4633321383185988E-014
  -2.6208483373679720E-014
  -2.7882555600065243E-014
  -2.9661631328788074E-014
  -3.1552171682746014E-014
  -3.3561027377730535E-014
  -3.5695461714217396E-014
  -3.7963174895255168E-014
  -4.0372329745072385E-014
  -4.2931578907128181E-014
  -4.5650093604626570E-014
  -4.8537594051059683E-014
  -5.1604381603114886E-014
  -5.4861372753320094E-014
  -5.8320135065092440E-014
  -6.1992925158430577E-014
  -6.5892728860370842E-014
  -7.0033303640494456E-014
  -7.4429223458289462E-014
  -7.9095926156008945E-014
  -8.4049763537876469E-014
  -8.9308054284072684E-014
  -9.4889139855908097E-014
  -1.0081244355699292E-013
  -1.0709853292403288E-013
  -1.1376918563018192E-013
  -1.2084745909364445E-013
  -1.2835776399450821E-013
  -1.3632594191359322E-013
  -1.4477934731847841E-013
  -1.5374693413380599E-013
  -1.6325934714556059E-013
  -1.7334901850220519E-013
  -1.8405026958948425E-013
  -1.9539941857027901E-013
  -2.0743489389627774E-013
  -2.2019735411433949E-013
  -2.3372981430741932E-013
  -2.4807777952770497E-013
  -2.6328938559838284E-013
  -2.7941554768009280E-013
  -2.9651011701883849E-013
  -3.1463004631381462E-013
  -3.3383556416643424E-013
  -3.5419035909580032E-013
  -3.7576177363103999E-013
  -3.9862100901735026E-013
  -4.2284334110034360E-013
  -4.4850834798247249E-013
  -4.7570015007583835E-013
  -5.0450766320788404E-013
  -5.3502486547018521E-013
  -5.6735107853586463E-013
  -6.0159126420850044E-013
  -6.3785633700416235E-013
  -6.7626349360930961E-013
  -7.1693656010017578E-013
  -7.6000635785423877E-013
  -8.0561108913180456E-013
  -8.5389674335516592E-013
  -9.0501752516495609E-013
  -9.5913630538773911E-013
  -1.0164250961062570E-012
  -1.0770655510836664E-012
  -1.1412494928560418E-012
  -1.2091794678735456E-012
  -1.2810693311395681E-012
  -1.3571448618700557E-012
  -1.4376444117709938E-012
  -1.5228195876118436E-012
  -1.6129359698562522E-012
  -1.7082738691989419E-012
  -1.8091291229493642E-012
  -1.9158139332990170E-012
  -2.0286577496097075E-012
  -2.1480081969661826E-012
  -2.2742320533463617E-012
  -2.4077162778790086E-012
  -2.5488690927792610E-012
  -2.6981211216800986E-012
  -2.8559265872104504E-012
  -3.0227645708102346E-012
  -3.1991403379184252E-012
  -3.3855867318229779E-012
  -3.5826656396211492E-012
  -3.7909695339067130E-012
  -4.0111230939750230E-012
  -4.2437849105210487E-012
  -4.4896492779964229E-012
  -4.7494480789936533E-012
  -5.0239527652342643E-012
  -5.3139764399590116E-012
  -5.6203760467473583E-012
  -5.9440546700339620E-012
  -6.2859639528424461E-012
  -6.6471066375189363E-012
  -7.0285392355237405E-012
  -7.4313748326276425E-012
  -7.8567860361594575E-012
  -8.3060080712671457E-012
  -8.7803420334833661E-012
  -9.2811583052300084E-012
  -9.8099001442574603E-012
  -1.0368087452386652E-011
  -1.0957320733319502E-011
  -1.1579285248689403E-011
  -1.2235755381955083E-011
  -1.2928599220187857E-011
  -1.3659783364271010E-011
  -1.4431377978519476E-011
  -1.5245562091237262E-011
  -1.6104629158266229E-011
  -1.7010992902133876E-011
  -1.7967193439993522E-011
  -1.8975903714153648E-011
  -2.0039936239630922E-011
  -2.1162250183823654E-011
  -2.2345958794090369E-011
  -2.3594337189744821E-011
  -2.4910830535728896E-011
  -2.6299062616012466E-011
  -2.7762844825588235E-011
  -2.9306185600788673E-011
  -3.0933300308540878E-011
  -3.2648621616113146E-011
  -3.4456810363873071E-011
  -3.6362766964595247E-011
  -3.8371643353912861E-011
  -4.0488855517610361E-011
  -4.2720096622605973E-011
  -4.5071350779668854E-011
  -4.7548907467172186E-011
  -5.0159376646482271E-011
  -5.2909704600943372E-011
  -5.5807190531836853E-011
  -5.8859503946169401E-011
  -6.2074702872683843E-011
  -6.5461252944082945E-011
  -6.9028047385144880E-011
  -7.2784427948127158E-011
  -7.6740206838686631E-011
  -8.0905689677428217E-011
  -8.5291699544154848E-011
  -8.9909602153956697E-011
  -9.4771332216389963E-011
  -9.9889421031242430E-011
  -1.0527702537668027E-010
  -1.1094795774798407E-010
  -1.1691671800759029E-010
  -1.2319852650977434E-010
  -1.2980935876600608E-010
  -1.3676598171986968E-010
  -1.4408599170335060E-010
  -1.5178785414937503E-010
  -1.5989094513866807E-010
  -1.6841559486231022E-010
  -1.7738313308483239E-010
  -1.8681593669623980E-010
  -1.9673747944514720E-010
  -2.0717238394902988E-010
  -2.1814647608166209E-010
  -2.2968684184199520E-010
  -2.4182188681309963E-010
  -2.5458139832433210E-010
  -2.6799661043457758E-010
  -2.8210027185934889E-010
  -2.9692671696959627E-010
  -3.1251193999537197E-010
  -3.2889367257301343E-010
  -3.4611146478018168E-010
  -3.6420676980907566E-010
  -3.8322303243426299E-010
  -4.0320578143799380E-010
  -4.2420272616252365E-010
  -4.4626385736587270E-010
  -4.6944155256456364E-010
  -4.9379068605445858E-010
  -5.1936874380840086E-010
  -5.4623594345749810E-010
  -5.7445535957114988E-010
  -6.0409305445963102E-010
  -6.3521821473192246E-010
  -6.6790329385093977E-010
  -7.0222416093776588E-010
  -7.3826025608676684E-010
  -7.7609475246363040E-010
  -8.1581472546932786E-010
  -8.5751132926411045E-010
  -9.0127998095724735E-010
  -9.4722055278029873E-010
  -9.9543757257413515E-010
  -1.0460404329328769E-009
  -1.0991436093613923E-009
  -1.1548668878167488E-009
  -1.2133356020186186E-009
  -1.2746808809283452E-009
  -1.3390399068121284E-009
  -1.4065561843194231E-009
  -1.4773798210248414E-009
  -1.5516678198983197E-009
  -1.6295843841869202E-009
  -1.7113012352093988E-009
  -1.7969979435842261E-009
  -1.8868622744315285E-009
  -1.9810905471096854E-009
  -2.0798880100686373E-009
  -2.1834692314243204E-009
  -2.2920585058804696E-009
  -2.4058902786487404E-009
  -2.5252095870414643E-009
  -2.6502725204373116E-009
  -2.7813466993454903E-009
  -2.9187117743218627E-009
  -3.0626599455178365E-009
  -3.2134965036715564E-009
  -3.3715403933816550E-009
  -3.5371247995335001E-009
  -3.7105977577808588E-009
  -3.8923227900185899E-009
  -4.0826795658155102E-009
  -4.2820645908131425E-009
  -4.4908919231310352E-009
  -4.7095939188585070E-009
  -4.9386220077503224E-009
  -5.1784475002851371E-009
  -5.4295624272863168E-009
  -5.6924804133480579E-009
  -5.9677375853544802E-009
  -6.2558935174244015E-009
  -6.5575322136619339E-009
  -6.8732631301433946E-009
  -7.2037222376190852E-009
  -7.5495731264622764E-009
  -7.9115081554513861E-009
  -8.2902496460259409E-009
  -8.6865511237152445E-009
  -9.1011986084967649E-009
  -9.5350119559032509E-009
  -9.9888462507602178E-009
  -1.0463593255499347E-008
  -1.0960182915061826E-008
  -1.1479584920473542E-008
  -1.2022810333246308E-008
  -1.2590913272831348E-008
  -1.3184992669428117E-008
  -1.3806194084528919E-008
  -1.4455711601660843E-008
  -1.5134789789867959E-008
  -1.5844725742564588E-008
  -1.6586871194475737E-008
  -1.7362634719473875E-008
  -1.8173484012212391E-008
  -1.9020948256553398E-008
  -1.9906620583889270E-008
  -2.0832160624551041E-008
  -2.1799297155613890E-008
  -2.2809830848506516E-008
  -2.3865637119951542E-008
  -2.4968669089870362E-008
  -2.6120960650013587E-008
  -2.7324629647188986E-008
  -2.8581881185093076E-008
  -2.9895011048873547E-008
  -3.1266409256687013E-008
  -3.2698563742648859E-008
  -3.4194064175715498E-008
  -3.5755605919179199E-008
  -3.7385994135604211E-008
  -3.9088148042187640E-008
  -4.0865105321681805E-008
  -4.2720026694175294E-008
  -4.4656200655194289E-008
  -4.6677048385761731E-008
  -4.8786128840212418E-008
  -5.0987144017755966E-008
  -5.3283944423950755E-008
  -5.5680534728448485E-008
  -5.8181079625561610E-008
  -6.0789909904394870E-008
  -6.3511528735506291E-008
  -6.6350618181246787E-008
  -6.9312045937168208E-008
  -7.2400872312086153E-008
  -7.5622357454631632E-008
  -7.8981968834337831E-008
  -8.2485388985566633E-008
  -8.6138523522801181E-008
  -8.9947509436101714E-008
  -9.3918723675765846E-008
  -9.8058792035499169E-008
  -1.0237459834367773E-007
  -1.0687329397254852E-007
  -1.1156230767551557E-007
  -1.1644935576292777E-007
  -1.2154245262709403E-007
  -1.2684992162755721E-007
  -1.3238040634796218E-007
  -1.3814288223617461E-007
  -1.4414666863964581E-007
  -1.5040144124831865E-007
  -1.5691724495776746E-007
  -1.6370450716555231E-007
  -1.7077405151416760E-007
  -1.7813711209433791E-007
  -1.8580534812273304E-007
  -1.9379085910863434E-007
  -2.0210620052440059E-007
  -2.1076439999504906E-007
  -2.1977897402262198E-007
  -2.2916394526147032E-007
  -2.3893386036097009E-007
  -2.4910380839267979E-007
  -2.5968943987931840E-007
  -2.7070698644348442E-007
  -2.8217328109442573E-007
  -2.9410577917169894E-007
  -3.0652257996500040E-007
  -3.1944244902997549E-007
  -3.3288484122031474E-007
  -3.4686992445693544E-007
  -3.6141860425558328E-007
  -3.7655254903475964E-007
  -3.9229421622636179E-007
  -4.0866687921205245E-007
  -4.2569465510883298E-007
  -4.4340253342804708E-007
  -4.6181640563242738E-007
  -4.8096309561655697E-007
  -5.0087039113663817E-007
  -5.2156707621612873E-007
  -5.4308296455440961E-007
  -5.6544893396633422E-007
  -5.8869696188107357E-007
  -6.1286016192949330E-007
  -6.3797282164979831E-007
  -6.6407044134201311E-007
  -6.9118977410248274E-007
  -7.1936886707033389E-007
  -7.4864710391856117E-007
  -7.7906524862309239E-007
  -8.1066549054402935E-007
  -8.4349149085387686E-007
  -8.7758843034850422E-007
  -9.1300305867723139E-007
  -9.4978374502935372E-007
  -9.8798053031504565E-007
  -1.0276451808796337E-006
  -1.0688312437908702E-006
  -1.1115941037397081E-006
  -1.1559910415960711E-006
  -1.2020812946618167E-006
  -1.2499261186638855E-006
  -1.2995888515319987E-006
  -1.3511349790053264E-006
  -1.4046322021144138E-006
  -1.4601505065847145E-006
  -1.5177622342096823E-006
  -1.5775421562417887E-006
  -1.6395675488511882E-006
  -1.7039182707024009E-006
  -1.7706768427005760E-006
  -1.8399285299597658E-006
  -1.9117614260465280E-006
  -1.9862665395535422E-006
  -2.0635378830583556E-006
  -2.1436725645240291E-006
  -2.2267708811988839E-006
  -2.3129364160739890E-006
  -2.4022761369579275E-006
  -2.4949004982293502E-006
  -2.5909235453289196E-006
  -2.6904630220535154E-006
  -2.7936404807160847E-006
  -2.9005813952364757E-006
  -3.0114152772284904E-006
  -3.1262757951507778E-006
  -3.2453008965889466E-006
  -3.3686329337387082E-006
  -3.4964187921595133E-006
  -3.6288100228706156E-006
  -3.7659629778614989E-006
  -3.9080389490904761E-006
  -4.0552043110457337E-006
  -4.2076306669446004E-006
  -4.3654949986477640E-006
  -4.5289798203663022E-006
  -4.6982733362403772E-006
  -4.8735696018694636E-006
  -5.0550686898752657E-006
  -5.2429768595797124E-006
  -5.4375067308805243E-006
  -5.6388774624094745E-006
  -5.8473149340577177E-006
  -6.0630519339553554E-006
  -6.2863283499919777E-006
  -6.5173913659665776E-006
  -6.7564956624569728E-006
  -7.0039036224976825E-006
  -7.2598855421589500E-006
  -7.5247198461185053E-006
  -7.7986933083191741E-006
  -8.0821012778072872E-006
  -8.3752479098456132E-006
  -8.6784464023981353E-006
  -8.9920192380824046E-006
  -9.3162984316875214E-006
  -9.6516257833564637E-006
  -9.9983531375313662E-006
  -1.0356842647762064E-005
  -1.0727467047478424E-005
  -1.1110609926827886E-005
  -1.1506666015680401E-005
  -1.1916041472903507E-005
  -1.2339154182009777E-005
  -1.2776434053281857E-005
  -1.3228323332478622E-005
  -1.3695276916226913E-005
  -1.4177762674204837E-005
  -1.4676261778221570E-005
  -1.5191269038299223E-005
  -1.5723293245864371E-005
  -1.6272857524153631E-005
  -1.6840499685940813E-005
  -1.7426772598693303E-005
  -1.8032244557262011E-005
  -1.8657499664213997E-005
  -1.9303138217912940E-005
  -1.9969777108453631E-005
  -2.0658050221558521E-005
  -2.1368608850540957E-005
  -2.2102122116440030E-005
  -2.2859277396435411E-005
  -2.3640780760642767E-005
  -2.4447357417397679E-005
  -2.5279752167128291E-005
  -2.6138729864923429E-005
  -2.7025075891893972E-005
  -2.7939596635431274E-005
  -2.8883119978461578E-005
  -2.9856495797796007E-005
  -3.0860596471672387E-005
  -3.1896317396588085E-005
  -3.2964577513515747E-005
  -3.4066319843597512E-005
  -3.5202512033409168E-005
  -3.6374146909884514E-005
  -3.7582243044986691E-005
  -3.8827845330216443E-005
  -4.0112025561036752E-005
  -4.1435883031299996E-005
  -4.2800545137756567E-005
  -4.4207167994719554E-005
  -4.5656937058962791E-005
  -4.7151067764925557E-005
  -4.8690806170289050E-005
  -5.0277429611992980E-005
  -5.1912247372757593E-005
  -5.3596601358163935E-005
  -5.5331866784357529E-005
  -5.7119452876422080E-005
  -5.8960803577471042E-005
  -6.0857398268510798E-005
  -6.2810752499103248E-005
  -6.4822418728877618E-005
  -6.6893987079915971E-005
  -6.9027086100038843E-005
  -7.1223383537022378E-005
  -7.3484587123758062E-005
  -7.5812445374369341E-005
  -7.8208748391294785E-005
  -8.0675328683341309E-005
  -8.3214061994692969E-005
  -8.5826868144892035E-005
  -8.8515711879739309E-005
  -9.1282603733133458E-005
  -9.4129600899789026E-005
  -9.7058808118818802E-005
  -1.0007237856812674E-004
  -1.0317251476957176E-004
  -1.0636146950484645E-004
  -1.0964154674200538E-004
  -1.1301510257256589E-004
  -1.1648454615912501E-004
  -1.2005234069337918E-004
  -1.2372100436446986E-004
  -1.2749311133755230E-004
  -1.3137129274245894E-004
  -1.3535823767236532E-004
  -1.3945669419230191E-004
  -1.4366947035738536E-004
  -1.4799943524062493E-004
  -1.5244951997013293E-004
  -1.5702271877558437E-004
  -1.6172209004373963E-004
  -1.6655075738284390E-004
  -1.7151191069569643E-004
  -1.7660880726119856E-004
  -1.8184477282413315E-004
  -1.8722320269295517E-004
  -1.9274756284536103E-004
  -1.9842139104135373E-004
  -2.0424829794356338E-004
  -2.1023196824451149E-004
  -2.1637616180055451E-004
  -2.2268471477219262E-004
  -2.2916154077040461E-004
  -2.3581063200871409E-004
  -2.4263606046060591E-004
  -2.4964197902195079E-004
  -2.5683262267806988E-004
  -2.6421230967504407E-004
  -2.7178544269485931E-004
  -2.7955651003400302E-004
  -2.8753008678503557E-004
  -2.9571083602073688E-004
  -3.0410350998033819E-004
  -3.1271295125736832E-004
  -3.2154409398864998E-004
  -3.3060196504390137E-004
  -3.3989168521544053E-004
  -3.4941847040746775E-004
  -3.5918763282433283E-004
  -3.6920458215726520E-004
  -3.7947482676893671E-004
  -3.9000397487528986E-004
  -4.0079773572398856E-004
  -4.1186192076885539E-004
  -4.2320244483964501E-004
  -4.3482532730650022E-004
  -4.4673669323836438E-004
  -4.5894277455467794E-004
  -4.7144991116961364E-004
  -4.8426455212814120E-004
  -4.9739325673310998E-004
  -5.1084269566260528E-004
  -5.2461965207683202E-004
  -5.3873102271359270E-004
  -5.5318381897165357E-004
  -5.6798516798106245E-004
  -5.8314231365961275E-004
  -5.9866261775453125E-004
  -6.1455356086848620E-004
  -6.3082274346904594E-004
  -6.4747788688058051E-004
  -6.6452683425768998E-004
  -6.8197755153918905E-004
  -6.9983812838162840E-004
  -7.1811677907135645E-004
  -7.3682184341410876E-004
  -7.5596178760105575E-004
  -7.7554520505026397E-004
  -7.9558081722248461E-004
  -8.1607747441013933E-004
  -8.3704415649844626E-004
  -8.5848997369752998E-004
  -8.8042416724432514E-004
  -9.0285611007318804E-004
  -9.2579530745398033E-004
  -9.4925139759638195E-004
  -9.7323415221936983E-004
  -9.9775347708444886E-004
  -1.0228194124915384E-003
  -1.0484421337361867E-003
  -1.0746319515267840E-003
  -1.1013993123606708E-003
  -1.1287547988575446E-003
  -1.1567091300491938E-003
  -1.1852731616239045E-003
  -1.2144578861244119E-003
  -1.2442744330980117E-003
  -1.2747340691973235E-003
  -1.3058481982304963E-003
  -1.3376283611593839E-003
  -1.3700862360442963E-003
  -1.4032336379339516E-003
  -1.4370825186991157E-003
  -1.4716449668086041E-003
  -1.5069332070461454E-003
  -1.5429596001667631E-003
  -1.5797366424909890E-003
  -1.6172769654357951E-003
  -1.6555933349803775E-003
  -1.6946986510657661E-003
  -1.7346059469263218E-003
  -1.7753283883520587E-003
  -1.8168792728800918E-003
  -1.8592720289136307E-003
  -1.9025202147673740E-003
  -1.9466375176375183E-003
  -1.9916377524949454E-003
  -2.0375348609003429E-003
  -2.0843429097393562E-003
  -2.1320760898767928E-003
  -2.1807487147279632E-003
  -2.2303752187460362E-003
  -2.2809701558236650E-003
  -2.3325481976076618E-003
  -2.3851241317250989E-003
  -2.4387128599195843E-003
  -2.4933293960961015E-003
  -2.5489888642730974E-003
  -2.6057064964404740E-003
  -2.6634976303218814E-003
  -2.7223777070403401E-003
  -2.7823622686852455E-003
  -2.8434669557800911E-003
  -2.9057075046490101E-003
  -2.9690997446812947E-003
  -3.0336595954921297E-003
  -3.0994030639787825E-003
  -3.1663462412705964E-003
  -3.2345052995719956E-003
  -3.3038964888969014E-003
  -3.3745361336935458E-003
  -3.4464406293588860E-003
  -3.5196264386409006E-003
  -3.5941100879281745E-003
  -3.6699081634256670E-003
  -3.7470373072155767E-003
  -3.8255142132021885E-003
  -3.9053556229401956E-003
  -3.9865783213452431E-003
  -4.0691991322858983E-003
  -4.1532349140564672E-003
  -4.2387025547295414E-003
  -4.3256189673879447E-003
  -4.4140010852349925E-003
  -4.5038658565830095E-003
  -4.5952302397186231E-003
  -4.6881111976452847E-003
  -4.7825256927020408E-003
  -4.8784906810579775E-003
  -4.9760231070824562E-003
  -5.0751398975904067E-003
  -5.1758579559625685E-003
  -5.2781941561404651E-003
  -5.3821653364962731E-003
  -5.4877882935768108E-003
  -5.5950797757223295E-003
  -5.7040564765597213E-003
  -5.8147350283706900E-003
  -5.9271319953344472E-003
  -6.0412638666458790E-003
  -6.1571470495090678E-003
  -6.2747978620065412E-003
  -6.3942325258450764E-003
  -6.5154671589782278E-003
  -6.6385177681063546E-003
  -6.7634002410550753E-003
  -6.8901303390324084E-003
  -7.0187236887659420E-003
  -7.1491957745205455E-003
  -7.2815619299983628E-003
  -7.4158373301210544E-003
  -7.5520369826965316E-003
  -7.6901757199709124E-003
  -7.8302681900671613E-003
  -7.9723288483119457E-003
  -8.1163719484523816E-003
  -8.2624115337633867E-003
  -8.4104614280491544E-003
  -8.5605352265383065E-003
  -8.7126462866768534E-003
  -8.8668077188190936E-003
  -9.0230323768196868E-003
  -9.1813328485287893E-003
  -9.3417214461923460E-003
  -9.5042101967598644E-003
  -9.6688108321030079E-003
  -9.8355347791459543E-003
  -1.0004393149911882E-002
  -1.0175396731487265E-002
  -1.0348555975907349E-002
  -1.0523880989965132E-002
  -1.0701381524948348E-002
  -1.0881066966305541E-002
  -1.1062946323246206E-002
  -1.1247028218278171E-002
  -1.1433320876684175E-002
  -1.1621832115943699E-002
  -1.1812569335100741E-002
  -1.2005539504084315E-002
  -1.2200749152983598E-002
  -1.2398204361281981E-002
  -1.2597910747054894E-002
  -1.2799873456133965E-002
  -1.3004097151244478E-002
  -1.3210586001116836E-002
  -1.3419343669580129E-002
  -1.3630373304639959E-002
  -1.3843677527545797E-002
  -1.4059258421853352E-002
  -1.4277117522485486E-002
  -1.4497255804798204E-002
  -1.4719673673654352E-002
  -1.4944370952513844E-002
  -1.5171346872541047E-002
  -1.5400600061738984E-002
  -1.5632128534111681E-002
  -1.5865929678864285E-002
  -1.6102000249643242E-002
  -1.6340336353823287E-002
  -1.6580933441847388E-002
  -1.6823786296624232E-002
  -1.7068889022991564E-002
  -1.7316235037247815E-002
  -1.7565817056760986E-002
  -1.7817627089659172E-002
  -1.8071656424610102E-002
  -1.8327895620694677E-002
  -1.8586334497381510E-002
  -1.8846962124609203E-002
  -1.9109766812981724E-002
  -1.9374736104084047E-002
  -1.9641856760923535E-002
  -1.9911114758506321E-002
  -2.0182495274550856E-002
  -2.0455982680350704E-002
  -2.0731560531788068E-002
  -2.1009211560507873E-002
  -2.1288917665259182E-002
  -2.1570659903408441E-002
  -2.1854418482633677E-002
  -2.2140172752806313E-002
  -2.2427901198065630E-002
  -2.2717581429094410E-002
  -2.3009190175602431E-002
  -2.3302703279023895E-002
  -2.3598095685437279E-002
  -2.3895341438712095E-002
  -2.4194413673892076E-002
  -2.4495284610820001E-002
  -2.4797925548011714E-002
  -2.5102306856785380E-002
  -2.5408397975654012E-002
  -2.5716167404987930E-002
  -2.6025582701952470E-002
  -2.6336610475730448E-002
  -2.6649216383032453E-002
  -2.6963365123905753E-002
  -2.7279020437844480E-002
  -2.7596145100210866E-002
  -2.7914700918973259E-002
  -2.8234648731765247E-002
  -2.8555948403275563E-002
  -2.8878558822973143E-002
  -2.9202437903173468E-002
  -2.9527542577453617E-002
  -2.9853828799421531E-002
  -3.0181251541844829E-002
  -3.0509764796146595E-002
  -3.0839321572272461E-002
  -3.1169873898937113E-002
  -3.1501372824250383E-002
  -3.1833768416736553E-002
  -3.2167009766745122E-002
  -3.2501044988261757E-002
  -3.2835821221124509E-002
  -3.3171284633648490E-002
  -3.3507380425665846E-002
  -3.3844052831985584E-002
  -3.4181245126277064E-002
  -3.4518899625381398E-002
  -3.4856957694055078E-002
  -3.5195359750150097E-002
  -3.5534045270236313E-002
  -3.5872952795667414E-002
  -3.6212019939093697E-002
  -3.6551183391429695E-002
  -3.6890378929272057E-002
  -3.7229541422779587E-002
  -3.7568604844010353E-002
  -3.7907502275724453E-002
  -3.8246165920651484E-002
  -3.8584527111226868E-002
  -3.8922516319797609E-002
  -3.9260063169299884E-002
  -3.9597096444410895E-002
  -3.9933544103174581E-002
  -4.0269333289104620E-002
  -4.0604390343763015E-002
  -4.0938640819817969E-002
  -4.1272009494579792E-002
  -4.1604420384014532E-002
  -4.1935796757236278E-002
  -4.2266061151477408E-002
  -4.2595135387537557E-002
  -4.2922940585706837E-002
  -4.3249397182169282E-002
  -4.3574424945874671E-002
  -4.3897942995891989E-002
  -4.4219869819224440E-002
  -4.4540123289101494E-002
  -4.4858620683734404E-002
  -4.5175278705533742E-002
  -4.5490013500793576E-002
  -4.5802740679829070E-002
  -4.6113375337572392E-002
  -4.6421832074617406E-002
  -4.6728025018711490E-002
  -4.7031867846692471E-002
  -4.7333273806860733E-002
  -4.7632155741788133E-002
  -4.7928426111549710E-002
  -4.8221997017386137E-002
  -4.8512780225777027E-002
  -4.8800687192930584E-002
  -4.9085629089672553E-002
  -4.9367516826738803E-002
  -4.9646261080457547E-002
  -4.9921772318817767E-002
  -5.0193960827912998E-002
  -5.0462736738756092E-002
  -5.0728010054457366E-002
  -5.0989690677753358E-002
  -5.1247688438883082E-002
  -5.1501913123800105E-002
  -5.1752274502713025E-002
  -5.1998682358940805E-002
  -5.2241046518084026E-002
  -5.2479276877486519E-002
  -5.2713283435992665E-002
  -5.2942976323978604E-002
  -5.3168265833655443E-002
  -5.3389062449626712E-002
  -5.3605276879694762E-002
  -5.3816820085897853E-002
  -5.4023603315776283E-002
  -5.4225538133843475E-002
  -5.4422536453263747E-002
  -5.4614510567712542E-002
  -5.4801373183412841E-002
  -5.4983037451333504E-002
  -5.5159416999538406E-002
  -5.5330425965669047E-002
  -5.5495979029556573E-002
  -5.5655991445932876E-002
  -5.5810379077248527E-002
  -5.5959058426562437E-002
  -5.6101946670513610E-002
  -5.6238961692328483E-002
  -5.6370022114883629E-002
  -5.6495047333784493E-002
  -5.6613957550456895E-002
  -5.6726673805235453E-002
  -5.6833118010430471E-002
  -5.6933212983361334E-002
  -5.7026882479341783E-002
  -5.7114051224596056E-002
  -5.7194644949099392E-002
  -5.7268590419320670E-002
  -5.7335815470852786E-002
  -5.7396249040918362E-002
  -5.7449821200728210E-002
  -5.7496463187688980E-002
  -5.7536107437426168E-002
  -5.7568687615625981E-002
  -5.7594138649665776E-002
  -5.7612396760024255E-002
  -5.7623399491453189E-002
  -5.7627085743891845E-002
  -5.7623395803117164E-002
  -5.7612271371106305E-002
  -5.7593655596093328E-002
  -5.7567493102307493E-002
  -5.7533730019384131E-002
  -5.7492314011418494E-002
  -5.7443194305661423E-002
  -5.7386321720822753E-002
  -5.7321648694990235E-002
  -5.7249129313129352E-002
  -5.7168719334154731E-002
  -5.7080376217558598E-002
  -5.6984059149583641E-002
  -5.6879729068915662E-002
  -5.6767348691894065E-002
  -5.6646882537215566E-002
  -5.6518296950117765E-002
  -5.6381560126036748E-002
  -5.6236642133705599E-002
  -5.6083514937704464E-002
  -5.5922152420423137E-002
  -5.5752530403444849E-002
  -5.5574626668317958E-002
  -5.5388420976718179E-002
  -5.5193895089977719E-002
  -5.4991032787970191E-002
  -5.4779819887347911E-002
  -5.4560244259104454E-002
  -5.4332295845459101E-002
  -5.4095966676049982E-002
  -5.3851250883425378E-002
  -5.3598144717819443E-002
  -5.3336646561202329E-002
  -5.3066756940595178E-002
  -5.2788478540636966E-002
  -5.2501816215394646E-002
  -5.2206776999408476E-002
  -5.1903370117958328E-002
  -5.1591606996551111E-002
  -5.1271501269605786E-002
  -5.0943068788345515E-002
  -5.0606327627871324E-002
  -5.0261298093424396E-002
  -4.9908002725821507E-002
  -4.9546466306055262E-002
  -4.9176715859065266E-002
  -4.8798780656653322E-002
  -4.8412692219555853E-002
  -4.8018484318659384E-002
  -4.7616192975355479E-002
  -4.7205856461036692E-002
  -4.6787515295711048E-002
  -4.6361212245758780E-002
  -4.5926992320800226E-002
  -4.5484902769701012E-002
  -4.5034993075684114E-002
  -4.4577314950563697E-002
  -4.4111922328097596E-002
  -4.3638871356453876E-002
  -4.3158220389790912E-002
  -4.2670029978954929E-002
  -4.2174362861288874E-002
  -4.1671283949566720E-002
  -4.1160860320031883E-002
  -4.0643161199564598E-002
  -4.0118257951968564E-002
  -3.9586224063380207E-002
  -3.9047135126807686E-002
  -3.8501068825797687E-002
  -3.7948104917239246E-002
  -3.7388325213309995E-002
  -3.6821813562559799E-002
  -3.6248655830151966E-002
  -3.5668939877255917E-002
  -3.5082755539600712E-002
  -3.4490194605204499E-002
  -3.3891350791272479E-002
  -3.3286319720282773E-002
  -3.2675198895264851E-002
  -3.2058087674275898E-002
  -3.1435087244090831E-002
  -3.0806300593106708E-002
  -3.0171832483482205E-002
  -2.9531789422509110E-002
  -2.8886279633242275E-002
  -2.8235413024382795E-002
  -2.7579301159438799E-002
  -2.6918057225171221E-002
  -2.6251795999332177E-002
  -2.5580633817717250E-002
  -2.4904688540539979E-002
  -2.4224079518143014E-002
  -2.3538927556058874E-002
  -2.2849354879431769E-002
  -2.2155485096824818E-002
  -2.1457443163418865E-002
  -2.0755355343618265E-002
  -2.0049349173084194E-002
  -1.9339553420207899E-002
  -1.8626098047042135E-002
  -1.7909114169703484E-002
  -1.7188734018269699E-002
  -1.6465090896179493E-002
  -1.5738319139162956E-002
  -1.5008554073710384E-002
  -1.4275931975102123E-002
  -1.3540590025020990E-002
  -1.2802666268758161E-002
  -1.2062299572038814E-002
  -1.1319629577478908E-002
  -1.0574796660699637E-002
  -9.8279418861126205E-003
  -9.0792069624009188E-003
  -8.3287341977081337E-003
  -7.5766664545639023E-003
  -6.8231471045608286E-003
  -6.0683199828038799E-003
  -5.3123293421518608E-003
  -4.5553198072715009E-003
  -3.7974363285275155E-003
  -3.0388241357266433E-003
  -2.2796286917341774E-003
  -1.5199956459872044E-003
  -7.6007078792497023E-004
  -3.5720835604756926E-013
   7.6007078721007854E-004
   1.5199956452713690E-003
   2.2796286910169074E-003
   3.0388241350092220E-003
   3.7974363278106067E-003
   4.5553198065551720E-003
   5.3123293414365181E-003
   6.0683199820899293E-003
   6.8231471038481617E-003
   7.5766664538526414E-003
   8.3287341969988955E-003
   9.0792069616948655E-003
   9.8279418854091433E-003
   1.0574796659998333E-002
   1.1319629576780966E-002
   1.2062299571344651E-002
   1.2802666268068004E-002
   1.3540590024333785E-002
   1.4275931974419270E-002
   1.5008554073031923E-002
   1.5738319138487816E-002
   1.6465090895506608E-002
   1.7188734017598222E-002
   1.7909114169034544E-002
   1.8626098046375075E-002
   1.9339553419543638E-002
   2.0049349172422227E-002
   2.0755355342958852E-002
   2.1457443162761478E-002
   2.2155485096169159E-002
   2.2849354878778497E-002
   2.3538927555408876E-002
   2.4224079517497239E-002
   2.4904688539897368E-002
   2.5580633817078709E-002
   2.6251795998699024E-002
   2.6918057224544604E-002
   2.7579301158817911E-002
   2.8235413023766840E-002
   2.8886279632631167E-002
   2.9531789421903459E-002
   3.0171832482881786E-002
   3.0806300592512156E-002
   3.1435087243501893E-002
   3.2058087673693302E-002
   3.2675198894688950E-002
   3.3286319719713520E-002
   3.3891350790709152E-002
   3.4490194604648597E-002
   3.5082755539052136E-002
   3.5668939876714843E-002
   3.6248655829620093E-002
   3.6821813562037176E-002
   3.7388325212796718E-002
   3.7948104916736378E-002
   3.8501068825304734E-002
   3.9047135126325939E-002
   3.9586224062909507E-002
   4.0118257951508335E-002
   4.0643161199115832E-002
   4.1160860319594858E-002
   4.1671283949141040E-002
   4.2174362860874462E-002
   4.2670029978552425E-002
   4.3158220389402278E-002
   4.3638871356080217E-002
   4.4111922327739653E-002
   4.4577314950221013E-002
   4.5034993075356744E-002
   4.5484902769389289E-002
   4.5926992320504248E-002
   4.6361212245477720E-002
   4.6787515295445760E-002
   4.7205856460786046E-002
   4.7616192975119508E-002
   4.8018484318437263E-002
   4.8412692219349573E-002
   4.8798780656463342E-002
   4.9176715858891058E-002
   4.9546466305895889E-002
   4.9908002725676380E-002
   5.0261298093294215E-002
   5.0606327627755535E-002
   5.0943068788243333E-002
   5.1271501269517301E-002
   5.1591606996475053E-002
   5.1903370117895774E-002
   5.2206776999358724E-002
   5.2501816215358779E-002
   5.2788478540614157E-002
   5.3066756940585456E-002
   5.3336646561203870E-002
   5.3598144717832565E-002
   5.3851250883448852E-002
   5.4095966676084899E-002
   5.4332295845503920E-002
   5.4560244259158279E-002
   5.4779819887408904E-002
   5.4991032788038879E-002
   5.5193895090054360E-002
   5.5388420976804381E-002
   5.5574626668412973E-002
   5.5752530403548828E-002
   5.5922152420536560E-002
   5.6083514937826116E-002
   5.6236642133836952E-002
   5.6381560126176199E-002
   5.6518296950265799E-002
   5.6646882537371275E-002
   5.6767348692059218E-002
   5.6879729069089648E-002
   5.6984059149766550E-002
   5.7080376217750875E-002
   5.7168719334356473E-002
   5.7249129313342452E-002
   5.7321648695214507E-002
   5.7386321721058849E-002
   5.7443194305909988E-002
   5.7492314011681499E-002
   5.7533730019660008E-002
   5.7567493102595790E-002
   5.7593655596393803E-002
   5.7612271371417841E-002
   5.7623395803437533E-002
   5.7627085744220465E-002
   5.7623399491792786E-002
   5.7612396760374815E-002
   5.7594138650025634E-002
   5.7568687615994901E-002
   5.7536107437803602E-002
   5.7496463188074637E-002
   5.7449821201120355E-002
   5.7396249041315704E-002
   5.7335815471255359E-002
   5.7268590419728684E-002
   5.7194644949511861E-002
   5.7114051225013659E-002
   5.7026882479764160E-002
   5.6933212983789276E-002
   5.6833118010862681E-002
   5.6726673805671320E-002
   5.6613957550895988E-002
   5.6495047334225418E-002
   5.6370022115324617E-002
   5.6238961692770338E-002
   5.6101946670955236E-002
   5.5959058427003848E-002
   5.5810379077688904E-002
   5.5655991446373121E-002
   5.5495979029996027E-002
   5.5330425966106635E-002
   5.5159416999973537E-002
   5.4983037451766491E-002
   5.4801373183843399E-002
   5.4614510568139832E-002
   5.4422536453687637E-002
   5.4225538134263174E-002
   5.4023603316191694E-002
   5.3816820086310113E-002
   5.3605276880101839E-002
   5.3389062450030132E-002
   5.3168265834054887E-002
   5.2942976324373725E-002
   5.2713283436384692E-002
   5.2479276877876749E-002
   5.2241046518472105E-002
   5.1998682359327114E-002
   5.1752274503097086E-002
   5.1501913124182931E-002
   5.1247688439264256E-002
   5.0989690678133068E-002
   5.0728010054835709E-002
   5.0462736739132749E-002
   5.0193960828287053E-002
   4.9921772319189220E-002
   4.9646261080826863E-002
   4.9367516827106550E-002
   4.9085629090038961E-002
   4.8800687193295632E-002
   4.8512780226141049E-002
   4.8221997017749096E-002
   4.7928426111911365E-002
   4.7632155742149664E-002
   4.7333273807222624E-002
   4.7031867847054154E-002
   4.6728025019072653E-002
   4.6421832074978082E-002
   4.6113375337933561E-002
   4.5802740680189025E-002
   4.5490013501150825E-002
   4.5175278705888687E-002
   4.4858620684086595E-002
   4.4540123289449708E-002
   4.4219869819568956E-002
   4.3897942996233397E-002
   4.3574424946214635E-002
   4.3249397182506144E-002
   4.2922940586041167E-002
   4.2595135387868827E-002
   4.2266061151806318E-002
   4.1935796757562066E-002
   4.1604420384338807E-002
   4.1272009494902610E-002
   4.0938640820141363E-002
   4.0604390344087936E-002
   4.0269333289433260E-002
   3.9933544103506469E-002
   3.9597096444745648E-002
   3.9260063169638683E-002
   3.8922516320139641E-002
   3.8584527111572106E-002
   3.8246165921000566E-002
   3.7907502276077004E-002
   3.7568604844365742E-002
   3.7229541423138335E-002
   3.6890378929634121E-002
   3.6551183391794202E-002
   3.6212019939461479E-002
   3.5872952796037839E-002
   3.5534045270610326E-002
   3.5195359750525887E-002
   3.4856957694432991E-002
   3.4518899625760421E-002
   3.4181245126656788E-002
   3.3844052832367098E-002
   3.3507380426048748E-002
   3.3171284634033460E-002
   3.2835821221511650E-002
   3.2501044988649849E-002
   3.2167009767134748E-002
   3.1833768417126693E-002
   3.1501372824640717E-002
   3.1169873899327214E-002
   3.0839321572662271E-002
   3.0509764796534725E-002
   3.0181251542231162E-002
   2.9853828799805367E-002
   2.9527542577834690E-002
   2.9202437903551013E-002
   2.8878558823347063E-002
   2.8555948403645736E-002
   2.8234648732130749E-002
   2.7914700919333787E-002
   2.7596145100566852E-002
   2.7279020438196164E-002
   2.6963365124254110E-002
   2.6649216383377455E-002
   2.6336610476071831E-002
   2.6025582702290020E-002
   2.5716167405321903E-002
   2.5408397975983977E-002
   2.5102306857110752E-002
   2.4797925548333873E-002
   2.4495284611138986E-002
   2.4194413674208715E-002
   2.3895341439026968E-002
   2.3598095685751559E-002
   2.3302703279337447E-002
   2.3009190175915229E-002
   2.2717581429406757E-002
   2.2427901198376773E-002
   2.2140172753115563E-002
   2.1854418482940886E-002
   2.1570659903714120E-002
   2.1288917665564556E-002
   2.1009211560811935E-002
   2.0731560532090413E-002
   2.0455982680651807E-002
   2.0182495274849176E-002
   1.9911114758802240E-002
   1.9641856761216745E-002
   1.9374736104374755E-002
   1.9109766813269563E-002
   1.8846962124894128E-002
   1.8586334497663299E-002
   1.8327895620973079E-002
   1.8071656424885368E-002
   1.7817627089931301E-002
   1.7565817057029982E-002
   1.7316235037513450E-002
   1.7068889023254315E-002
   1.6823786296884347E-002
   1.6580933442104786E-002
   1.6340336354078500E-002
   1.6102000249895491E-002
   1.5865929679113707E-002
   1.5632128534358341E-002
   1.5400600061981884E-002
   1.5171346872781389E-002
   1.4944370952750764E-002
   1.4719673673889344E-002
   1.4497255805029759E-002
   1.4277117522714778E-002
   1.4059258422079803E-002
   1.3843677527769535E-002
   1.3630373304860985E-002
   1.3419343669798477E-002
   1.3210586001332092E-002
   1.3004097151456754E-002
   1.2799873456341468E-002
   1.2597910747258695E-002
   1.2398204361481912E-002
   1.2200749153180129E-002
   1.2005539504277398E-002
   1.1812569335290540E-002
   1.1621832116130097E-002
   1.1433320876867476E-002
   1.1247028218457730E-002
   1.1062946323422114E-002
   1.0881066966477657E-002
   1.0701381525117145E-002
   1.0523880990130687E-002
   1.0348555976070303E-002
   1.0175396731647211E-002
   1.0004393150068196E-002
   9.8355347792986169E-003
   9.6688108322515575E-003
   9.5042101969044120E-003
   9.3417214463333530E-003
   9.1813328486675897E-003
   9.0230323769559476E-003
   8.8668077189529848E-003
   8.7126462868081719E-003
   8.5605352266667906E-003
   8.4104614281758812E-003
   8.2624115338874246E-003
   8.1163719485743465E-003
   7.9723288484320823E-003
   7.8302681901847460E-003
   7.6901757200863339E-003
   7.5520369828094075E-003
   7.4158373302319032E-003
   7.2815619301076287E-003
   7.1491957746281365E-003
   7.0187236888724835E-003
   6.8901303391362030E-003
   6.7634002411567952E-003
   6.6385177682060821E-003
   6.5154671590766447E-003
   6.3942325259415053E-003
   6.2747978621007991E-003
   6.1571470496011851E-003
   6.0412638667360855E-003
   5.9271319954233570E-003
   5.8147350284582016E-003
   5.7040564766455233E-003
   5.5950797758056387E-003
   5.4877882936582119E-003
   5.3821653365760712E-003
   5.2781941562184348E-003
   5.1758579560391409E-003
   5.0751398976652115E-003
   4.9760231071556832E-003
   4.8784906811298731E-003
   4.7825256927718843E-003
   4.6881111977142391E-003
   4.5952302397862192E-003
   4.5038658566491805E-003
   4.4140010853001670E-003
   4.3256189674519057E-003
   4.2387025547923366E-003
   4.1532349141178027E-003
   4.0691991323465564E-003
   3.9865783214054528E-003
   3.9053556229995470E-003
   3.8255142132603047E-003
   3.7470373072724774E-003
   3.6699081634819775E-003
   3.5941100879840955E-003
   3.5196264386963593E-003
   3.4464406294132692E-003
   3.3745361337468409E-003
   3.3038964889491157E-003
   3.2345052996228252E-003
   3.1663462413198539E-003
   3.0994030640267341E-003
   3.0336595955392106E-003
   2.9690997447277471E-003
   2.9057075046938683E-003
   2.8434669558238469E-003
   2.7823622687282992E-003
   2.7223777070828586E-003
   2.6634976303639641E-003
   2.6057064964812452E-003
   2.5489888643126309E-003
   2.4933293961349494E-003
   2.4387128599575856E-003
   2.3851241317619531E-003
   2.3325481976442103E-003
   2.2809701558600378E-003
   2.2303752187812368E-003
   2.1807487147627704E-003
   2.1320760899108302E-003
   2.0843429097737545E-003
   2.0375348609337741E-003
   1.9916377525280101E-003
   1.9466375176699622E-003
   1.9025202147992346E-003
   1.8592720289444390E-003
   1.8168792729105667E-003
   1.7753283883815908E-003
   1.7346059469555025E-003
   1.6946986510937322E-003
   1.6555933350074780E-003
   1.6172769654617892E-003
   1.5797366425165660E-003
   1.5429596001916711E-003
   1.5069332070705877E-003
   1.4716449668321769E-003
   1.4370825187222851E-003
   1.4032336379575464E-003
   1.3700862360667327E-003
   1.3376283611812889E-003
   1.3058481982518642E-003
   1.2747340692180475E-003
   1.2442744331179745E-003
   1.2144578861436131E-003
   1.1852731616429218E-003
   1.1567091300677117E-003
   1.1287547988757998E-003
   1.1013993123784277E-003
   1.0746319515439631E-003
   1.0484421337526916E-003
   1.0228194125071468E-003
   9.9775347709951190E-004
   9.7323415223416528E-004
   9.4925139761062641E-004
   9.2579530746720901E-004
   9.0285611008610327E-004
   8.8042416725679455E-004
   8.5848997370980846E-004
   8.3704415651048405E-004
   8.1607747442273137E-004
   7.9558081723509790E-004
   7.7554520506261054E-004
   7.5596178761312737E-004
   7.3682184342552216E-004
   7.1811677908260971E-004
   6.9983812839207794E-004
   6.8197755154929404E-004
   6.6452683426775864E-004
   6.4747788689059409E-004
   6.3082274347893235E-004
   6.1455356087784048E-004
   5.9866261776351007E-004
   5.8314231366827347E-004
   5.6798516798932657E-004
   5.5318381897985155E-004
   5.3873102272148125E-004
   5.2461965208412610E-004
   5.1084269567006220E-004
   4.9739325674055812E-004
   4.8426455213558485E-004
   4.7144991117683763E-004
   4.5894277456211930E-004
   4.4673669324473390E-004
   4.3482532731233453E-004
   4.2320244484534959E-004
   4.1186192077448847E-004
   4.0079773572945532E-004
   3.9000397488074507E-004
   3.7947482677440640E-004
   3.6920458216239119E-004
   3.5918763282947710E-004
   3.4941847041242114E-004
   3.3989168522029087E-004
   3.3060196504881883E-004
   3.2154409399328272E-004
   3.1271295126178162E-004
   3.0410350998473723E-004
   2.9571083602493599E-004
   2.8753008678945749E-004
   2.7955651003806195E-004
   2.7178544269868807E-004
   2.6421230967863901E-004
   2.5683262268142739E-004
   2.4964197902571482E-004
   2.4263606046422199E-004
   2.3581063201193739E-004
   2.2916154077379155E-004
   2.2268471477509408E-004
   2.1637616180365002E-004
   2.1023196824702540E-004
   2.0424829794590254E-004
   1.9842139104329164E-004
   1.9274756284771573E-004
   1.8722320269496572E-004
   1.8184477282595196E-004
   1.7660880726323255E-004
   1.7151191069770773E-004
   1.6655075738516924E-004
   1.6172209004586090E-004
   1.5702271877772971E-004
   1.5244951997269650E-004
   1.4799943524231642E-004
   1.4366947035916619E-004
   1.3945669419453734E-004
   1.3535823767520582E-004
   1.3137129274515356E-004
   1.2749311133969520E-004
   1.2372100436631564E-004
   1.2005234069491382E-004
   1.1648454616049314E-004
   1.1301510257374124E-004
   1.0964154674335830E-004
   1.0636146950655934E-004
   1.0317251477081717E-004
   1.0007237856979604E-004
   9.7058808120427229E-005
   9.4129600901172373E-005
   9.1282603734094549E-005
   8.8515711880870701E-005
   8.5826868145792153E-005
   8.3214061995838672E-005
   8.0675328684335685E-005
   7.8208748391881813E-005
   7.5812445375124339E-005
   7.3484587124543322E-005
   7.1223383536984201E-005
   6.9027086100182663E-005
   6.6893987080258064E-005
   6.4822418729360712E-005
   6.2810752499640253E-005
   6.0857398269246714E-005
   5.8960803578502552E-005
   5.7119452877288134E-005
   5.5331866784899243E-005
   5.3596601359069813E-005
   5.1912247373831638E-005
   5.0277429613048851E-005
   4.8690806171002509E-005
   4.7151067765889799E-005
   4.5656937060147120E-005
   4.4207167995971937E-005
   4.2800545138406025E-005
   4.1435883032488092E-005
   4.0112025562431171E-005
   3.8827845331682867E-005
   3.7582243046088796E-005
   3.6374146910825526E-005
   3.5202512034250536E-005
   3.4066319844226884E-005
   3.2964577513791277E-005
   3.1896317396945004E-005
   3.0860596472543211E-005
   2.9856495798445102E-005
   2.8883119979291843E-005
   2.7939596635852060E-005
   2.7025075892580004E-005
   2.6138729865391767E-005
   2.5279752167730928E-005
   2.4447357418381572E-005
   2.3640780761625064E-005
   2.2859277396849193E-005
   2.2102122116699195E-005
   2.1368608851049085E-005
   2.0658050222283890E-005
   1.9969777109212037E-005
   1.9303138218188998E-005
   1.8657499664748878E-005
   1.8032244557244013E-005
   1.7426772598933108E-005
   1.6840499685984977E-005
   1.6272857524314780E-005
   1.5723293245972100E-005
   1.5191269038059479E-005
   1.4676261778218031E-005
   1.4177762674173654E-005
   1.3695276916121871E-005
   1.3228323331997458E-005
   1.2776434052917711E-005
   1.2339154182008550E-005
   1.1916041472881826E-005
   1.1506666015943228E-005
   1.1110609927360474E-005
   1.0727467048038855E-005
   1.0356842648170623E-005
   9.9983531374068337E-006
   9.6516257830585233E-006
   9.3162984319549178E-006
   8.9920192382857501E-006
   8.6784464024681189E-006
   8.3752479094425933E-006
   8.0821012777591689E-006
   7.7986933085855270E-006
   7.5247198463786368E-006
   7.2598855424290281E-006
   7.0039036227559741E-006
   6.7564956629758287E-006
   6.5173913660532206E-006
   6.2863283497534914E-006
   6.0630519337563941E-006
   5.8473149343524369E-006
   5.6388774620664880E-006
   5.4375067307169267E-006
   5.2429768593162495E-006
   5.0550686897411440E-006
   4.8735696018164461E-006
   4.6982733360251249E-006
   4.5289798202681370E-006
   4.3654949985564505E-006
   4.2076306668874900E-006
   4.0552043109302204E-006
   3.9080389488987273E-006
   3.7659629779806692E-006
   3.6288100229157820E-006
   3.4964187924859708E-006
   3.3686329337469418E-006
   3.2453008964331794E-006
   3.1262757953008072E-006
   3.0114152773212566E-006
   2.9005813950134159E-006
   2.7936404807128711E-006
   2.6904630223283911E-006
   2.5909235457683159E-006
   2.4949004978688877E-006
   2.4022761372893727E-006
   2.3129364161554253E-006
   2.2267708813940174E-006
   2.1436725648598870E-006
   2.0635378833928447E-006
   1.9862665399704882E-006
   1.9117614261464796E-006
   1.8399285304606672E-006
   1.7706768430514325E-006
   1.7039182709440683E-006
   1.6395675488158267E-006
   1.5775421561751556E-006
   1.5177622345066859E-006
   1.4601505070580977E-006
   1.4046322025841531E-006
   1.3511349792150272E-006
   1.2995888517635438E-006
   1.2499261189848805E-006
   1.2020812949662190E-006
   1.1559910420718251E-006
   1.1115941039765002E-006
   1.0688312439883860E-006
   1.0276451807595487E-006
   9.8798053003243564E-007
   9.4978374458669928E-007
   9.1300305850331096E-007
   8.7758843037518544E-007
   8.4349149112778858E-007
   8.1066549043235356E-007
   7.7906524849366459E-007
   7.4864710398824001E-007
   7.1936886708552691E-007
   6.9118977412973624E-007
   6.6407044133809040E-007
   6.3797282187534783E-007
   6.1286016216929436E-007
   5.8869696197823090E-007
   5.6544893437449229E-007
   5.4308296463700781E-007
   5.2156707698321818E-007
   5.0087039152197400E-007
   4.8096309553640309E-007
   4.6181640573397832E-007
   4.4340253345926824E-007
   4.2569465544716875E-007
   4.0866687927807655E-007
   3.9229421630463007E-007
   3.7655254893577235E-007
   3.6141860396497840E-007
   3.4686992453248866E-007
   3.3288484156027856E-007
   3.1944244937058385E-007
   3.0652258026581949E-007
   2.9410577924563581E-007
   2.8217328102726920E-007
   2.7070698623839742E-007
   2.5968944007371098E-007
   2.4910380858416132E-007
   2.3893386005689579E-007
   2.2916394493884879E-007
   2.1977897382143692E-007
   2.1076439972482379E-007
   2.0210620031758609E-007
   1.9379085855291903E-007
   1.8580534796790236E-007
   1.7813711186715253E-007
   1.7077405165071193E-007
   1.6370450713887836E-007
   1.5691724483735047E-007
   1.5040144091950684E-007
   1.4414666813878562E-007
   1.3814288191823447E-007
   1.3238040619849533E-007
   1.2684992140817428E-007
   1.2154245216701697E-007
   1.1644935578009386E-007
   1.1156230746053226E-007
   1.0687329399109406E-007
   1.0237459794364540E-007
   9.8058791250268922E-008
   9.3918723265067840E-008
   8.9947509160825442E-008
   8.6138523086099276E-008
   8.2485388773600013E-008
   7.8981968543695892E-008
   7.5622357293614613E-008
   7.2400872074561716E-008
   6.9312045450013170E-008
   6.6350617886667574E-008
   6.3511528643792409E-008
   6.0789909583313796E-008
   5.8181079263573458E-008
   5.5680534441797249E-008
   5.3283944456058313E-008
   5.0987144312695333E-008
   4.8786129030617305E-008
   4.6677048417703105E-008
   4.4656200871534802E-008
   4.2720026966458541E-008
   4.0865105383778472E-008
   3.9088148275391494E-008
   3.7385994360504071E-008
   3.5755605856357975E-008
   3.4194064354739425E-008
   3.2698564075974548E-008
   3.1266409157120189E-008
   2.9895011171705031E-008
   2.8581882042904581E-008
   2.7324629825351616E-008
   2.6120961066683754E-008
   2.4968669363085574E-008
   2.3865637239924524E-008
   2.2809830868160727E-008
   2.1799296959671052E-008
   2.0832160787021135E-008
   1.9906620799161430E-008
   1.9020948033737314E-008
   1.8173483956751949E-008
   1.7362634911539400E-008
   1.6586871074183609E-008
   1.5844725823092182E-008
   1.5134789825647458E-008
   1.4455711949236792E-008
   1.3806194437020095E-008
   1.3184992681036250E-008
   1.2590913005332033E-008
   1.2022810176885977E-008
   1.1479585146049136E-008
   1.0960183090131513E-008
   1.0463593646702872E-008
   9.9888461637311096E-009
   9.5350121386370005E-009
   9.1011982304280889E-009
   8.6865509332012061E-009
   8.2902497528319102E-009
   7.9115081441159263E-009
   7.5495732686837620E-009
   7.2037223086382433E-009
   6.8732631426049301E-009
   6.5575324083147613E-009
   6.2558936812552865E-009
   5.9677373948066846E-009
   5.6924804394804959E-009
   5.4295622230073090E-009
   5.1784475358920894E-009
   4.9386220258702406E-009
   4.7095940930027668E-009
   4.4908919755198882E-009
   4.2820648327127754E-009
   4.0826794071085301E-009
   3.8923227864939973E-009
   3.7105974277931726E-009
   3.5371244653763492E-009
   3.3715404847298152E-009
   3.2134967862224321E-009
   3.0626602722283869E-009
   2.9187118272424956E-009
   2.7813469696442421E-009
   2.6502728778613036E-009
   2.5252097931627328E-009
   2.4058901044381258E-009
   2.2920582037660899E-009
   2.1834692769500724E-009
   2.0798879333387409E-009
   1.9810903564851257E-009
   1.8868623640319562E-009
   1.7969980748482271E-009
   1.7113012697376298E-009
   1.6295844045396053E-009
   1.5516674687527553E-009
   1.4773795856710230E-009
   1.4065560160159357E-009
   1.3390398684091609E-009
   1.2746807631149823E-009
   1.2133356250929616E-009
   1.1548666175140613E-009
   1.0991436921338878E-009
   1.0460403916949579E-009
   9.9543791746339261E-010
   9.4722039439933656E-010
   9.0128000145253010E-010
   8.5751151570326078E-010
   8.1581487217905283E-010
   7.7609492018548662E-010
   7.3826048052644934E-010
   7.0222426054820954E-010
   6.6790310063984312E-010
   6.3521778323334369E-010
   6.0409239544000937E-010
   5.7445485082967519E-010
   5.4623563901591076E-010
   5.1936869918115161E-010
   4.9379047553617357E-010
   4.6944148269931250E-010
   4.4626383217977375E-010
   4.2420322127240315E-010
   4.0320593550324281E-010
   3.8322299281183736E-010
   3.6420699662528327E-010
   3.4611147820763293E-010
   3.2889357770038471E-010
   3.1251191288097347E-010
   2.9692682822783633E-010
   2.8210044838313293E-010
   2.6799670679590114E-010
   2.5458135893903982E-010
   2.4182189388679399E-010
   2.2968688808639917E-010
   2.1814645169011866E-010
   2.0717241788228623E-010
   1.9673753105531270E-010
   1.8681566162639227E-010
   1.7738293294021874E-010
   1.6841567915578318E-010
   1.5989101629516502E-010
   1.5178777166042887E-010
   1.4408580306757952E-010
   1.3676616837453499E-010
   1.2980923922137131E-010
   1.2319850751283101E-010
   1.1691658461901600E-010
   1.1094783627100229E-010
   1.0527711269089730E-010
   9.9889476998924386E-011
   9.4771126300313327E-011
   8.9909187559919790E-011
   8.5291634797378972E-011
   8.0905969734304852E-011
   7.6740514340736656E-011
   7.2784730200249838E-011
   6.9028034217752797E-011
   6.5461790400668632E-011
   6.2074495540639447E-011
   5.8859546968716424E-011
   5.5807093321120511E-011
   5.2909666237909283E-011
   5.0159259073903033E-011
   4.7549196417910394E-011
   4.5071465480568166E-011
   4.2719870303518408E-011
   4.0488663672356472E-011
   3.8371398658891807E-011
   3.6362492360433956E-011
   3.4456494196164501E-011
   3.2648507064297708E-011
   3.0933352050099841E-011
   2.9306306848786532E-011
   2.7762877377239188E-011
   2.6299069509521939E-011
   2.4910798105886424E-011
   2.3594277808573475E-011
   2.2346103656247534E-011
   2.1162767860195635E-011
   2.0040330447281821E-011
   1.8976113019836690E-011
   1.7967392116419303E-011
   1.7010988223867233E-011
   1.6104963087108497E-011
   1.5245416068886389E-011
   1.4430775684876188E-011
   1.3659285912553160E-011
   1.2928553950747558E-011
   1.2235661067797454E-011
   1.1579070229253729E-011
   1.0957215767295470E-011
   1.0367817089648916E-011
   9.8097382844247775E-012
   9.2810405710157050E-012
   8.7806557097327571E-012
   8.3060456244515510E-012
   7.8568341839286357E-012
   7.4311429653431820E-012
   7.0286418339757199E-012
   6.6471179035754329E-012
   6.2862734023235826E-012
   5.9440490534605914E-012
   5.6208603226089348E-012
   5.3143038246538809E-012
   5.0239195732406951E-012
   4.7495220794834451E-012
   4.4897398159070262E-012
   4.2436930839099475E-012
   4.0111601284966040E-012
   3.7907045976180052E-012
   3.5825007609386733E-012
   3.3857110812946384E-012
   3.1994833921813058E-012
   3.0228552511116132E-012
   2.8558565620710704E-012
   2.6978062136947182E-012
   2.5483904684769184E-012
   2.4077742178784075E-012
   2.2741385648069488E-012
   2.1477505474513628E-012
   2.0285822089941629E-012
   1.9154736801908142E-012
   1.8092432386355569E-012
   1.7083965094202059E-012
   1.6129450025148850E-012
   1.5229549636616969E-012
   1.4374907209896575E-012
   1.3570815798201491E-012
   1.2812670267337154E-012
   1.2092452650263764E-012
   1.1411571812625957E-012
   1.0773420154671266E-012
   1.0163882337135663E-012
   9.5927780895362234E-013
   9.0501188620106075E-013
   8.5412835535108467E-013
   8.0555539192313337E-013
   7.5990949218995872E-013
   7.1674494973705982E-013
   6.7623846466655554E-013
   6.3752954044285179E-013
   6.0127723385153821E-013
   5.6747707649363681E-013
   5.3513020585687159E-013
   5.0469038053413350E-013
   4.7586541792503582E-013
   4.4897099959905270E-013
   4.2298771543336879E-013
   3.9825885767279999E-013
   3.7561509651346251E-013
   3.5419136112613051E-013
   3.3392224183831042E-013
   3.1465368955449862E-013
   2.9641592549316336E-013
   2.7946448462475075E-013
   2.6333451775722088E-013
   2.4788283973254863E-013
   2.3363082804595009E-013
   2.2024279516379005E-013
   2.0751325776509906E-013
   1.9548088530478140E-013
   1.8429228806574150E-013
   1.7354135457958904E-013
   1.6304250678928595E-013
   1.5364179536408458E-013
   1.4466875846499775E-013
   1.3625715729304379E-013
   1.2824365239095627E-013
   1.2083659593489621E-013
   1.1394472100587583E-013
   1.0705982903292584E-013
   1.0083638818769608E-013
   9.5167876096508830E-014
   8.9412252638585887E-014
   8.4131136751451039E-014
   7.8992842092291973E-014
   7.4544905224296427E-014
   6.9988644157963380E-014
   6.6048738837646342E-014
   6.2284187049213029E-014
   5.8594608925023583E-014
   5.4799514081952005E-014
   5.1805581929946945E-014
   4.8707269249063003E-014
   4.5795969459765179E-014
   4.2958011121799176E-014
   4.0350049823938335E-014
   3.8100145235383979E-014
   3.5596712826497541E-014
   3.3407207866627398E-014
   3.1668611912672337E-014
   2.9450863410704551E-014
   2.7915498023706443E-014
   2.6256721315452861E-014
   2.4469019901546276E-014
   2.3418920501245487E-014
   2.1938542985488269E-014
   2.0242034517830854E-014
   1.9229944830661983E-014
   1.8045821880557331E-014
   1.6763611417435529E-014
   1.5901813002367222E-014
   1.4909172487638525E-014
   1.3997736128603141E-014
   1.3425634203445664E-014
   1.2120730455912179E-014
   1.1394433791428538E-014
   1.0906900096395451E-014
   1.0421697395194545E-014
   9.6529563744086514E-015
   8.8962620665292530E-015
   8.1709472290732285E-015
   7.8036666465101029E-015
   7.1951607726974205E-015
   6.5169726573690583E-015
   6.5119131419479492E-015
   6.2138696183981953E-015
   5.6684536646913244E-015
   5.6830443946074843E-015
   5.2580020072157804E-015
   4.8006462636783151E-015
   4.4039271341615752E-015
   4.0666679375845961E-015
   3.8169111441630664E-015
   3.7385966776581838E-015
   3.1201147108218267E-015
   2.7949682465577633E-015
   2.9270056222837020E-015
   2.6719744378116867E-015
   2.7285424821546315E-015
   2.4223436956759019E-015
   2.2937044027546516E-015
   2.1540989696794296E-015
   2.1974671513451561E-015
   2.1379199935764794E-015
   1.7702372782129151E-015
   1.5209900751137307E-015
   1.4986558822224761E-015
   1.4811385607381384E-015
   1.2757709175359289E-015
   1.2894624646446024E-015
   1.0016832157840389E-015
   1.2721326161326539E-015
   1.0146542632662889E-015
   9.8519872678948240E-016
   8.0145455002673924E-016
   1.1774413276468236E-015
   6.5200028961261584E-016
   6.4994768782795222E-016
   8.8156313126567644E-016
   8.8485640542903453E-016
   5.2483011437799616E-016
   8.5653184536231247E-016
   8.1093897217961608E-016
   6.1556259266705058E-016
   4.2094536148376400E-016
   5.0935766578318760E-016
   4.8179233423916590E-016
   4.9264182456107781E-016
   1.0601901827449948E-016
  -1.0540620918974304E-016
   2.2685643813666193E-016
   1.1709086030783393E-016
   3.0716244795680203E-016
   3.0428637059327841E-017
   2.0278149138144037E-016
   3.3248180806571903E-016
   4.0439808457534259E-016
   2.0084882234893027E-016
   1.8598089835567854E-016
   4.1377344393441950E-016
   2.8067115636208848E-016
   2.5627578305096143E-016
   5.1256311941359261E-017
   7.0575714111212642E-017
   1.7845950355082289E-016
   9.7510193997096931E-017
   1.0963687004233883E-016
   2.3746673246349215E-016
   2.3784488611502550E-016
   2.0505977128211041E-017
  -1.1860189188464972E-016
   9.4703123844777159E-017
   8.3904772608891656E-017
  -3.3799996237543785E-016
   5.4118178233307920E-019
   1.7675774791650650E-017
   5.8018325269374993E-017
   1.2107634571728436E-016
   1.2765578772912759E-016
   2.4920221413459388E-016
   3.6022102542310957E-016
   2.7303098333638903E-016
   1.4751850360072925E-016
  -1.8703130803059055E-018
  -5.8886052634569060E-017
  -5.3870783189860743E-017
   1.3547979457202757E-016
  -6.7906888776656883E-018
  -9.2560944044546657E-017
  -1.6210369635682484E-016
  -2.4679392572358712E-018
  -1.1232962677563006E-016
   3.7903635452738378E-016
   1.5189104037174947E-016
   9.2706789793575087E-017
  -2.4136985601413260E-016
  -3.1960525166374916E-016
  -2.3312549675131290E-016
  -8.1143574270962764E-017
   1.9444281704332458E-017
  -9.5142321345479131E-017
   6.6314180293420411E-017
  -1.5949252848622860E-016
  -5.5157430012304262E-018
   6.8806293914795550E-017
   1.4930378547789291E-016
  -2.8563866629875694E-017
   9.0425713443835532E-017
  -2.0396358438912451E-017
  -2.2296463182546963E-016
   1.6503056717042445E-016
   2.1684025903247627E-016
   7.7426137188929441E-017
   1.5163386145646475E-016
   7.3999657075014149E-017
   1.3476199885811058E-016
   1.3426232048379241E-016
   1.1892702235094487E-016
   5.3169913708020792E-017
   2.3464328563060944E-016
  -1.1068973169291697E-016
   2.9750680619022457E-016
   1.0933163536871509E-016
  -9.1360025827118172E-018
   2.1387118414752872E-016
   5.4208520062424245E-017
   1.6770912360690778E-016
   4.4970549979376859E-017
   5.5001049438819577E-017
   9.8172773318218796E-018
  -2.7671218307034773E-016
  -1.9903655823495901E-016
  -1.3689947969859509E-016
   1.8552732077233757E-016
  -3.1641793488230312E-017
   7.7887585875800290E-017
  -2.8765117028232290E-016
  -2.0927641273475574E-017
   6.2539868585521701E-017
  -3.0686736737238836E-017
  -1.2273884375185958E-016
   2.7473340031448830E-017
   8.1819547438277032E-017
  -5.6793113289082441E-017
  -9.5631627219114627E-017
  -3.5159863911952621E-017
   1.5703582990541387E-016
   1.2453851577885777E-016
  -2.0226333626944266E-016
   1.5056424328337687E-016
  -3.0915936900170015E-017
   4.1413463984537058E-017
   9.7586191644091274E-017
   8.5425907939872563E-017
  -1.0490272245302352E-016
  -6.2768089944413736E-017
   4.2259610290713743E-017
  -7.3045416717805448E-017
   8.9056662931961246E-017
  -2.3637032545367299E-016
  -1.2003526542935975E-016
  -1.2479702695504066E-016
  -3.6376859872396219E-018
  -6.6732684528950704E-017
   1.0991674084264843E-016
   7.3538941320847463E-017
   2.9365787483120034E-016
  -8.4592885704089711E-017
  -1.6679058292593819E-016
  -2.1364217022279671E-016
   2.5089438745586143E-016
  -5.3991220848867064E-017
  -1.6988747796513223E-016
  -1.4336398455454459E-016
   1.0582740559784229E-016
   5.5017222806192995E-017
   1.1180952823393826E-017
   3.0387410919100070E-016
   3.9664397374764187E-017
   8.2035913064464768E-017
   2.4265661660338484E-016
   5.6605313598686904E-017
  -3.7670589079609902E-017
   1.4062816535254336E-016
  -1.1717049739970765E-016
  -4.0077286641165300E-017
   8.5516577280386850E-017
   4.5747453690415099E-017
  -1.1401229905419863E-016
   1.4721742032034364E-016
  -1.4764407503850082E-017
   5.9249217757384822E-017
  -1.0558939017644793E-016
  -2.6077800433026010E-017
  -1.1116662248962918E-017
  -6.7288304261489266E-017
  -1.8964542836230575E-016
   2.9590509890952526E-017
   5.1537085195367583E-016
   1.5000982169306649E-016
   8.7033555741363153E-017
  -2.2284357678479966E-016
  -2.1510004048438000E-016
   5.8731839287239726E-017
  -1.0998689754525210E-016
   1.0340766832582465E-016
  -1.1708805524901058E-016
  -7.9030794541911102E-017
  -1.7125937629689281E-016
  -1.0138107265589767E-016
  -1.6223745846884713E-016
  -7.2684216091429366E-017
  -2.9214182189087072E-016
  -8.4285328487775154E-017
   9.6891938265801442E-018
  -3.3168414649695936E-016
  -1.1618323809978217E-016
   1.1034812439641118E-016
   2.3763622678489300E-016
  -1.2826034820418899E-016
  -1.1909890795008380E-016
   1.9934295890138562E-016
  -2.0248593309584589E-017
   1.2963846690505578E-016
  -5.9570874442915984E-017
   3.8508588543221321E-018
  -2.2824967935935834E-016
   3.0877152268087328E-017
   1.2231935563695714E-016
  -5.5760265025056078E-017
   1.6549070443940214E-016
   1.9884841120461536E-016
   1.5112766667830535E-016
   1.5880494715110756E-016
   2.1321450876741176E-016
   3.2939683004223752E-018
  -9.3955450559884791E-017
  -4.9921659883623661E-017
  -9.5325103978283842E-017
   2.8819289325366393E-016
  -1.0510444216852268E-016
  -1.7971566327477055E-016
   6.4053391078231214E-017
   1.7837824529961193E-016
   8.8712603814397973E-017
  -1.7409514607003913E-016
  -8.1528717796469717E-017
  -5.8907965946968033E-017
   1.0274251280816847E-017
