  -7.0555748838381981E-022
  -1.4282741724562709E-021
  -2.1856096498420426E-021
  -2.9957417529557397E-021
  -3.8779959884926020E-021
  -4.8532966176220156E-021
  -5.9446497202780837E-021
  -7.1776691316433894E-021
  -8.5811569253068867E-021
  -1.0187751157321260E-020
  -1.2034654895630373E-020
  -1.4164462162874038E-020
  -1.6626098346181654E-020
  -1.9475894910444185E-020
  -2.2778820933892093E-020
  -2.6609897116509098E-020
  -3.1055821551306651E-020
  -3.6216840763766354E-020
  -4.2208904394524427E-020
  -4.9166147515423834E-020
  -5.7243751033829569E-020
  -6.6621238074517909E-020
  -7.7506272769945866E-020
  -9.0139037695662922E-020
  -1.0479727743799732E-019
  -1.2180210868164402E-019
  -1.4152471199021780E-019
  -1.6439403739140713E-019
  -1.9090567527576772E-019
  -2.2163206632325625E-019
  -2.5723424958169750E-019
  -2.9847537688939686E-019
  -3.4623625507572058E-019
  -4.0153321537591576E-019
  -4.6553865292789305E-019
  -5.3960462883949961E-019
  -6.2528998398974844E-019
  -7.2439147843961398E-019
  -8.3897954419496484E-019
  -9.7143932335591191E-019
  -1.1245177598453414E-018
  -1.3013776225730999E-018
  -1.5056594629200728E-018
  -1.7415526519286274E-018
  -2.0138768049562888E-018
  -2.3281750865031214E-018
  -2.6908210985378118E-018
  -3.1091412954124934E-018
  -3.5915551413238563E-018
  -4.1477355367264867E-018
  -4.7887923932038883E-018
  -5.5274826377917342E-018
  -6.3784503841233618E-018
  -7.3585015263752776E-018
  -8.4869176011415721E-018
  -9.7858144314552880E-018
  -1.1280551826819320E-017
  -1.3000201475306547E-017
  -1.4978081142092283E-017
  -1.7252364398486114E-017
  -1.9866776363912656E-017
  -2.2871387369838045E-017
  -2.6323518071334264E-017
  -3.0288771363616007E-017
  -3.4842208535417741E-017
  -4.0069689440008589E-017
  -4.6069399123454172E-017
  -5.2953586358400499E-017
  -6.0850542935178576E-017
  -6.9906856411060952E-017
  -8.0289973370041384E-017
  -9.2191115163656858E-017
  -1.0582859366023885E-016
  -1.2145158080656094E-016
  -1.3934439289326677E-016
  -1.5983135841594788E-016
  -1.8328234745222960E-016
  -2.1011905066068558E-016
  -2.4082210749450524E-016
  -2.7593919617415645E-016
  -3.1609421256070359E-016
  -3.6199768151940925E-016
  -4.1445856289052110E-016
  -4.7439763504715535E-016
  -5.4286266250629129E-016
  -6.2104558048973512E-016
  -7.1030195906733899E-016
  -8.1217304295799084E-016
  -9.2841070066533229E-016
  -1.0610056588888960E-015
  -1.2122194456408251E-015
  -1.3846205188430317E-015
  -1.5811251170830787E-015
  -1.8050434364546110E-015
  -2.0601318128767733E-015
  -2.3506516739557487E-015
  -2.6814361194114707E-015
  -3.0579650955626913E-015
  -3.4864502487005087E-015
  -3.9739306758982319E-015
  -4.5283809415899186E-015
  -5.1588328959790653E-015
  -5.8755130191036412E-015
  -6.6899972245112659E-015
  -7.6153852915790969E-015
  -8.6664973584259768E-015
  -9.8600952013140264E-015
  -1.1215131354981721E-014
  -1.2753029495447692E-014
  -1.4497999916867082E-014
  -1.6477394391890546E-014
  -1.8722105216085045E-014
  -2.1267013807334947E-014
  -2.4151494867422880E-014
  -2.7419982822575250E-014
  -3.1122608050854311E-014
  -3.5315911285957918E-014
  -4.0063645569314215E-014
  -4.5437676216467334E-014
  -5.1518990481977658E-014
  -5.8398829963038653E-014
  -6.6179960290862075E-014
  -7.4978094337249146E-014
  -8.4923487030162371E-014
  -9.6162721946854055E-014
  -1.0886071215879024E-013
  -1.2320294036403727E-013
  -1.3939796618746437E-013
  -1.5768023168728478E-013
  -1.7831319961162212E-013
  -2.0159286283766565E-013
  -2.2785166773934073E-013
  -2.5746289901186612E-013
  -2.9084557878253057E-013
  -3.2846993871070356E-013
  -3.7086353028623161E-013
  -4.1861804573981635E-013
  -4.7239692995390838E-013
  -5.3294387258763353E-013
  -6.0109227939172777E-013
  -6.7777583248537666E-013
  -7.6404026130160209E-013
  -8.6105645909736241E-013
  -9.7013509449575718E-013
  -1.0927428836200816E-012
  -1.2305207061458345E-012
  -1.3853037682048495E-012
  -1.5591440367089294E-012
  -1.7543351935201533E-012
  -1.9734403842014387E-012
  -2.2193230650756147E-012
  -2.4951812842672342E-012
  -2.8045857675884317E-012
  -3.1515222188726224E-012
  -3.5404382870038924E-012
  -3.9762956988112868E-012
  -4.4646281086083421E-012
  -5.0116052719079512E-012
  -5.6241042132213744E-012
  -6.3097881263926442E-012
  -7.0771938212104492E-012
  -7.9358286127105863E-012
  -8.8962776403329320E-012
  -9.9703227036732646E-012
  -1.1171073810800791E-011
  -1.2513114754889559E-011
  -1.4012664166201822E-011
  -1.5687753630333019E-011
  -1.7558424621218744E-011
  -1.9646946169973230E-011
  -2.1978055379523454E-011
  -2.4579223101703431E-011
  -2.7480947319573807E-011
  -3.0717077024963326E-011
  -3.4325169651480790E-011
  -3.8346885418542165E-011
  -4.2828422264515341E-011
  -4.7820995399295128E-011
  -5.3381365891058518E-011
  -5.9572423121433672E-011
  -6.6463826400858815E-011
  -7.4132711534789897E-011
  -8.2664468675172019E-011
  -9.2153598384056452E-011
  -1.0270465348151005E-010
  -1.1443327495254320E-010
  -1.2746733095241371E-010
  -1.4194816878156722E-010
  -1.5803199060623151E-010
  -1.7589136468429494E-010
  -1.9571688492504139E-010
  -2.1771899277257644E-010
  -2.4212997666386802E-010
  -2.6920616568123537E-010
  -2.9923033550466843E-010
  -3.3251434638067285E-010
  -3.6940203457158781E-010
  -4.1027238064315265E-010
  -4.5554298000001525E-010
  -5.0567384330135922E-010
  -5.6117155679489439E-010
  -6.2259383521154476E-010
  -6.9055450268028123E-010
  -7.6572894016893730E-010
  -8.4886004125014151E-010
  -9.4076472154990558E-010
  -1.0423410310801062E-009
  -1.1545759228062236E-009
  -1.2785537352807361E-009
  -1.4154654520050162E-009
  -1.5666188053937622E-009
  -1.7334492988339916E-009
  -1.9175322263838479E-009
  -2.1205957761771551E-009
  -2.3445353106197926E-009
  -2.5914289240199672E-009
  -2.8635543864224104E-009
  -3.1634075911581829E-009
  -3.4937226330171555E-009
  -3.8574936540460063E-009
  -4.2579986048173150E-009
  -4.6988250806557669E-009
  -5.1838984047993410E-009
  -5.7175121438717558E-009
  -6.3043612554098893E-009
  -6.9495780825857319E-009
  -7.6587714277582582E-009
  -8.4380689541512544E-009
  -9.2941631838592556E-009
  -1.0234361380607972E-008
  -1.1266639627324481E-008
  -1.2399701431692404E-008
  -1.3643041217567417E-008
  -1.5007013086508895E-008
  -1.6502905261842886E-008
  -1.8143020657716583E-008
  -1.9940764047647007E-008
  -2.1910736341224704E-008
  -2.4068836514024802E-008
  -2.6432371774539686E-008
  -2.9020176593202889E-008
  -3.1852741262470961E-008
  -3.4952350703613825E-008
  -3.8343234285482082E-008
  -4.2051727473237480E-008
  -4.6106446181012317E-008
  -5.0538474761876441E-008
  -5.5381568631516982E-008
  -6.0672372588864520E-008
  -6.6450655967712004E-008
  -7.2759565828388450E-008
  -7.9645899477947051E-008
  -8.7160397691352902E-008
  -9.5358060094994605E-008
  -1.0429848426775886E-007
  -1.1404623021408988E-007
  -1.2467121196820111E-007
  -1.3624911819909798E-007
  -1.4886186380261155E-007
  -1.6259807458947449E-007
  -1.7755360730783534E-007
  -1.9383210737482968E-007
  -2.1154560683510819E-007
  -2.3081516521490788E-007
  -2.5177155609857194E-007
  -2.7455600242072502E-007
  -2.9932096364180053E-007
  -3.2623097815764843E-007
  -3.5546356448580685E-007
  -3.8721018497196736E-007
  -4.2167727597051120E-007
  -4.5908734867301117E-007
  -4.9968016498859301E-007
  -5.4371399312033111E-007
  -5.9146694773252577E-007
  -6.4323841986542073E-007
  -6.9935060202635129E-007
  -7.6015011417037965E-007
  -8.2600973657882681E-007
  -8.9733025595129225E-007
  -9.7454243134599985E-007
  -1.0581090869344813E-006
  -1.1485273388802982E-006
  -1.2463309640075425E-006
  -1.3520929182933837E-006
  -1.4664280136003604E-006
  -1.5899957614578548E-006
  -1.7235033931090365E-006
  -1.8677090654588632E-006
  -2.0234252629905838E-006
  -2.1915224061630647E-006
  -2.3729326772576141E-006
  -2.5686540751124890E-006
  -2.7797547106638048E-006
  -3.0073773557042718E-006
  -3.2527442577746092E-006
  -3.5171622346166578E-006
  -3.8020280621421344E-006
  -4.1088341704040563E-006
  -4.4391746626014895E-006
  -4.7947516726982612E-006
  -5.1773820777947184E-006
  -5.5890045819551023E-006
  -6.0316871887625642E-006
  -6.5076350804463122E-006
  -7.0191989220010018E-006
  -7.5688836092944903E-006
  -8.1593574807365520E-006
  -8.7934620126539615E-006
  -9.4742220190874166E-006
  -1.0204856377289468E-005
  -1.0988789300757056E-005
  -1.1829662182178426E-005
  -1.2731346029204173E-005
  -1.3697954516471125E-005
  -1.4733857677802461E-005
  -1.5843696262988491E-005
  -1.7032396783999082E-005
  -1.8305187275910608E-005
  -1.9667613798216487E-005
  -2.1125557702555082E-005
  -2.2685253693202524E-005
  -2.4353308706961800E-005
  -2.6136721639301790E-005
  -2.8042903943785449E-005
  -3.0079701131942680E-005
  -3.2255415200808883E-005
  -3.4578828015338715E-005
  -3.7059225672839972E-005
  -3.9706423876403353E-005
  -4.2530794344083390E-005
  -4.5543292280251536E-005
  -4.8755484935130439E-005
  -5.2179581277998435E-005
  -5.5828462808926296E-005
  -5.9715715533175320E-005
  -6.3855663121521213E-005
  -6.8263401278794203E-005
  -7.2954833341797037E-005
  -7.7946707126511997E-005
  -8.3256653043105151E-005
  -8.8903223495667244E-005
  -9.4905933581924536E-005
  -1.0128530310624285E-004
  -1.0806289991720115E-004
  -1.1526138457875905E-004
  -1.2290455638157936E-004
  -1.3101740069847555E-004
  -1.3962613768505897E-004
  -1.4875827232365701E-004
  -1.5844264580525778E-004
  -1.6870948824077885E-004
  -1.7959047268920414E-004
  -1.9111877048618133E-004
  -2.0332910785246278E-004
  -2.1625782375711707E-004
  -2.2994292900573593E-004
  -2.4442416651888259E-004
  -2.5974307276082069E-004
  -2.7594304027305118E-004
  -2.9306938126142404E-004
  -3.1116939217960523E-004
  -3.3029241924529466E-004
  -3.5048992481909923E-004
  -3.7181555456907372E-004
  -3.9432520533682058E-004
  -4.1807709361368033E-004
  -4.4313182452784762E-004
  -4.6955246123538266E-004
  -4.9740459459983151E-004
  -5.2675641303682238E-004
  -5.5767877239128096E-004
  -5.9024526570597988E-004
  -6.2453229273106835E-004
  -6.6061912901475026E-004
  -6.9858799440585722E-004
  -7.3852412078923382E-004
  -7.8051581886491356E-004
  -8.2465454377205123E-004
  -8.7103495934832541E-004
  -9.1975500080514877E-004
  -9.7091593558872404E-004
  -1.0246224221862868E-003
  -1.0809825666265507E-003
  -1.1401079764126274E-003
  -1.2021138116152517E-003
  -1.2671188328435767E-003
  -1.3352454458004594E-003
  -1.4066197421186632E-003
  -1.4813715361644698E-003
  -1.5596343974849632E-003
  -1.6415456785656860E-003
  -1.7272465375557404E-003
  -1.8168819556083039E-003
  -1.9106007484757433E-003
  -2.0085555719899055E-003
  -2.1109029210504681E-003
  -2.2178031217366580E-003
  -2.3294203161506482E-003
  -2.4459224395948125E-003
  -2.5674811896794088E-003
  -2.6942719869522125E-003
  -2.8264739266377161E-003
  -2.9642697210699519E-003
  -3.1078456324010475E-003
  -3.2573913951656056E-003
  -3.4131001282811024E-003
  -3.5751682360650357E-003
  -3.7437952978511034E-003
  -3.9191839457899721E-003
  -4.1015397304244097E-003
  -4.2910709736338854E-003
  -4.4879886085510204E-003
  -4.6925060060602711E-003
  -4.9048387874995932E-003
  -5.1252046231963864E-003
  -5.3538230164832806E-003
  -5.5909150728525522E-003
  -5.8367032539251608E-003
  -6.0914111159283786E-003
  -6.3552630323955861E-003
  -6.6284839008237430E-003
  -6.9112988330471562E-003
  -7.2039328291121935E-003
  -7.5066104344643269E-003
  -7.8195553802887282E-003
  -8.1429902068760364E-003
  -8.4771358699196331E-003
  -8.8222113296837264E-003
  -9.1784331230211607E-003
  -9.5460149182570193E-003
  -9.9251670529964166E-003
  -1.0316096054957242E-002
  -1.0719004145974022E-002
  -1.1134088729366319E-002
  -1.1561541860911727E-002
  -1.2001549703717678E-002
  -1.2454291967334963E-002
  -1.2919941331512320E-002
  -1.3398662855045033E-002
  -1.3890613370229827E-002
  -1.4395940863494739E-002
  -1.4914783842834288E-002
  -1.5447270692740076E-002
  -1.5993519017380005E-002
  -1.6553634972842256E-002
  -1.7127712589324405E-002
  -1.7715833084212772E-002
  -1.8318064167062484E-002
  -1.8934459337554447E-002
  -1.9565057177571888E-002
  -2.0209880638604700E-002
  -2.0868936325755694E-002
  -2.1542213779688887E-002
  -2.2229684757923928E-002
  -2.2931302516948457E-002
  -2.3647001096676338E-002
  -2.4376694608852664E-002
  -2.5120276531053563E-002
  -2.5877619008002430E-002
  -2.6648572161968736E-002
  -2.7432963414078294E-002
  -2.8230596818413511E-002
  -2.9041252410832809E-002
  -2.9864685574483806E-002
  -3.0700626424031208E-002
  -3.1548779210658094E-002
  -3.2408821749939531E-002
  -3.3280404874712094E-002
  -3.4163151915103850E-002
  -3.5056658207900895E-002
  -3.5960490637453983E-002
  -3.6874187210336862E-002
  -3.7797256665985469E-002
  -3.8729178125538007E-002
  -3.9669400781108102E-002
  -4.0617343627700933E-002
  -4.1572395239984523E-002
  -4.2533913596085451E-002
  -4.3501225950577219E-002
  -4.4473628758771477E-002
  -4.5450387654402950E-002
  -4.6430737482730959E-002
  -4.7413882391044979E-002
  -4.8398995978485633E-002
  -4.9385221507027913E-002
  -5.0371672175401623E-002
  -5.1357431457631060E-002
  -5.2341553507792966E-002
  -5.3323063632482931E-002
  -5.4300958832387704E-002
  -5.5274208414232730E-002
  -5.6241754674259785E-002
  -5.7202513654265881E-002
  -5.8155375971086130E-002
  -5.9099207720274501E-002
  -6.0032851454575188E-002
  -6.0955127237631010E-002
  -6.1864833773203738E-002
  -6.2760749610018332E-002
  -6.3641634422171189E-002
  -6.4506230364847164E-002
  -6.5353263504927234E-002
  -6.6181445325857485E-002
  -6.6989474305969354E-002
  -6.7776037569235253E-002
  -6.8539812607239042E-002
  -6.9279469070948202E-002
  -6.9993670630643642E-002
  -7.0681076902177162E-002
  -7.1340345437495678E-002
  -7.1970133777167766E-002
  -7.2569101562431321E-002
  -7.3135912704064138E-002
  -7.3669237605180321E-002
  -7.4167755434815283E-002
  -7.4630156448993692E-002
  -7.5055144355721345E-002
  -7.5441438720184439E-002
  -7.5787777406198603E-002
  -7.6092919049792193E-002
  -7.6355645560582136E-002
  -7.6574764646456961E-002
  -7.6749112356872110E-002
  -7.6877555639908682E-002
  -7.6958994908088371E-002
  -7.6992366607777599E-002
  -7.6976645786879933E-002
  -7.6910848655368264E-002
  -7.6794035133115862E-002
  -7.6625311379333996E-002
  -7.6403832297876173E-002
  -7.6128804012529444E-002
  -7.5799486306393549E-002
  -7.5415195019349582E-002
  -7.4975304397600639E-002
  -7.4479249389227883E-002
  -7.3926527879687454E-002
  -7.3316702861192795E-002
  -7.2649404529918540E-002
  -7.1924332305020003E-002
  -7.1141256763491673E-002
  -7.0300021484972386E-002
  -6.9400544800680364E-002
  -6.8442821440757265E-002
  -6.7426924074433639E-002
  -6.6353004737533555E-002
  -6.5221296142032800E-002
  -6.4032112862507470E-002
  -6.2785852394530925E-002
  -6.1482996080257479E-002
  -6.0124109896664293E-002
  -5.8709845102145164E-002
  -5.7240938737420990E-002
  -5.5718213976972179E-002
  -5.4142580327504151E-002
  -5.2515033670232532E-002
  -5.0836656144103917E-002
  -4.9108615867371370E-002
  -4.7332166495293912E-002
  -4.5508646612074759E-002
  -4.3639478955498773E-002
  -4.1726169473107810E-002
  -3.9770306209138698E-002
  -3.7773558021814771E-002
  -3.5737673130985963E-002
  -3.3664477496518075E-002
  -3.1555873028218905E-002
  -2.9413835628520155E-002
  -2.7240413069525626E-002
  -2.5037722706462377E-002
  -2.2807949029991639E-002
  -2.0553341060228703E-002
  -1.8276209585761861E-002
  -1.5978924251349794E-002
  -1.3663910498400534E-002
  -1.1333646362715768E-002
  -8.9906591344045775E-003
  -6.6375218852287926E-003
  -4.2768498690550754E-003
  -1.9112968014237618E-003
   4.5644897537319023E-004
   2.8236684349827040E-003
   5.1876159103833950E-003
   7.5455232306127842E-003
   9.8946039431411625E-003
   1.2232057613935719E-002
   1.4555074196979391E-002
   1.6860838464771499E-002
   1.9146534491098086E-002
   2.1409350177154621E-002
   2.3646481811925826E-002
   2.5855138657541223E-002
   2.8032547550205976E-002
   3.0175957507169556E-002
   3.2282644330103458E-002
   3.4349915195195882E-002
   3.6375113220212932E-002
   3.8355621998759415E-002
   4.0288870091972795E-002
   4.2172335467922498E-002
   4.4003549879023517E-002
   4.5780103167868506E-002
   4.7499647491983564E-002
   4.9159901458137326E-002
   5.0758654157000101E-002
   5.2293769089118043E-002
   5.3763187973387520E-002
   5.5164934429425362E-002
   5.6497117525505076E-002
   5.7757935183984518E-002
   5.8945677436463277E-002
   6.0058729521225783E-002
   6.1095574815849700E-002
   6.2054797598248043E-002
   6.2935085629765977E-002
   6.3735232554366819E-002
   6.4454140108345701E-002
   6.5090820135445329E-002
   6.5644396402684796E-002
   6.6114106212674606E-002
   6.6499301808660413E-002
   6.6799451569010695E-002
   6.7014140988362322E-002
   6.7143073443126630E-002
   6.7186070739560524E-002
   6.7143073443125686E-002
   6.7014140988360754E-002
   6.6799451569008086E-002
   6.6499301808657388E-002
   6.6114106212671386E-002
   6.5644396402681451E-002
   6.5090820135441416E-002
   6.4454140108340885E-002
   6.3735232554362059E-002
   6.2935085629761370E-002
   6.2054797598243748E-002
   6.1095574815845190E-002
   6.0058729521219177E-002
   5.8945677436455603E-002
   5.7757935183974311E-002
   5.6497117525494064E-002
   5.5164934429412164E-002
   5.3763187973371970E-002
   5.2293769089100522E-002
   5.0758654156980360E-002
   4.9159901458116016E-002
   4.7499647491960895E-002
   4.5780103167844151E-002
   4.4003549878997739E-002
   4.2172335467895783E-002
   4.0288870091944567E-002
   3.8355621998730667E-002
   3.6375113220184406E-002
   3.4349915195165760E-002
   3.2282644330071199E-002
   3.0175957507134539E-002
   2.8032547550168270E-002
   2.5855138657500269E-002
   2.3646481811882242E-002
   2.1409350177109522E-002
   1.9146534491051533E-002
   1.6860838464724456E-002
   1.4555074196932085E-002
   1.2232057613887820E-002
   9.8946039430927463E-003
   7.5455232305627895E-003
   5.1876159103321339E-003
   2.8236684349297742E-003
   4.5644897531903921E-004
  -1.9112968014790323E-003
  -4.2768498691108728E-003
  -6.6375218852858173E-003
  -8.9906591344626093E-003
  -1.1333646362775908E-002
  -1.3663910498460977E-002
  -1.5978924251411723E-002
  -1.8276209585824828E-002
  -2.0553341060293748E-002
  -2.2807949030057888E-002
  -2.5037722706530076E-002
  -2.7240413069594297E-002
  -2.9413835628590495E-002
  -3.1555873028290965E-002
  -3.3664477496591710E-002
  -3.5737673131062353E-002
  -3.7773558021893965E-002
  -3.9770306209220271E-002
  -4.1726169473191133E-002
  -4.3639478955584093E-002
  -4.5508646612161745E-002
  -4.7332166495381842E-002
  -4.9108615867460487E-002
  -5.0836656144195101E-002
  -5.2515033670324680E-002
  -5.4142580327596675E-002
  -5.5718213977064765E-002
  -5.7240938737512848E-002
  -5.8709845102236709E-002
  -6.0124109896755887E-002
  -6.1482996080350315E-002
  -6.2785852394624600E-002
  -6.4032112862603241E-002
  -6.5221296142130500E-002
  -6.6353004737632962E-002
  -6.7426924074535183E-002
  -6.8442821440861001E-002
  -6.9400544800784975E-002
  -7.0300021485077566E-002
  -7.1141256763597463E-002
  -7.1924332305125002E-002
  -7.2649404530022110E-002
  -7.3316702861293673E-002
  -7.3926527879785500E-002
  -7.4479249389323626E-002
  -7.4975304397694703E-002
  -7.5415195019439149E-002
  -7.5799486306479175E-002
  -7.6128804012610421E-002
  -7.6403832297952626E-002
  -7.6625311379406549E-002
  -7.6794035133184058E-002
  -7.6910848655434100E-002
  -7.6976645786943396E-002
  -7.6992366607839979E-002
  -7.6958994908149683E-002
  -7.6877555639969383E-002
  -7.6749112356931229E-002
  -7.6574764646514484E-002
  -7.6355645560636995E-002
  -7.6092919049845165E-002
  -7.5787777406250034E-002
  -7.5441438720235121E-002
  -7.5055144355771514E-002
  -7.4630156449042695E-002
  -7.4167755434863772E-002
  -7.3669237605227728E-002
  -7.3135912704110767E-002
  -7.2569101562476424E-002
  -7.1970133777212786E-002
  -7.1340345437539837E-002
  -7.0681076902219808E-002
  -6.9993670630684693E-002
  -6.9279469070988087E-002
  -6.8539812607277012E-002
  -6.7776037569270517E-002
  -6.6989474306002120E-002
  -6.6181445325888266E-002
  -6.5353263504956419E-002
  -6.4506230364875614E-002
  -6.3641634422198570E-002
  -6.2760749610044769E-002
  -6.1864833773228912E-002
  -6.0955127237656552E-002
  -6.0032851454601813E-002
  -5.9099207720301937E-002
  -5.8155375971114205E-002
  -5.7202513654294046E-002
  -5.6241754674287679E-002
  -5.5274208414259847E-002
  -5.4300958832413981E-002
  -5.3323063632508438E-002
  -5.2341553507818973E-002
  -5.1357431457659003E-002
  -5.0371672175432647E-002
  -4.9385221507061691E-002
  -4.8398995978521674E-002
  -4.7413882391083420E-002
  -4.6430737482771531E-002
  -4.5450387654445826E-002
  -4.4473628758815817E-002
  -4.3501225950623133E-002
  -4.2533913596132317E-002
  -4.1572395240032055E-002
  -4.0617343627749596E-002
  -3.9669400781157549E-002
  -3.8729178125588785E-002
  -3.7797256666037185E-002
  -3.6874187210389334E-002
  -3.5960490637505220E-002
  -3.5056658207951577E-002
  -3.4163151915152519E-002
  -3.3280404874760000E-002
  -3.2408821749986293E-002
  -3.1548779210703849E-002
  -3.0700626424076109E-002
  -2.9864685574528333E-002
  -2.9041252410876673E-002
  -2.8230596818456029E-002
  -2.7432963414120690E-002
  -2.6648572162011021E-002
  -2.5877619008044618E-002
  -2.5120276531096438E-002
  -2.4376694608895026E-002
  -2.3647001096718079E-002
  -2.2931302516988800E-002
  -2.2229684757963542E-002
  -2.1542213779726302E-002
  -2.0868936325791555E-002
  -2.0209880638638177E-002
  -1.9565057177603859E-002
  -1.8934459337583930E-002
  -1.8318064167089448E-002
  -1.7715833084237746E-002
  -1.7127712589347376E-002
  -1.6553634972863673E-002
  -1.5993519017400815E-002
  -1.5447270692760071E-002
  -1.4914783842854088E-002
  -1.4395940863513207E-002
  -1.3890613370247459E-002
  -1.3398662855061210E-002
  -1.2919941331527494E-002
  -1.2454291967348602E-002
  -1.2001549703729873E-002
  -1.1561541860923622E-002
  -1.1134088729377689E-002
  -1.0719004145984741E-002
  -1.0316096054967793E-002
  -9.9251670530068215E-003
  -9.5460149182671102E-003
  -9.1784331230290971E-003
  -8.8222113296908284E-003
  -8.4771358699263864E-003
  -8.1429902068822016E-003
  -7.8195553802940798E-003
  -7.5066104344695007E-003
  -7.2039328291173795E-003
  -6.9112988330514514E-003
  -6.6284839008277380E-003
  -6.3552630323994042E-003
  -6.0914111159320189E-003
  -5.8367032539285739E-003
  -5.5909150728554666E-003
  -5.3538230164859712E-003
  -5.1252046231988852E-003
  -4.9048387875022291E-003
  -4.6925060060626729E-003
  -4.4879886085530214E-003
  -4.2910709736359220E-003
  -4.1015397304259588E-003
  -3.9191839457913078E-003
  -3.7437952978519617E-003
  -3.5751682360651445E-003
  -3.4131001282809263E-003
  -3.2573913951649820E-003
  -3.1078456324007001E-003
  -2.9642697210693165E-003
  -2.8264739266369108E-003
  -2.6942719869515923E-003
  -2.5674811896784881E-003
  -2.4459224395936472E-003
  -2.3294203161494291E-003
  -2.2178031217352629E-003
  -2.1109029210492234E-003
  -2.0085555719892892E-003
  -1.9106007484752433E-003
  -1.8168819556077054E-003
  -1.7272465375550742E-003
  -1.6415456785647739E-003
  -1.5596343974836301E-003
  -1.4813715361624963E-003
  -1.4066197421168849E-003
  -1.3352454457986314E-003
  -1.2671188328421963E-003
  -1.2021138116146894E-003
  -1.1401079764123310E-003
  -1.0809825666261367E-003
  -1.0246224221856577E-003
  -9.7091593558851740E-004
  -9.1975500080460136E-004
  -8.7103495934799375E-004
  -8.2465454377175069E-004
  -7.8051581886460011E-004
  -7.3852412078948514E-004
  -6.9858799440612913E-004
  -6.6061912901487884E-004
  -6.2453229273049004E-004
  -5.9024526570501212E-004
  -5.5767877239071002E-004
  -5.2675641303634468E-004
  -4.9740459459928789E-004
  -4.6955246123493277E-004
  -4.4313182452806473E-004
  -4.1807709361405264E-004
  -3.9432520533772404E-004
  -3.7181555456982827E-004
  -3.5048992481974959E-004
  -3.3029241924574954E-004
  -3.1116939217965792E-004
  -2.9306938126142599E-004
  -2.7594304027271047E-004
  -2.5974307276033904E-004
  -2.4442416651841042E-004
  -2.2994292900529339E-004
  -2.1625782375738780E-004
  -2.0332910785278392E-004
  -1.9111877048622061E-004
  -1.7959047268918907E-004
  -1.6870948824097747E-004
  -1.5844264580528459E-004
  -1.4875827232330803E-004
  -1.3962613768486796E-004
  -1.3101740069874595E-004
  -1.2290455638198818E-004
  -1.1526138457887116E-004
  -1.0806289991715384E-004
  -1.0128530310644594E-004
  -9.4905933581997909E-005
  -8.8903223495626505E-005
  -8.3256653042898963E-005
  -7.7946707126644066E-005
  -7.2954833342229620E-005
  -6.8263401279143235E-005
  -6.3855663121375916E-005
  -5.9715715533156428E-005
  -5.5828462808383178E-005
  -5.2179581277321391E-005
  -4.8755484934337305E-005
  -4.5543292279701344E-005
  -4.2530794344235572E-005
  -3.9706423876743495E-005
  -3.7059225672830384E-005
  -3.4578828014922001E-005
  -3.2255415200253819E-005
  -3.0079701131360596E-005
  -2.8042903943396108E-005
  -2.6136721639313893E-005
  -2.4353308706593517E-005
  -2.2685253693056685E-005
  -2.1125557702668920E-005
  -1.9667613798427734E-005
  -1.8305187276162024E-005
  -1.7032396784075186E-005
  -1.5843696263136068E-005
  -1.4733857677769293E-005
  -1.3697954516644799E-005
  -1.2731346029317261E-005
  -1.1829662182263583E-005
  -1.0988789300633701E-005
  -1.0204856377237928E-005
  -9.4742220189397296E-006
  -8.7934620129527406E-006
  -8.1593574810301573E-006
  -7.5688836092321825E-006
  -7.0191989221124646E-006
  -6.5076350802131579E-006
  -6.0316871888685966E-006
  -5.5890045816836087E-006
  -5.1773820777132406E-006
  -4.7947516725274875E-006
  -4.4391746628282733E-006
  -4.1088341703068551E-006
  -3.8020280622453936E-006
  -3.5171622349717221E-006
  -3.2527442575879206E-006
  -3.0073773556888600E-006
  -2.7797547103581546E-006
  -2.5686540750286132E-006
  -2.3729326771706170E-006
  -2.1915224061715981E-006
  -2.0234252632116916E-006
  -1.8677090656167017E-006
  -1.7235033931466398E-006
  -1.5899957612448448E-006
  -1.4664280139758823E-006
  -1.3520929179493022E-006
  -1.2463309638832716E-006
  -1.1485273386603824E-006
  -1.0581090867398032E-006
  -9.7454243111633745E-007
  -8.9733025585358075E-007
  -8.2600973631942699E-007
  -7.6015011418028051E-007
  -6.9935060164864458E-007
  -6.4323841976462921E-007
  -5.9146694796244333E-007
  -5.4371399329913744E-007
  -4.9968016532579005E-007
  -4.5908734896182474E-007
  -4.2167727589009871E-007
  -3.8721018485079014E-007
  -3.5546356453600244E-007
  -3.2623097819399540E-007
  -2.9932096347122884E-007
  -2.7455600226552111E-007
  -2.5177155565779939E-007
  -2.3081516465847812E-007
  -2.1154560638519345E-007
  -1.9383210731049409E-007
  -1.7755360716472777E-007
  -1.6259807490234048E-007
  -1.4886186462441660E-007
  -1.3624911882612174E-007
  -1.2467121223651819E-007
  -1.1404623011204528E-007
  -1.0429848416835072E-007
  -9.5358060108931274E-008
  -8.7160397880928273E-008
  -7.9645899608860784E-008
  -7.2759566126586068E-008
  -6.6450656466008014E-008
  -6.0672372805329771E-008
  -5.5381568897225857E-008
  -5.0538475158675636E-008
  -4.6106446420835210E-008
  -4.2051727924500583E-008
  -3.8343234602476519E-008
  -3.4952350642474199E-008
  -3.1852741325416288E-008
  -2.9020176407151894E-008
  -2.6432371166892672E-008
  -2.4068835988761682E-008
  -2.1910735920960860E-008
  -1.9940763410347699E-008
  -1.8143020277108571E-008
  -1.6502905095877673E-008
  -1.5007013389499204E-008
  -1.3643041636876443E-008
  -1.2399700972239027E-008
  -1.1266638888251683E-008
  -1.0234360903860816E-008
  -9.2941631745018014E-009
  -8.4380685480206481E-009
  -7.6587712587901986E-009
  -6.9495778052007008E-009
  -6.3043610632600649E-009
  -5.7175121331889002E-009
  -5.1838986907612564E-009
  -4.6988252813025734E-009
  -4.2579991284971799E-009
  -3.8574941441897483E-009
  -3.4937231345827252E-009
  -3.1634076793605595E-009
  -2.8635543937618789E-009
  -2.5914290799245372E-009
  -2.3445353571428940E-009
  -2.1205959720709306E-009
  -1.9175321955824324E-009
  -1.7334489793328566E-009
  -1.5666185738401576E-009
  -1.4154655007448820E-009
  -1.2785538027516912E-009
  -1.1545761307077563E-009
  -1.0423410934209678E-009
  -9.4076438789524315E-010
  -8.4885977495545595E-010
  -7.6572875281718393E-010
  -6.9055454338164165E-010
  -6.2259359051835075E-010
  -5.6117141445788437E-010
  -5.0567390993503873E-010
  -4.5554317030730361E-010
  -4.1027276855064996E-010
  -3.6940217481745438E-010
  -3.3251419781888661E-010
  -2.9923005566405878E-010
  -2.6920617256195961E-010
  -2.4213005369162698E-010
  -2.1771880279768934E-010
  -1.9571657188993406E-010
  -1.7589117308780770E-010
  -1.5803192432408742E-010
  -1.4194766473690215E-010
  -1.2746697753885469E-010
  -1.1443288948323020E-010
  -1.0270459867675577E-010
  -9.2153643173903508E-011
  -8.2664618586288253E-011
  -7.4132582963552631E-011
  -6.6463639666452941E-011
  -5.9572265976520721E-011
  -5.3381013694508310E-011
  -4.7821036755120108E-011
  -4.2828085809746807E-011
  -3.8346676291544113E-011
  -3.4325110916262828E-011
  -3.0717214670168671E-011
  -2.7481009075589121E-011
  -2.4579178787073899E-011
  -2.1978003760535206E-011
  -1.9647088108259056E-011
  -1.7558433620708382E-011
  -1.5687850983818954E-011
  -1.4012727347617773E-011
  -1.2513153364510331E-011
  -1.1171221812523815E-011
  -9.9702536305274898E-012
  -8.8965406786586380E-012
  -7.9361241820233433E-012
  -7.0775256409352180E-012
  -6.3102109174873415E-012
  -5.6239993326767772E-012
  -5.0118871424230283E-012
  -4.4651899189624110E-012
  -3.9762780717006267E-012
  -3.5405329653814883E-012
  -3.1517869646601322E-012
  -2.8046231579205868E-012
  -2.4952306411239058E-012
  -2.2197406415697920E-012
  -1.9734447421537246E-012
  -1.7546258865860361E-012
  -1.5593799573297255E-012
  -1.3854250966965412E-012
  -1.2305613792578962E-012
  -1.0928369496170942E-012
  -9.7037351474058635E-013
  -8.6119286132033819E-013
  -7.6422018019734921E-013
  -6.7767346948839780E-013
  -6.0084478982894401E-013
  -5.3302187793608511E-013
  -4.7267874353725145E-013
  -4.1850290004531368E-013
  -3.7081265532415213E-013
  -3.2881430376223891E-013
  -2.9106660381581132E-013
  -2.5709083886853478E-013
  -2.2751613193078566E-013
  -2.0148372365922045E-013
  -1.7848846416905911E-013
  -1.5775538717483587E-013
  -1.3923470851266262E-013
  -1.2344634676162280E-013
  -1.0910552364602081E-013
  -9.6055539422239540E-014
  -8.4988135174250312E-014
  -7.5096723396027454E-014
  -6.5918285785048395E-014
  -5.8178084320042272E-014
  -5.1057643289032155E-014
  -4.5064995083263034E-014
  -3.9704746092000204E-014
  -3.5236587319449305E-014
  -3.0875400161448997E-014
  -2.7480944350159809E-014
  -2.3698935332675646E-014
  -2.1290422647300942E-014
  -1.8695659424939428E-014
  -1.6688863914384941E-014
  -1.4241792515084387E-014
  -1.2693499334526449E-014
  -1.1137757788229836E-014
  -9.8326287757577830E-015
  -8.6449680933518085E-015
  -7.6714177187161280E-015
  -6.8734769296014600E-015
  -6.0056479642075068E-015
  -5.2420561241046955E-015
  -4.5541184408507741E-015
  -3.7481066231443529E-015
  -3.4138933951657828E-015
  -2.9015421814183307E-015
  -2.7132934564001277E-015
  -2.6110361618983518E-015
  -2.0035210811663956E-015
  -1.6658886105276957E-015
  -1.6304852648742884E-015
  -1.2793334473454491E-015
  -1.1896116295141640E-015
  -9.6871755931898756E-016
  -1.0580219698994928E-015
  -9.0677554735307636E-016
  -8.7213617284348908E-016
  -6.3173144727268130E-016
  -5.9770588470485988E-016
  -1.3728478823986979E-016
  -6.7044527027239351E-016
  -4.3778349161703351E-016
  -4.5110492178187455E-016
  -1.2189936038624438E-016
  -5.0310031241519545E-016
  -2.5451946622929032E-016
  -2.2737294112812809E-016
   6.8433299198575383E-017
   1.4674823133328033E-017
   2.5799916139691273E-016
   4.8071053832404386E-018
   5.1113131809812736E-018
   3.3320238867047845E-017
   3.1984163992452572E-017
   4.9375247264355211E-017
   1.4318326076274825E-016
   2.3228853419775729E-016
   1.5822039921988691E-016
   5.4755985264450168E-018
   6.6831658364030182E-017
  -1.9145291456806483E-016
  -7.0327328638588756E-017
  -3.1192715127256610E-016
   6.6115758797429253E-017
   3.1150683751162567E-016
  -4.6136417957715013E-017
   1.2742041414777900E-016
   1.7078712538846663E-016
   7.5202916781036595E-017
   1.7813035595754893E-016
   1.5452269280147271E-016
  -1.8571705261964030E-016
   2.4956319764378843E-017
  -1.4021914145499975E-016
  -2.9299859778017005E-016
   6.5617993603045947E-017
  -3.0424411338787117E-016
  -4.1292814468834445E-016
   2.6908246265470324E-017
  -2.8449026056522852E-016
   2.0979582421777227E-016
  -1.0277822826718969E-016
   7.8302131087451842E-017
   2.9960959323472337E-017
   3.5329463610981265E-017
  -1.2816053416730335E-016
   2.2155406083325814E-017
  -2.3886424234047307E-016
  -3.4067486147087177E-016
  -2.1394332624144392E-016
  -1.7688213719659134E-016
   5.4287327760441789E-018
  -3.0524730975059313E-017
  -2.5805159829447496E-016
   1.6308566479503248E-016
  -8.7318671624968058E-017
  -1.9884444968979897E-016
   6.1543644836847942E-017
   1.5978395648726136E-016
   1.0104813234019528E-016
  -9.9772894846301313E-017
   1.1033536647451911E-016
   2.1325728784447745E-017
   2.2274179255934208E-016
  -3.0621068326333669E-016
  -2.1001624981189725E-017
   2.3901083903987040E-016
   2.3297332029795128E-017
  -1.4392325399229777E-016
   1.2819111486163253E-016
   1.0774199921188781E-016
   3.3489297519453599E-017
  -5.1184430556688760E-017
   7.0317452000295793E-017
  -9.0747850786051230E-017
  -2.5529504263119919E-016
  -1.6725130021467010E-016
  -4.5319264362790984E-017
  -7.3535518266613464E-017
   1.1181357453589529E-016
   9.3698959242863027E-017
   1.1037469843753621E-016
  -1.2637357887932840E-017
