   2.1179424049226058E-021
   4.2484908165943429E-021
   6.4042827856530766E-021
   8.5980620320563265E-021
   1.0842753183196114E-020
   1.3151537062097149E-020
   1.5537926961782690E-020
   1.8015846343117003E-020
   2.0599708397175187E-020
   2.3304497919431290E-020
   2.6145855951799488E-020
   2.9140167659821811E-020
   3.2304653926103171E-020
   3.5657467157491314E-020
   3.9217791822538409E-020
   4.3005950257546138E-020
   4.7043514304053164E-020
   5.1353423368097356E-020
   5.5960109522062305E-020
   6.0889630303550333E-020
   6.6169809902650227E-020
   7.1830389469332116E-020
   7.7903187316723686E-020
   8.4422269843837868E-020
   9.1424134053202575E-020
   9.8947902594983739E-020
   1.0703553232985253E-019
   1.1573203746831571E-019
   1.2508572841477900E-019
   1.3514846752057372E-019
   1.4597594303189093E-019
   1.5762796260641153E-019
   1.7016876786676402E-019
   1.8366737156024432E-019
   1.9819791900293433E-019
   2.1384007560292302E-019
   2.3067944238236484E-019
   2.4880800155204061E-019
   2.6832459433567764E-019
   2.8933543339504471E-019
   3.1195465237145298E-019
   3.3630489523571398E-019
   3.6251794832724415E-019
   3.9073541816503328E-019
   4.2110945832941353E-019
   4.5380354894472875E-019
   4.8899333254055008E-019
   5.2686751033361250E-019
   5.6762880325576002E-019
   6.1149498235584869E-019
   6.5869997352715731E-019
   7.0949504185791970E-019
   7.6415006127247702E-019
   8.2295487552592115E-019
   8.8622075703771686E-019
   9.5428197050148584E-019
   1.0274974486907075E-018
   1.1062525883959023E-018
   1.1909611749797989E-018
   1.2820674446257244E-018
   1.3800482939833318E-018
   1.4854156475874708E-018
   1.5987189941434718E-018
   1.7205481035385052E-018
   1.8515359372567314E-018
   1.9923617657500364E-018
   2.1437545072488790E-018
   2.3064963034941439E-018
   2.4814263489340444E-018
   2.6694449910656825E-018
   2.8715181208121974E-018
   3.0886818731200630E-018
   3.3220476593411707E-018
   3.5728075544375725E-018
   3.8422400636181930E-018
   4.1317162946941506E-018
   4.4427065642285797E-018
   4.7767874674659956E-018
   5.1356494440618281E-018
   5.5211048738061965E-018
   5.9350967388510440E-018
   6.3797078914221626E-018
   6.8571709686315334E-018
   7.3698789988155075E-018
   7.9203967468206050E-018
   8.5114728488530324E-018
   9.1460527909112793E-018
   9.8272927884564932E-018
   1.0558574628838138E-017
   1.1343521542122534E-017
   1.2186015170364470E-017
   1.3090213710047906E-017
   1.4060571307413349E-017
   1.5101858791707325E-017
   1.6219185837058800E-017
   1.7418024649723383E-017
   1.8704235283867276E-017
   2.0084092695916007E-017
   2.1564315654788521E-017
   2.3152097633110034E-017
   2.4855139812774383E-017
   2.6681686347037689E-017
   2.8640562030714819E-017
   3.0741212540035552E-017
   3.2993747414364722E-017
   3.5408985963304647E-017
   3.7998506294762993E-017
   4.0774697672393403E-017
   4.3750816424474009E-017
   4.6941045640827706E-017
   5.0360558909843198E-017
   5.4025588364123036E-017
   5.7953497320783642E-017
   6.2162857821071071E-017
   6.6673533393763615E-017
   7.1506767387915874E-017
   7.6685277242920949E-017
   8.2233355087710295E-017
   8.8176975086279973E-017
   9.4543907973686842E-017
   1.0136384325534861E-016
   1.0866851957296037E-016
   1.1649186377276278E-016
   1.2487013924635690E-016
   1.3384210415088031E-016
   1.4344918015431341E-016
   1.5373563239304548E-016
   1.6474876137282482E-016
   1.7653910759094730E-016
   1.8916066970717681E-016
   2.0267113714369270E-016
   2.1713213805036008E-016
   2.3260950363122963E-016
   2.4917354989137939E-016
   2.6689937793041017E-016
   2.8586719398030519E-016
   3.0616265046107174E-016
   3.2787720940814495E-016
   3.5110852971092145E-016
   3.7596087969255846E-016
   4.0254557665747019E-016
   4.3098145513524511E-016
   4.6139536565822397E-016
   4.9392270602519688E-016
   5.2870798712599674E-016
   5.6590543553146614E-016
   6.0567963519104750E-016
   6.4820621072636293E-016
   6.9367255496409600E-016
   7.4227860351617705E-016
   7.9423765938945794E-016
   8.4977727079248944E-016
   9.0914016550299861E-016
   9.7258524536824359E-016
   1.0403886447307669E-015
   1.1128448568067870E-015
   1.1902679322922256E-015
   1.2729927547349267E-015
   1.3613763974906312E-015
   1.4557995673760816E-015
   1.5566681404462301E-015
   1.6644147956550100E-015
   1.7795007525112934E-015
   1.9024176192150766E-015
   2.0336893581544049E-015
   2.1738743760631159E-015
   2.3235677465829595E-015
   2.4834035734447949E-015
   2.6540575029815992E-015
   2.8362493952141252E-015
   3.0307461633091927E-015
   3.2383647918029009E-015
   3.4599755446081100E-015
   3.6965053744898135E-015
   3.9489415463948871E-015
   4.2183354877678138E-015
   4.5058068797711352E-015
   4.8125480041649001E-015
   5.1398283614815999E-015
   5.4889995770682757E-015
   5.8615006125561533E-015
   6.2588633013658704E-015
   6.6827182279633562E-015
   7.1348009717533385E-015
   7.6169587377381418E-015
   8.1311573973804097E-015
   8.6794889644969516E-015
   9.2641795324769222E-015
   9.8875977006719923E-015
   1.0552263519446364E-014
   1.1260857985110583E-014
   1.2016233117799342E-014
   1.2821422657293707E-014
   1.3679653413840546E-014
   1.4594357313190217E-014
   1.5569184177366664E-014
   1.6608015285108949E-014
   1.7714977758481235E-014
   1.8894459824858797E-014
   2.0151127006354429E-014
   2.1489939291773351E-014
   2.2916169349378342E-014
   2.4435421842116929E-014
   2.6053653910530948E-014
   2.7777196892327358E-014
   2.9612779351565686E-014
   3.1567551494620057E-014
   3.3649111054500478E-014
   3.5865530729805358E-014
   3.8225387269516874E-014
   4.0737792300070482E-014
   4.3412424996636670E-014
   4.6259566706373651E-014
   4.9290137637541838E-014
   5.2515735734852967E-014
   5.5948677868259070E-014
   5.9602043469609829E-014
   6.3489720759204850E-014
   6.7626455712313591E-014
   7.2027903924196963E-014
   7.6710685541106988E-014
   8.1692443434176609E-014
   8.6991904803036043E-014
   9.2628946406501570E-014
   9.8624663628725688E-014
   1.0500144360086608E-013
   1.1178304261062643E-013
   1.1899466804498027E-013
   1.2666306512505640E-013
   1.3481660870658007E-013
   1.4348540043442567E-013
   1.5270137155586283E-013
   1.6249839171391945E-013
   1.7291238406006568E-013
   1.8398144704416928E-013
   1.9574598325934300E-013
   2.0824883574016083E-013
   2.2153543213454064E-013
   2.3565393719271963E-013
   2.5065541404097457E-013
   2.6659399473337468E-013
   2.8352706060173664E-013
   3.0151543295237031E-013
   3.2062357468801755E-013
   3.4091980346484604E-013
   3.6247651702748356E-013
   3.8537043139985136E-013
   4.0968283264630697E-013
   4.3549984295610712E-013
   4.6291270184490664E-013
   4.9201806330966659E-013
   5.2291830981834467E-013
   5.5572188406305169E-013
   5.9054363945509652E-013
   6.2750521039273122E-013
   6.6673540338742418E-013
   7.0837061019242972E-013
   7.5255524413831269E-013
   7.9944220094417319E-013
   8.4919334534047733E-013
   9.0198002491050685E-013
   9.5798361263154170E-013
   1.0173960796753476E-012
   1.0804206001096403E-012
   1.1472721892287746E-012
   1.2181783773324920E-012
   1.2933799208673720E-012
   1.3731315529454798E-012
   1.4577027753605489E-012
   1.5473786943323072E-012
   1.6424609023261415E-012
   1.7432684084172532E-012
   1.8501386197970041E-012
   1.9634283771534299E-012
   2.0835150467999165E-012
   2.2107976725742029E-012
   2.3456981906860709E-012
   2.4886627108555649E-012
   2.6401628672559432E-012
   2.8006972429555142E-012
   2.9707928717421025E-012
   3.1510068214128288E-012
   3.3419278628199744E-012
   3.5441782291830448E-012
   3.7584154704064131E-012
   3.9853344073829453E-012
   4.2256691915167786E-012
   4.4801954749632745E-012
   4.7497326973624738E-012
   5.0351464951336036E-012
   5.3373512397041560E-012
   5.6573127113675653E-012
   5.9960509157995586E-012
   6.3546430506158103E-012
   6.7342266297231263E-012
   7.1360027736024980E-012
   7.5612396740699873E-012
   8.0112762424848154E-012
   8.4875259508212914E-012
   8.9914808754871420E-012
   9.5247159542606005E-012
   1.0088893467230783E-011
   1.0685767753163830E-011
   1.1317190173278108E-011
   1.1985114335002522E-011
   1.2691601588907331E-011
   1.3438826812644317E-011
   1.4229084496408507E-011
   1.5064795145142445E-011
   1.5948512013444546E-011
   1.6882928189920466E-011
   1.7870884048527670E-011
   1.8915375085313389E-011
   2.0019560159837920E-011
   2.1186770161502404E-011
   2.2420517121978140E-011
   2.3724503795952536E-011
   2.5102633733469286E-011
   2.6559021868264066E-011
   2.8098005647653033E-011
   2.9724156730759461E-011
   3.1442293283136527E-011
   3.3257492897176484E-011
   3.5175106169095415E-011
   3.7200770964736816E-011
   3.9340427407964687E-011
   4.1600333627007327E-011
   4.3987082295780436E-011
   4.6507618008958235E-011
   4.9169255531377743E-011
   5.1979698964266113E-011
   5.4947061872758605E-011
   5.8079888421257826E-011
   6.1387175565346269E-011
   6.4878396351226011E-011
   6.8563524376025720E-011
   7.2453059464783604E-011
   7.6558054622487848E-011
   8.0890144322254132E-011
   8.5461574193515543E-011
   9.0285232177056827E-011
   9.5374681216752802E-011
   1.0074419356110178E-010
   1.0640878675094489E-010
   1.1238426137327116E-010
   1.1868724066461317E-010
   1.2533521205134729E-010
   1.3234657071814785E-010
   1.3974066529997750E-010
   1.4753784579727806E-010
   1.5575951381853449E-010
   1.6442817525904152E-010
   1.7356749552958291E-010
   1.8320235745380975E-010
   1.9335892195842552E-010
   2.0406469168576697E-010
   2.1534857766418171E-010
   2.2724096917756323E-010
   2.3977380698166045E-010
   2.5298066002132537E-010
   2.6689680580961229E-010
   2.8155931463673449E-010
   2.9700713778427190E-010
   3.1328119992764413E-010
   3.3042449591791431E-010
   3.4848219214228287E-010
   3.6750173267128303E-010
   3.8753295040978508E-010
   4.0862818347817900E-010
   4.3084239706006478E-010
   4.5423331096278535E-010
   4.7886153314786263E-010
   5.0479069949934613E-010
   5.3208762010959524E-010
   5.6082243237395666E-010
   5.9106876119817935E-010
   6.2290388663540331E-010
   6.5640891928289826E-010
   6.9166898378284124E-010
   7.2877341078579992E-010
   7.6781593775082348E-010
   8.0889491897176061E-010
   8.5211354523563319E-010
   8.9758007353605848E-010
   9.4540806728223712E-010
   9.9571664746244161E-010
   1.0486307552399503E-009
   1.1042814264792763E-009
   1.1628060787209856E-009
   1.2243488111449959E-009
   1.2890607180842284E-009
   1.3571002166737264E-009
   1.4286333892442734E-009
   1.5038343410944150E-009
   1.5828855743006557E-009
   1.6659783782523567E-009
   1.7533132376258915E-009
   1.8451002585413297E-009
   1.9415596136750234E-009
   2.0429220071326118E-009
   2.1494291599192395E-009
   2.2613343168775043E-009
   2.3789027759978493E-009
   2.5024124410432637E-009
   2.6321543984663215E-009
   2.7684335196364100E-009
   2.9115690894348152E-009
   3.0618954623170077E-009
   3.2197627469851911E-009
   3.3855375208582495E-009
   3.5596035755737456E-009
   3.7423626948040273E-009
   3.9342354657187358E-009
   4.1356621254778408E-009
   4.3471034441929579E-009
   4.5690416458498747E-009
   4.8019813687437518E-009
   5.0464506670367003E-009
   5.3030020551104362E-009
   5.5722135964498653E-009
   5.8546900388599606E-009
   6.1510639978872191E-009
   6.4619971903864682E-009
   6.7881817202494792E-009
   7.1303414183859656E-009
   7.4892332391269846E-009
   7.8656487153020237E-009
   8.2604154743252958E-009
   8.6743988177141690E-009
   9.1085033665517504E-009
   9.5636747755000280E-009
   1.0040901518065751E-008
   1.0541216745920418E-008
   1.1065700225180240E-008
   1.1615480352656123E-008
   1.2191736255196422E-008
   1.2795699975356464E-008
   1.3428658746748340E-008
   1.4091957362544689E-008
   1.4787000640737005E-008
   1.5515255989875682E-008
   1.6278256079157566E-008
   1.7077601616860678E-008
   1.7914964241270781E-008
   1.8792089528391493E-008
   1.9710800120882179E-008
   2.0672998982822928E-008
   2.1680672785072635E-008
   2.2735895426146708E-008
   2.3840831693721430E-008
   2.4997741072042968E-008
   2.6208981700708056E-008
   2.7477014490470116E-008
   2.8804407401920748E-008
   3.0193839893098361E-008
   3.1648107542283560E-008
   3.3170126852454440E-008
   3.4762940244097510E-008
   3.6429721243295295E-008
   3.8173779872249423E-008
   3.9998568249634573E-008
   4.1907686408436024E-008
   4.3904888339167509E-008
   4.5994088266648615E-008
   4.8179367168770374E-008
   5.0464979545980926E-008
   5.2855360450492655E-008
   5.5355132784519617E-008
   5.7969114877160345E-008
   6.0702328349849524E-008
   6.3560006280626624E-008
   6.6547601677815951E-008
   6.9670796274025631E-008
   7.2935509651763945E-008
   7.6347908712298950E-008
   7.9914417499786259E-008
   8.3641727393049616E-008
   8.7536807677816503E-008
   9.1606916512598936E-008
   9.5859612301826315E-008
   1.0030276549028287E-007
   1.0494457079331115E-007
   1.0979355987772041E-007
   1.1485861450879804E-007
   1.2014898017927201E-007
   1.2567428023660778E-007
   1.3144453052547247E-007
   1.3747015456275919E-007
   1.4376199926306089E-007
   1.5033135123304320E-007
   1.5718995365371396E-007
   1.6435002377015223E-007
   1.7182427100887010E-007
   1.7962591574354387E-007
   1.8776870873048353E-007
   1.9626695123586490E-007
   2.0513551587734559E-007
   2.1438986820337968E-007
   2.2404608903423281E-007
   2.3412089758936159E-007
   2.4463167542656767E-007
   2.5559649121903289E-007
   2.6703412639712204E-007
   2.7896410168258918E-007
   2.9140670454358619E-007
   3.0438301759970686E-007
   3.1791494800708963E-007
   3.3202525785448032E-007
   3.4673759560194302E-007
   3.6207652859487323E-007
   3.7806757668677171E-007
   3.9473724700523654E-007
   4.1211306989649101E-007
   4.3022363608479859E-007
   4.4909863508401353E-007
   4.6876889489959160E-007
   4.8926642306033149E-007
   5.1062444902018860E-007
   5.3287746797165215E-007
   5.5606128611301487E-007
   5.8021306741331125E-007
   6.0537138191950668E-007
   6.3157625565192565E-007
   6.5886922213484977E-007
   6.8729337561065704E-007
   7.1689342598685569E-007
   7.4771575556680918E-007
   7.7980847761605117E-007
   8.1322149681750045E-007
   8.4800657167010861E-007
   8.8421737888689842E-007
   9.2190957984964269E-007
   9.6114088917879488E-007
   1.0019711454787876E-006
   1.0444623843201942E-006
   1.0886789135216572E-006
   1.1346873907960099E-006
   1.1825569038266408E-006
   1.2323590528413692E-006
   1.2841680357530219E-006
   1.3380607359371750E-006
   1.3941168127192929E-006
   1.4524187946451503E-006
   1.5130521756097706E-006
   1.5761055139223259E-006
   1.6416705343854840E-006
   1.7098422334700420E-006
   1.7807189876668431E-006
   1.8544026651002610E-006
   1.9309987404888247E-006
   2.0106164135408763E-006
   2.0933687308744040E-006
   2.1793727115526348E-006
   2.2687494763283475E-006
   2.3616243806920161E-006
   2.4581271518208039E-006
   2.5583920295271062E-006
   2.6625579113077750E-006
   2.7707685015965134E-006
   2.8831724653243244E-006
   2.9999235858947965E-006
   3.1211809276829947E-006
   3.2471090031686764E-006
   3.3778779448168628E-006
   3.5136636818202733E-006
   3.6546481218211418E-006
   3.8010193377308478E-006
   3.9529717597687127E-006
   4.1107063728435145E-006
   4.2744309194023459E-006
   4.4443601078748626E-006
   4.6207158268418280E-006
   4.8037273650602743E-006
   4.9936316374783409E-006
   5.1906734173763314E-006
   5.3951055747712560E-006
   5.6071893212257614E-006
   5.8271944612027263E-006
   6.0553996501107096E-006
   6.2920926591861126E-006
   6.5375706473607816E-006
   6.7921404402654177E-006
   7.0561188165215010E-006
   7.3298328014767114E-006
   7.6136199685399469E-006
   7.9078287482748254E-006
   8.2128187454127152E-006
   8.5289610639473546E-006
   8.8566386404763701E-006
   9.1962465859545969E-006
   9.5481925360298888E-006
   9.9128970101293177E-006
   1.0290793779468846E-005
   1.0682330244159825E-005
   1.1087967819587680E-005
   1.1508182332239858E-005
   1.1943464425161910E-005
   1.2394319973220632E-005
   1.2861270508358200E-005
   1.3344853655017756E-005
   1.3845623575926730E-005
   1.4364151428422722E-005
   1.4901025831508805E-005
   1.5456853343827135E-005
   1.6032258952738692E-005
   1.6627886574700785E-005
   1.7244399567131521E-005
   1.7882481251954038E-005
   1.8542835451012719E-005
   1.9226187033554858E-005
   1.9933282475969221E-005
   2.0664890433978105E-005
   2.1421802327475522E-005
   2.2204832938204374E-005
   2.3014821020470089E-005
   2.3852629925082187E-005
   2.4719148236715968E-005
   2.5615290424894418E-005
   2.6541997508773012E-005
   2.7500237735929027E-005
   2.8491007275339184E-005
   2.9515330924741278E-005
   3.0574262832563618E-005
   3.1668887234613959E-005
   3.2800319205710676E-005
   3.3969705426441761E-005
   3.5178224965233516E-005
   3.6427090075907171E-005
   3.7717547010904412E-005
   3.9050876850351267E-005
   4.0428396347139353E-005
   4.1851458788185980E-005
   4.3321454872044139E-005
   4.4839813603022616E-005
   4.6408003201973856E-005
   4.8027532033903423E-005
   4.9699949552554295E-005
   5.1426847262105281E-005
   5.3209859696132206E-005
   5.5050665413957133E-005
   5.6950988014526613E-005
   5.8912597167930266E-005
   6.0937309664692966E-005
   6.3026990482935324E-005
   6.5183553873520984E-005
   6.7408964463281593E-005
   6.9705238376414010E-005
   7.2074444374127246E-005
   7.4518705012619526E-005
   7.7040197819447761E-005
   7.9641156488350224E-005
   8.2323872092568195E-005
   8.5090694316704784E-005
   8.7944032707151695E-005
   9.0886357941105517E-005
   9.3920203114170836E-005
   9.7048165046560657E-005
   1.0027290560786739E-004
   1.0359715306038479E-004
   1.0702370342093835E-004
   1.1055542184116922E-004
   1.1419524400621791E-004
   1.1794617755170729E-004
   1.2181130349895458E-004
   1.2579377770828711E-004
   1.2989683235034479E-004
   1.3412377739523769E-004
   1.3847800211938077E-004
   1.4296297662986471E-004
   1.4758225340614473E-004
   1.5233946885885905E-004
   1.5723834490555117E-004
   1.6228269056304292E-004
   1.6747640355620249E-004
   1.7282347194282424E-004
   1.7832797575431471E-004
   1.8399408865186909E-004
   1.8982607959779017E-004
   1.9582831454157234E-004
   2.0200525812038233E-004
   2.0836147537351083E-004
   2.1490163347036263E-004
   2.2163050345153085E-004
   2.2855296198246892E-004
   2.3567399311924368E-004
   2.4299869008585941E-004
   2.5053225706256300E-004
   2.5828001098455121E-004
   2.6624738335049572E-004
   2.7443992204019449E-004
   2.8286329314071906E-004
   2.9152328278034229E-004
   3.0042579896950644E-004
   3.0957687344809704E-004
   3.1898266353822896E-004
   3.2864945400168442E-004
   3.3858365890122849E-004
   3.4879182346483299E-004
   3.5928062595195847E-004
   3.7005687952089530E-004
   3.8112753409623538E-004
   3.9249967823539605E-004
   4.0418054099318810E-004
   4.1617749378332087E-004
   4.2849805223572966E-004
   4.4114987804855601E-004
   4.5414078083361002E-004
   4.6747871995404811E-004
   4.8117180635303135E-004
   4.9522830437202998E-004
   5.0965663355745806E-004
   5.2446537045421732E-004
   5.3966325038477423E-004
   5.5525916921225630E-004
   5.7126218508611593E-004
   5.8768152016880760E-004
   6.0452656234186869E-004
   6.2180686688980454E-004
   6.3953215816016753E-004
   6.5771233119802492E-004
   6.7635745335314456E-004
   6.9547776585814243E-004
   7.1508368537563682E-004
   7.3518580551271378E-004
   7.5579489830069095E-004
   7.7692191563820444E-004
   7.9857799069577105E-004
   8.2077443927960230E-004
   8.4352276115278152E-004
   8.6683464131157505E-004
   8.9072195121470577E-004
   9.1519674996351301E-004
   9.4027128543066555E-004
   9.6595799533514941E-004
   9.9226950826125952E-004
   1.0192186446192396E-003
   1.0468184175450184E-003
   1.0750820337369722E-003
   1.1040228942266958E-003
   1.1336545950818453E-003
   1.1639909280380537E-003
   1.1950458810575776E-003
   1.2268336388119177E-003
   1.2593685830858221E-003
   1.2926652930999876E-003
   1.3267385457496673E-003
   1.3616033157563723E-003
   1.3972747757300969E-003
   1.4337682961389111E-003
   1.4710994451832837E-003
   1.5092839885722247E-003
   1.5483378891981284E-003
   1.5882773067077156E-003
   1.6291185969657352E-003
   1.6708783114086263E-003
   1.7135731962851003E-003
   1.7572201917804892E-003
   1.8018364310219224E-003
   1.8474392389611371E-003
   1.8940461311318809E-003
   1.9416748122786528E-003
   1.9903431748538565E-003
   2.0400692973799937E-003
   2.0908714426737568E-003
   2.1427680559290719E-003
   2.1957777626555640E-003
   2.2499193664695951E-003
   2.3052118467342592E-003
   2.3616743560455752E-003
   2.4193262175614886E-003
   2.4781869221702784E-003
   2.5382761254956528E-003
   2.5996136447348521E-003
   2.6622194553268808E-003
   2.7261136874476900E-003
   2.7913166223290306E-003
   2.8578486883978939E-003
   2.9257304572336443E-003
   2.9949826393392783E-003
   3.0656260797243371E-003
   3.1376817532958812E-003
   3.2111707600549215E-003
   3.2861143200952668E-003
   3.3625337684017021E-003
   3.4404505494446580E-003
   3.5198862115687866E-003
   3.6008624011721535E-003
   3.6834008566738316E-003
   3.7675234022668033E-003
   3.8532519414537711E-003
   3.9406084503633004E-003
   4.0296149708435505E-003
   4.1202936033313533E-003
   4.2126664994944565E-003
   4.3067558546441113E-003
   4.4025838999163271E-003
   4.5001728942192848E-003
   4.5995451159453462E-003
   4.7007228544450001E-003
   4.8037284012613585E-003
   4.9085840411238384E-003
   5.0153120426983423E-003
   5.1239346490932758E-003
   5.2344740681195918E-003
   5.3469524623036306E-003
   5.4613919386516047E-003
   5.5778145381644075E-003
   5.6962422251023203E-003
   5.8166968759983170E-003
   5.9392002684193566E-003
   6.0637740694755122E-003
   6.1904398240760702E-003
   6.3192189429325096E-003
   6.4501326903085724E-003
   6.5832021715171276E-003
   6.7184483201642355E-003
   6.8558918851409295E-003
   6.9955534173627926E-003
   7.1374532562586725E-003
   7.2816115160094430E-003
   7.4280480715372028E-003
   7.5767825442472868E-003
   7.7278342875237533E-003
   7.8812223719800390E-003
   8.0369655704675969E-003
   8.1950823428432948E-003
   8.3555908204991525E-003
   8.5185087906561128E-003
   8.6838536804244512E-003
   8.8516425406350296E-003
   9.0218920294424156E-003
   9.1946183957059401E-003
   9.3698374621496577E-003
   9.5475646083071439E-003
   9.7278147532545451E-003
   9.9106023381353263E-003
   1.0095941308482971E-002
   1.0283845096345220E-002
   1.0474326602215450E-002
   1.0667398176776749E-002
   1.0863071602463427E-002
   1.1061358074846686E-002
   1.1262268183850425E-002
   1.1465811894803508E-002
   1.1671998529334522E-002
   1.1880836746117413E-002
   1.2092334521473243E-002
   1.2306499129837884E-002
   1.2523337124100559E-002
   1.2742854315824231E-002
   1.2965055755354197E-002
   1.3189945711823194E-002
   1.3417527653063879E-002
   1.3647804225435859E-002
   1.3880777233577325E-002
   1.4116447620091734E-002
   1.4354815445177676E-002
   1.4595879866214649E-002
   1.4839639117312934E-002
   1.5086090488840253E-002
   1.5335230306934490E-002
   1.5587053913015696E-002
   1.5841555643307210E-002
   1.6098728808379609E-002
   1.6358565672728337E-002
   1.6621057434397655E-002
   1.6886194204664515E-002
   1.7153964987794097E-002
   1.7424357660881757E-002
   1.7697358953792697E-002
   1.7972954429216353E-002
   1.8251128462845576E-002
   1.8531864223699436E-002
   1.8815143654598732E-002
   1.9100947452814498E-002
   1.9389255050899883E-002
   1.9680044597724700E-002
   1.9973292939724770E-002
   2.0268975602382514E-002
   2.0567066771957260E-002
   2.0867539277476994E-002
   2.1170364573011448E-002
   2.1475512720240970E-002
   2.1782952371340012E-002
   2.2092650752188338E-002
   2.2404573645931219E-002
   2.2718685376903244E-002
   2.3034948794932963E-002
   2.3353325260047412E-002
   2.3673774627593208E-002
   2.3996255233791473E-002
   2.4320723881745020E-002
   2.4647135827917555E-002
   2.4975444769097691E-002
   2.5305602829871973E-002
   2.5637560550622194E-002
   2.5971266876064564E-002
   2.6306669144351105E-002
   2.6643713076750397E-002
   2.6982342767925747E-002
   2.7322500676830144E-002
   2.7664127618237354E-002
   2.8007162754923681E-002
   2.8351543590523626E-002
   2.8697205963073256E-002
   2.9044084039264791E-002
   2.9392110309424426E-002
   2.9741215583237460E-002
   3.0091328986234782E-002
   3.0442377957059494E-002
   3.0794288245533197E-002
   3.1146983911537550E-002
   3.1500387324729130E-002
   3.1854419165106847E-002
   3.2208998424445391E-002
   3.2564042408615060E-002
   3.2919466740802539E-002
   3.3275185365651570E-002
   3.3631110554335618E-002
   3.3987152910583379E-002
   3.4343221377668376E-002
   3.4699223246381361E-002
   3.5055064163999269E-002
   3.5410648144265880E-002
   3.5765877578395167E-002
   3.6120653247119321E-002
   3.6474874333784706E-002
   3.6828438438518268E-002
   3.7181241593470797E-002
   3.7533178279152001E-002
   3.7884141441869475E-002
   3.8234022512281640E-002
   3.8582711425075543E-002
   3.8930096639783258E-002
   3.9276065162739314E-002
   3.9620502570197433E-002
   3.9963293032608149E-002
   4.0304319340069297E-002
   4.0643462928953510E-002
   4.0980603909725674E-002
   4.1315621095948399E-002
   4.1648392034486947E-002
   4.1978793036918573E-002
   4.2306699212145492E-002
   4.2631984500222181E-002
   4.2954521707390073E-002
   4.3274182542333527E-002
   4.3590837653649996E-002
   4.3904356668535580E-002
   4.4214608232691299E-002
   4.4521460051439095E-002
   4.4824778932059287E-002
   4.5124430827332175E-002
   4.5420280880291895E-002
   4.5712193470182017E-002
   4.6000032259608560E-002
   4.6283660242886666E-002
   4.6562939795570440E-002
   4.6837732725161944E-002
   4.7107900322984411E-002
   4.7373303417220611E-002
   4.7633802427091039E-002
   4.7889257418176012E-002
   4.8139528158852966E-002
   4.8384474177851931E-002
   4.8623954822903249E-002
   4.8857829320464043E-002
   4.9085956836511249E-002
   4.9308196538376772E-002
   4.9524407657618411E-002
   4.9734449553890787E-002
   4.9938181779809410E-002
   5.0135464146780273E-002
   5.0326156791773789E-002
   5.0510120245020156E-002
   5.0687215498601036E-002
   5.0857304075913705E-002
   5.1020248101979006E-002
   5.1175910374567486E-002
   5.1324154436112206E-002
   5.1464844646387363E-002
   5.1597846255908048E-002
   5.1723025480037106E-002
   5.1840249573752072E-002
   5.1949386907044759E-002
   5.2050307040923699E-002
   5.2142880803973522E-002
   5.2226980369445127E-002
   5.2302479332838062E-002
   5.2369252789929287E-002
   5.2427177415219697E-002
   5.2476131540750606E-002
   5.2515995235255061E-002
   5.2546650383600790E-002
   5.2567980766478839E-002
   5.2579872140300715E-002
   5.2582212317257106E-002
   5.2574891245490495E-002
   5.2557801089341598E-002
   5.2530836309618530E-002
   5.2493893743845214E-002
   5.2446872686438627E-002
   5.2389674968768278E-002
   5.2322205039046499E-002
   5.2244370042002955E-002
   5.2156079898288507E-002
   5.2057247383561350E-002
   5.1947788207205477E-002
   5.1827621090621584E-002
   5.1696667845045639E-002
   5.1554853448839415E-002
   5.1402106124197003E-002
   5.1238357413217119E-002
   5.1063542253286062E-002
   5.0877599051714323E-002
   5.0680469759576720E-002
   5.0472099944694114E-002
   5.0252438863710787E-002
   5.0021439533197105E-002
   4.9779058799740344E-002
   4.9525257408953138E-002
   4.9260000073348367E-002
   4.8983255539027784E-002
   4.8694996651121085E-002
   4.8395200417926776E-002
   4.8083848073696860E-002
   4.7760925140006245E-002
   4.7426421485656386E-002
   4.7080331385048711E-002
   4.6722653574984299E-002
   4.6353391309828768E-002
   4.5972552414988516E-002
   4.5580149338640838E-002
   4.5176199201673900E-002
   4.4760723845769720E-002
   4.4333749879590954E-002
   4.3895308723008022E-002
   4.3445436649322322E-002
   4.2984174825430745E-002
   4.2511569349885321E-002
   4.2027671288792610E-002
   4.1532536709507968E-002
   4.1026226712076605E-002
   4.0508807458372757E-002
   3.9980350198893337E-002
   3.9440931297155764E-002
   3.8890632251667175E-002
   3.8329539715404329E-002
   3.7757745512781424E-002
   3.7175346654049007E-002
   3.6582445347094220E-002
   3.5979149006600944E-002
   3.5365570260528452E-002
   3.4741826953883420E-002
   3.4108042149736305E-002
   3.3464344127466690E-002
   3.2810866378185741E-002
   3.2147747597325714E-002
   3.1475131674352057E-002
   3.0793167679577401E-002
   3.0102009848055094E-002
   2.9401817560523701E-002
   2.8692755321383566E-002
   2.7974992733679465E-002
   2.7248704471077551E-002
   2.6514070246819541E-002
   2.5771274779629393E-002
   2.5020507756572025E-002
   2.4261963792840322E-002
   2.3495842388478683E-002
   2.2722347882011426E-002
   2.1941689400995334E-002
   2.1154080809469622E-002
   2.0359740652320935E-002
   1.9558892096554599E-002
   1.8751762869473165E-002
   1.7938585193773494E-002
   1.7119595719563126E-002
   1.6295035453306815E-002
   1.5465149683716008E-002
   1.4630187904591269E-002
   1.3790403734634719E-002
   1.2946054834250664E-002
   1.2097402819350902E-002
   1.1244713172190536E-002
   1.0388255149255501E-002
   9.5283016862282039E-003
   8.6651293000635198E-003
   7.7990179881980252E-003
   6.9302511249333121E-003
   6.0591153550240365E-003
   5.1859004845090694E-003
   4.3108993688242767E-003
   3.4344077982397451E-003
   2.5567243806663463E-003
   1.6781504218745919E-003
   7.9898980317565603E-004
  -8.0451143384312472E-005
  -9.5986376226498858E-004
  -1.8389372040557648E-003
  -2.7173585574187119E-003
  -3.5948129833037403E-003
  -4.4709838513614514E-003
  -5.3455528785037679E-003
  -6.2182002695338728E-003
  -7.0886048597955014E-003
  -7.9564442597561767E-003
  -8.8213950014670445E-003
  -9.6831326868167412E-003
  -1.0541332137511636E-002
  -1.1395667546704621E-002
  -1.2245812632193985E-002
  -1.3091440791111759E-002
  -1.3932225256021349E-002
  -1.4767839252344536E-002
  -1.5597956157029082E-002
  -1.6422249658371826E-002
  -1.7240393916911199E-002
  -1.8052063727299696E-002
  -1.8856934681065383E-002
  -1.9654683330174529E-002
  -2.0444987351295203E-002
  -2.1227525710673566E-002
  -2.2001978829528212E-002
  -2.2768028749859455E-002
  -2.3525359300587467E-002
  -2.4273656263909094E-002
  -2.5012607541780370E-002
  -2.5741903322424865E-002
  -2.6461236246766946E-002
  -2.7170301574684211E-002
  -2.7868797350984173E-002
  -2.8556424570995539E-002
  -2.9232887345672576E-002
  -2.9897893066115518E-002
  -3.0551152567390875E-002
  -3.1192380291561142E-002
  -3.1821294449804235E-002
  -3.2437617183534766E-002
  -3.3041074724407933E-002
  -3.3631397553108532E-002
  -3.4208320556822838E-002
  -3.4771583185279134E-002
  -3.5320929605266532E-002
  -3.5856108853515221E-002
  -3.6376874987844039E-002
  -3.6882987236463972E-002
  -3.7374210145350396E-002
  -3.7850313723559834E-002
  -3.8311073586410879E-002
  -3.8756271096416980E-002
  -3.9185693501879240E-002
  -3.9599134073036085E-002
  -3.9996392235668879E-002
  -4.0377273702080219E-002
  -4.0741590599336158E-002
  -4.1089161594688228E-002
  -4.1419812018075770E-002
  -4.1733373981622891E-002
  -4.2029686496035501E-002
  -4.2308595583819518E-002
  -4.2569954389221787E-002
  -4.2813623284819462E-002
  -4.3039469974666941E-002
  -4.3247369593928088E-002
  -4.3437204804904761E-002
  -4.3608865889395068E-002
  -4.3762250837298580E-002
  -4.3897265431395570E-002
  -4.4013823328237209E-002
  -4.4111846135070527E-002
  -4.4191263482734694E-002
  -4.4252013094465928E-002
  -4.4294040850545502E-002
  -4.4317300848742386E-002
  -4.4321755460479124E-002
  -4.4307375382679814E-002
  -4.4274139685240126E-002
  -4.4222035854084039E-002
  -4.4151059829740311E-002
  -4.4061216041422220E-002
  -4.3952517436544457E-002
  -4.3824985505658783E-002
  -4.3678650302768011E-002
  -4.3513550460985977E-002
  -4.3329733203514402E-002
  -4.3127254349912270E-002
  -4.2906178317640840E-002
  -4.2666578118858059E-002
  -4.2408535352443315E-002
  -4.2132140191257217E-002
  -4.1837491364601874E-002
  -4.1524696135893858E-002
  -4.1193870275541819E-002
  -4.0845138029022190E-002
  -4.0478632080163356E-002
  -4.0094493509642698E-002
  -3.9692871748701661E-002
  -3.9273924528101370E-002
  -3.8837817822318758E-002
  -3.8384725789021495E-002
  -3.7914830703827673E-002
  -3.7428322890387361E-002
  -3.6925400645806482E-002
  -3.6406270161450816E-002
  -3.5871145439161034E-002
  -3.5320248202922157E-002
  -3.4753807806022878E-002
  -3.4172061133756350E-002
  -3.3575252501702756E-002
  -3.2963633549650206E-002
  -3.2337463131206369E-002
  -3.1697007199155976E-002
  -3.1042538686623568E-002
  -3.0374337384111421E-002
  -2.9692689812468982E-002
  -2.8997889091865327E-002
  -2.8290234806846747E-002
  -2.7570032867531520E-002
  -2.6837595367041122E-002
  -2.6093240435235660E-002
  -2.5337292088834777E-002
  -2.4570080078021864E-002
  -2.3791939729598609E-002
  -2.3003211786799340E-002
  -2.2204242245843234E-002
  -2.1395382189329962E-002
  -2.0576987616567802E-002
  -1.9749419270936364E-002
  -1.8913042464382340E-002
  -1.8068226899158948E-002
  -1.7215346486905897E-002
  -1.6354779165182822E-002
  -1.5486906711558444E-002
  -1.4612114555378142E-002
  -1.3730791587308298E-002
  -1.2843329966783145E-002
  -1.1950124927462042E-002
  -1.1051574580818551E-002
  -1.0148079717977361E-002
  -9.2400436099219444E-003
  -8.3278718061881186E-003
  -7.4119719321723964E-003
  -6.4927534851726195E-003
  -5.5706276292874449E-003
  -4.6460069892988376E-003
  -3.7193054436646064E-003
  -2.7909379167439553E-003
  -1.8613201703836790E-003
  -9.3086859499549488E-004
  -2.4772871741301073E-013
   9.3086859450017799E-004
   1.8613201698876099E-003
   2.7909379162472099E-003
   3.7193054431676332E-003
   4.6460069888019885E-003
   5.5706276287916809E-003
   6.4927534846781192E-003
   7.4119719316798616E-003
   8.3278718056983315E-003
   9.2400436094344281E-003
   1.0148079717492528E-002
   1.1051574580335979E-002
   1.1950124926982972E-002
   1.2843329966308265E-002
   1.3730791586838261E-002
   1.4612114554913503E-002
   1.5486906711098666E-002
   1.6354779164727488E-002
   1.7215346486455226E-002
   1.8068226898713090E-002
   1.8913042463941161E-002
   1.9749419270499495E-002
   2.0576987616136130E-002
   2.1395382188902454E-002
   2.2204242245420384E-002
   2.3003211786381809E-002
   2.3791939729186008E-002
   2.4570080077613660E-002
   2.5337292088430094E-002
   2.6093240434834179E-002
   2.6837595366644589E-002
   2.7570032867139074E-002
   2.8290234806460004E-002
   2.8997889091484142E-002
   2.9692689812093321E-002
   3.0374337383743812E-002
   3.1042538686263759E-002
   3.1697007198803695E-002
   3.2337463130861395E-002
   3.2963633549312206E-002
   3.3575252501372402E-002
   3.4172061133434704E-002
   3.4753807805710177E-002
   3.5320248202618851E-002
   3.5871145438867921E-002
   3.6406270161167591E-002
   3.6925400645533110E-002
   3.7428322890123988E-002
   3.7914830703574445E-002
   3.8384725788779057E-002
   3.8837817822087714E-002
   3.9273924527881456E-002
   3.9692871748494153E-002
   4.0094493509447590E-002
   4.0478632079980932E-002
   4.0845138028852729E-002
   4.1193870275386089E-002
   4.1524696135752555E-002
   4.1837491364473706E-002
   4.2132140191143148E-002
   4.2408535352343582E-002
   4.2666578118772808E-002
   4.2906178317571202E-002
   4.3127254349858347E-002
   4.3329733203476842E-002
   4.3513550460966555E-002
   4.3678650302766589E-002
   4.3824985505675616E-002
   4.3952517436580504E-002
   4.4061216041477315E-002
   4.4151059829814022E-002
   4.4222035854175647E-002
   4.4274139685350329E-002
   4.4307375382807442E-002
   4.4321755460624224E-002
   4.4317300848904409E-002
   4.4294040850724359E-002
   4.4252013094662229E-002
   4.4191263482948190E-002
   4.4111846135300663E-002
   4.4013823328483463E-002
   4.3897265431657784E-002
   4.3762250837576989E-002
   4.3608865889689007E-002
   4.3437204805213590E-002
   4.3247369594251912E-002
   4.3039469975005781E-002
   4.2813623285172152E-002
   4.2569954389588070E-002
   4.2308595584198631E-002
   4.2029686496427514E-002
   4.1733373982026874E-002
   4.1419812018491244E-002
   4.1089161595113943E-002
   4.0741590599772400E-002
   4.0377273702526376E-002
   3.9996392236125361E-002
   3.9599134073501484E-002
   3.9185693502354770E-002
   3.8756271096900413E-002
   3.8311073586902993E-002
   3.7850313724060516E-002
   3.7374210145859121E-002
   3.6882987236980719E-002
   3.6376874988367072E-002
   3.5856108854046463E-002
   3.5320929605805060E-002
   3.4771583185823580E-002
   3.4208320557373231E-002
   3.3631397553665981E-002
   3.3041074724972065E-002
   3.2437617184105171E-002
   3.1821294450381038E-002
   3.1192380292144439E-002
   3.0551152567981622E-002
   2.9897893066713213E-002
   2.9232887346277436E-002
   2.8556424571606679E-002
   2.7868797351602300E-002
   2.7170301575308062E-002
   2.6461236247396321E-002
   2.5741903323060568E-002
   2.5012607542421825E-002
   2.4273656264555566E-002
   2.3525359301238582E-002
   2.2768028750514452E-002
   2.2001978830187466E-002
   2.1227525711336005E-002
   2.0444987351960542E-002
   1.9654683330842464E-002
   1.8856934681736239E-002
   1.8052063727972075E-002
   1.7240393917585271E-002
   1.6422249659046376E-002
   1.5597956157704540E-002
   1.4767839253019601E-002
   1.3932225256695730E-002
   1.3091440791785886E-002
   1.2245812632867989E-002
   1.1395667547377517E-002
   1.0541332138183063E-002
   9.6831326874865283E-003
   8.8213950021345574E-003
   7.9564442604211985E-003
   7.0886048604576722E-003
   6.2182002701932767E-003
   5.3455528791590285E-003
   4.4709838520137083E-003
   3.5948129839506074E-003
   2.7173585580603332E-003
   1.8389372046915067E-003
   9.5986376289603544E-004
   8.0451144010798925E-005
  -7.9898980255340020E-004
  -1.6781504212576035E-003
  -2.5567243800553629E-003
  -3.4344077976350708E-003
  -4.3108993682257164E-003
  -5.1859004839164887E-003
  -6.0591153544370616E-003
  -6.9302511243521494E-003
  -7.7990179876236297E-003
  -8.6651292994963831E-003
  -9.5283016856687695E-003
  -1.0388255148702818E-002
  -1.1244713171646407E-002
  -1.2097402818815125E-002
  -1.2946054833723370E-002
  -1.3790403734116337E-002
  -1.4630187904081665E-002
  -1.5465149683215341E-002
  -1.6295035452815510E-002
  -1.7119595719081053E-002
  -1.7938585193301014E-002
  -1.8751762869011382E-002
  -1.9558892096103456E-002
  -2.0359740651880107E-002
  -2.1154080809038335E-002
  -2.1941689400574609E-002
  -2.2722347881600630E-002
  -2.3495842388077275E-002
  -2.4261963792449329E-002
  -2.5020507756191385E-002
  -2.5771274779260202E-002
  -2.6514070246460686E-002
  -2.7248704470729170E-002
  -2.7974992733342093E-002
  -2.8692755321058562E-002
  -2.9401817560210687E-002
  -3.0102009847754775E-002
  -3.0793167679289551E-002
  -3.1475131674076777E-002
  -3.2147747597062015E-002
  -3.2810866377932596E-002
  -3.3464344127223961E-002
  -3.4108042149504879E-002
  -3.4741826953662465E-002
  -3.5365570260319154E-002
  -3.5979149006402818E-002
  -3.6582445346907862E-002
  -3.7175346653874106E-002
  -3.7757745512619373E-002
  -3.8329539715256745E-002
  -3.8890632251535273E-002
  -3.9440931297041203E-002
  -3.9980350198795693E-002
  -4.0508807458293272E-002
  -4.1026226712014238E-002
  -4.1532536709462962E-002
  -4.2027671288764647E-002
  -4.2511569349874080E-002
  -4.2984174825436872E-002
  -4.3445436649347469E-002
  -4.3895308723052251E-002
  -4.4333749879653439E-002
  -4.4760723845850080E-002
  -4.5176199201771815E-002
  -4.5580149338755906E-002
  -4.5972552415119008E-002
  -4.6353391309974470E-002
  -4.6722653575144768E-002
  -4.7080331385223655E-002
  -4.7426421485846297E-002
  -4.7760925140210304E-002
  -4.8083848073914699E-002
  -4.8395200418159971E-002
  -4.8694996651370094E-002
  -4.8983255539292787E-002
  -4.9260000073628185E-002
  -4.9525257409245994E-002
  -4.9779058800045621E-002
  -5.0021439533514032E-002
  -5.0252438864038962E-002
  -5.0472099945032996E-002
  -5.0680469759924462E-002
  -5.0877599052070968E-002
  -5.1063542253650986E-002
  -5.1238357413590167E-002
  -5.1402106124576331E-002
  -5.1554853449224426E-002
  -5.1696667845434904E-002
  -5.1827621091014457E-002
  -5.1947788207601507E-002
  -5.2057247383960399E-002
  -5.2156079898692018E-002
  -5.2244370042410997E-002
  -5.2322205039458718E-002
  -5.2389674969184778E-002
  -5.2446872686858867E-002
  -5.2493893744268272E-002
  -5.2530836310045771E-002
  -5.2557801089773433E-002
  -5.2574891245926965E-002
  -5.2582212317697580E-002
  -5.2579872140746831E-002
  -5.2567980766931151E-002
  -5.2546650384060083E-002
  -5.2515995235722618E-002
  -5.2476131541226427E-002
  -5.2427177415704053E-002
  -5.2369252790422260E-002
  -5.2302479333339404E-002
  -5.2226980369953775E-002
  -5.2142880804489304E-002
  -5.2050307041446912E-002
  -5.1949386907574779E-002
  -5.1840249574287595E-002
  -5.1723025480577854E-002
  -5.1597846256452508E-002
  -5.1464844646935931E-002
  -5.1324154436664805E-002
  -5.1175910375122452E-002
  -5.1020248102536754E-002
  -5.0857304076472050E-002
  -5.0687215499160228E-002
  -5.0510120245580506E-002
  -5.0326156792334785E-002
  -5.0135464147341595E-002
  -4.9938181780370718E-002
  -4.9734449554451006E-002
  -4.9524407658178012E-002
  -4.9308196538937012E-002
  -4.9085956837072391E-002
  -4.8857829321026294E-002
  -4.8623954823465106E-002
  -4.8384474178414384E-002
  -4.8139528159415385E-002
  -4.7889257418737646E-002
  -4.7633802427653318E-002
  -4.7373303417780975E-002
  -4.7107900323544130E-002
  -4.6837732725720185E-002
  -4.6562939796128369E-002
  -4.6283660243443936E-002
  -4.6000032260164102E-002
  -4.5712193470735261E-002
  -4.5420280880843024E-002
  -4.5124430827879931E-002
  -4.4824778932603136E-002
  -4.4521460051978129E-002
  -4.4214608233225414E-002
  -4.3904356669063449E-002
  -4.3590837654171821E-002
  -4.3274182542848837E-002
  -4.2954521707899762E-002
  -4.2631984500727728E-002
  -4.2306699212645765E-002
  -4.1978793037412705E-002
  -4.1648392034974273E-002
  -4.1315621096428064E-002
  -4.0980603910198865E-002
  -4.0643462929419324E-002
  -4.0304319340528055E-002
  -3.9963293033059823E-002
  -3.9620502570641591E-002
  -3.9276065163175937E-002
  -3.8930096640211659E-002
  -3.8582711425495811E-002
  -3.8234022512695517E-002
  -3.7884141442278821E-002
  -3.7533178279557780E-002
  -3.7181241593873343E-002
  -3.6828438438917227E-002
  -3.6474874334179078E-002
  -3.6120653247509106E-002
  -3.5765877578779880E-002
  -3.5410648144645070E-002
  -3.5055064164373505E-002
  -3.4699223246750767E-002
  -3.4343221378033695E-002
  -3.3987152910944674E-002
  -3.3631110554693228E-002
  -3.3275185366005385E-002
  -3.2919466741152877E-002
  -3.2564042408961089E-002
  -3.2208998424788610E-002
  -3.1854419165446346E-002
  -3.1500387325065327E-002
  -3.1146983911870329E-002
  -3.0794288245863707E-002
  -3.0442377957386822E-002
  -3.0091328986558620E-002
  -2.9741215583556833E-002
  -2.9392110309739837E-002
  -2.9044084039576305E-002
  -2.8697205963380119E-002
  -2.8351543590825500E-002
  -2.8007162755220878E-002
  -2.7664127618529648E-002
  -2.7322500677117448E-002
  -2.6982342768208122E-002
  -2.6643713077028421E-002
  -2.6306669144625382E-002
  -2.5971266876335476E-002
  -2.5637560550890209E-002
  -2.5305602830137604E-002
  -2.4975444769360547E-002
  -2.4647135828178169E-002
  -2.4320723882003088E-002
  -2.3996255234047050E-002
  -2.3673774627847453E-002
  -2.3353325260299866E-002
  -2.3034948795182857E-002
  -2.2718685377151937E-002
  -2.2404573646178320E-002
  -2.2092650752433843E-002
  -2.1782952371583661E-002
  -2.1475512720483481E-002
  -2.1170364573251756E-002
  -2.0867539277715133E-002
  -2.0567066772193075E-002
  -2.0268975602616167E-002
  -1.9973292939955950E-002
  -1.9680044597952306E-002
  -1.9389255051124432E-002
  -1.9100947453035502E-002
  -1.8815143654816062E-002
  -1.8531864223913064E-002
  -1.8251128463055776E-002
  -1.7972954429423187E-002
  -1.7697358953996462E-002
  -1.7424357661082135E-002
  -1.7153964987991977E-002
  -1.6886194204859355E-002
  -1.6621057434589772E-002
  -1.6358565672917581E-002
  -1.6098728808566363E-002
  -1.5841555643492499E-002
  -1.5587053913199039E-002
  -1.5335230307116856E-002
  -1.5086090489020836E-002
  -1.4839639117491492E-002
  -1.4595879866390972E-002
  -1.4354815445352614E-002
  -1.4116447620264620E-002
  -1.3880777233747151E-002
  -1.3647804225603072E-002
  -1.3417527653227936E-002
  -1.3189945711983340E-002
  -1.2965055755511162E-002
  -1.2742854315978207E-002
  -1.2523337124251523E-002
  -1.2306499129986381E-002
  -1.2092334521618906E-002
  -1.1880836746260811E-002
  -1.1671998529475633E-002
  -1.1465811894942718E-002
  -1.1262268183987683E-002
  -1.1061358074980198E-002
  -1.0863071602593937E-002
  -1.0667398176903995E-002
  -1.0474326602339780E-002
  -1.0283845096466872E-002
  -1.0095941308602059E-002
  -9.9106023382521304E-003
  -9.7278147533683534E-003
  -9.5475646084178262E-003
  -9.3698374622573442E-003
  -9.1946183958108978E-003
  -9.0218920295447886E-003
  -8.8516425407349254E-003
  -8.6838536805220520E-003
  -8.5185087907517013E-003
  -8.3555908205927253E-003
  -8.1950823429341457E-003
  -8.0369655705556323E-003
  -7.8812223720655574E-003
  -7.7278342876064944E-003
  -7.5767825443274267E-003
  -7.4280480716154172E-003
  -7.2816115160862591E-003
  -7.1374532563332803E-003
  -6.9955534174353500E-003
  -6.8558918852120237E-003
  -6.7184483202339757E-003
  -6.5832021715850394E-003
  -6.4501326903751788E-003
  -6.3192189429978835E-003
  -6.1904398241403287E-003
  -6.0637740695388452E-003
  -5.9392002684821232E-003
  -5.8166968760603628E-003
  -5.6962422251636471E-003
  -5.5778145382245183E-003
  -5.4613919387114830E-003
  -5.3469524623617256E-003
  -5.2344740681762886E-003
  -5.1239346491481165E-003
  -5.0153120427520520E-003
  -4.9085840411756555E-003
  -4.8037284013118155E-003
  -4.7007228544947034E-003
  -4.5995451159943209E-003
  -4.5001728942678058E-003
  -4.4025838999640025E-003
  -4.3067558546900520E-003
  -4.2126664995394084E-003
  -4.1202936033752982E-003
  -4.0296149708867078E-003
  -3.9406084504049997E-003
  -3.8532519414945987E-003
  -3.7675234023070441E-003
  -3.6834008567132649E-003
  -3.6008624012107749E-003
  -3.5198862116060255E-003
  -3.4404505494804775E-003
  -3.3625337684370124E-003
  -3.2861143201294335E-003
  -3.2111707600885691E-003
  -3.1376817533287260E-003
  -3.0656260797566099E-003
  -2.9949826393710298E-003
  -2.9257304572645835E-003
  -2.8578486884279358E-003
  -2.7913166223585621E-003
  -2.7261136874759616E-003
  -2.6622194553548965E-003
  -2.5996136447620040E-003
  -2.5382761255220731E-003
  -2.4781869221957623E-003
  -2.4193262175860402E-003
  -2.3616743560693175E-003
  -2.3052118467572504E-003
  -2.2499193664915519E-003
  -2.1957777626767814E-003
  -2.1427680559497476E-003
  -2.0908714426936363E-003
  -2.0400692973994374E-003
  -1.9903431748728058E-003
  -1.9416748122968828E-003
  -1.8940461311495326E-003
  -1.8474392389783998E-003
  -1.8018364310390222E-003
  -1.7572201917971748E-003
  -1.7135731963011259E-003
  -1.6708783114243587E-003
  -1.6291185969808338E-003
  -1.5882773067234541E-003
  -1.5483378892136596E-003
  -1.5092839885872576E-003
  -1.4710994451975561E-003
  -1.4337682961529292E-003
  -1.3972747757432379E-003
  -1.3616033157693561E-003
  -1.3267385457626177E-003
  -1.2926652931132747E-003
  -1.2593685830988709E-003
  -1.2268336388239845E-003
  -1.1950458810693896E-003
  -1.1639909280491436E-003
  -1.1336545950930412E-003
  -1.1040228942380988E-003
  -1.0750820337482125E-003
  -1.0468184175556345E-003
  -1.0192186446291293E-003
  -9.9226950827086251E-004
  -9.6595799534449956E-004
  -9.4027128543930968E-004
  -9.1519674997158707E-004
  -8.9072195122255800E-004
  -8.6683464131931647E-004
  -8.4352276116093591E-004
  -8.2077443928704405E-004
  -7.9857799070308963E-004
  -7.7692191564578182E-004
  -7.5579489830830844E-004
  -7.3518580551966341E-004
  -7.1508368538193777E-004
  -6.9547776586443872E-004
  -6.7635745335935130E-004
  -6.5771233120405677E-004
  -6.3953215816660834E-004
  -6.2180686689606462E-004
  -6.0452656234791279E-004
  -5.8768152017456146E-004
  -5.7126218509203806E-004
  -5.5525916921859259E-004
  -5.3966325039079166E-004
  -5.2446537046015539E-004
  -5.0965663356276859E-004
  -4.9522830437665909E-004
  -4.8117180635751068E-004
  -4.6747871995895737E-004
  -4.5414078083839504E-004
  -4.4114987805346300E-004
  -4.2849805224063410E-004
  -4.1617749378791778E-004
  -4.0418054099739865E-004
  -3.9249967823921450E-004
  -3.8112753409974705E-004
  -3.7005687952441197E-004
  -3.5928062595571051E-004
  -3.4879182346861625E-004
  -3.3858365890440878E-004
  -3.2864945400468495E-004
  -3.1898266354083815E-004
  -3.0957687345121239E-004
  -3.0042579897285440E-004
  -2.9152328278382123E-004
  -2.8286329314389474E-004
  -2.7443992204359427E-004
  -2.6624738335413896E-004
  -2.5828001098821072E-004
  -2.5053225706572925E-004
  -2.4299869008915598E-004
  -2.3567399312264040E-004
  -2.2855296198536333E-004
  -2.2163050345478600E-004
  -2.1490163347272434E-004
  -2.0836147537611055E-004
  -2.0200525812300070E-004
  -1.9582831454427173E-004
  -1.8982607960023242E-004
  -1.8399408865404319E-004
  -1.7832797575610638E-004
  -1.7282347194495285E-004
  -1.6747640355829511E-004
  -1.6228269056490409E-004
  -1.5723834490765897E-004
  -1.5233946886127964E-004
  -1.4758225340836967E-004
  -1.4296297663155279E-004
  -1.3847800212151890E-004
  -1.3412377739747361E-004
  -1.2989683235213145E-004
  -1.2579377771059991E-004
  -1.2181130350071358E-004
  -1.1794617755358894E-004
  -1.1419524400799961E-004
  -1.1055542184310712E-004
  -1.0702370342241933E-004
  -1.0359715306186816E-004
  -1.0027290560898281E-004
  -9.7048165047803491E-005
  -9.3920203115456700E-005
  -9.0886357942524237E-005
  -8.7944032708436257E-005
  -8.5090694317976973E-005
  -8.2323872093872856E-005
  -7.9641156489555572E-005
  -7.7040197820575765E-005
  -7.4518705013412078E-005
  -7.2074444375064213E-005
  -6.9705238377462664E-005
  -6.7408964464105316E-005
  -6.5183553874077695E-005
  -6.3026990483176939E-005
  -6.0937309664858571E-005
  -5.8912597167774737E-005
  -5.6950988014905352E-005
  -5.5050665414444326E-005
  -5.3209859696512761E-005
  -5.1426847262898727E-005
  -4.9699949553484602E-005
  -4.8027532034539112E-005
  -4.6408003202610018E-005
  -4.4839813603753876E-005
  -4.3321454872655724E-005
  -4.1851458789226217E-005
  -4.0428396348074634E-005
  -3.9050876851007202E-005
  -3.7717547011695073E-005
  -3.6427090076775088E-005
  -3.5178224965791066E-005
  -3.3969705426813954E-005
  -3.2800319205845551E-005
  -3.1668887235323278E-005
  -3.0574262833271385E-005
  -2.9515330925672483E-005
  -2.8491007276439602E-005
  -2.7500237736759326E-005
  -2.6541997509422294E-005
  -2.5615290425688352E-005
  -2.4719148237515001E-005
  -2.3852629926034520E-005
  -2.3014821021421032E-005
  -2.2204832938880608E-005
  -2.1421802327921752E-005
  -2.0664890434377020E-005
  -1.9933282476079559E-005
  -1.9226187033678599E-005
  -1.8542835451036185E-005
  -1.7882481252104769E-005
  -1.7244399567259375E-005
  -1.6627886574874057E-005
  -1.6032258952457386E-005
  -1.5456853343521746E-005
  -1.4901025831433674E-005
  -1.4364151428006083E-005
  -1.3845623576010590E-005
  -1.3344853654853362E-005
  -1.2861270508005225E-005
  -1.2394319973201731E-005
  -1.1943464425423526E-005
  -1.1508182332572186E-005
  -1.1087967820010356E-005
  -1.0682330244136893E-005
  -1.0290793779591363E-005
  -9.9128970105057866E-006
  -9.5481925361899475E-006
  -9.1962465863721028E-006
  -8.8566386403887767E-006
  -8.5289610642078985E-006
  -8.2128187456282190E-006
  -7.9078287482061649E-006
  -7.6136199685940672E-006
  -7.3298328015659243E-006
  -7.0561188166183609E-006
  -6.7921404405749625E-006
  -6.5375706477959728E-006
  -6.2920926597557347E-006
  -6.0553996501344613E-006
  -5.8271944610146461E-006
  -5.6071893214103925E-006
  -5.3951055747519920E-006
  -5.1906734170707498E-006
  -4.9936316374392732E-006
  -4.8037273646953759E-006
  -4.6207158265270613E-006
  -4.4443601075778514E-006
  -4.2744309192837248E-006
  -4.1107063731140602E-006
  -3.9529717599244194E-006
  -3.8010193377023045E-006
  -3.6546481221980566E-006
  -3.5136636819521241E-006
  -3.3778779450254345E-006
  -3.2471090031250390E-006
  -3.1211809277781567E-006
  -2.9999235854063630E-006
  -2.8831724648904394E-006
  -2.7707685008393422E-006
  -2.6625579106751231E-006
  -2.5583920290829111E-006
  -2.4581271517436315E-006
  -2.3616243807997006E-006
  -2.2687494761224914E-006
  -2.1793727114038980E-006
  -2.0933687307482244E-006
  -2.0106164133380674E-006
  -1.9309987400732699E-006
  -1.8544026649474776E-006
  -1.7807189877680976E-006
  -1.7098422334565369E-006
  -1.6416705342826379E-006
  -1.5761055138966181E-006
  -1.5130521756732517E-006
  -1.4524187946761873E-006
  -1.3941168125549397E-006
  -1.3380607361014149E-006
  -1.2841680354338940E-006
  -1.2323590527070929E-006
  -1.1825569035884174E-006
  -1.1346873905845854E-006
  -1.0886789131313825E-006
  -1.0444623839021557E-006
  -1.0019711450674085E-006
  -9.6114088918240472E-007
  -9.2190957982082430E-007
  -8.8421737887532118E-007
  -8.4800657162282299E-007
  -8.1322149681208802E-007
  -7.7980847786319325E-007
  -7.4771575574965553E-007
  -7.1689342642661126E-007
  -6.8729337613006379E-007
  -6.5886922248315628E-007
  -6.3157625590096000E-007
  -6.0537138223220975E-007
  -5.8021306783010175E-007
  -5.5606128674770406E-007
  -5.3287746812555677E-007
  -5.1062444912537347E-007
  -4.8926642286765775E-007
  -4.6876889507058690E-007
  -4.4909863520426770E-007
  -4.3022363626760619E-007
  -4.1211306993612119E-007
  -3.9473724702026555E-007
  -3.7806757667526747E-007
  -3.6207652873611851E-007
  -3.4673759554355868E-007
  -3.3202525757316982E-007
  -3.1791494806608897E-007
  -3.0438301743720274E-007
  -2.9140670430263089E-007
  -2.7896410174827563E-007
  -2.6703412666045029E-007
  -2.5559649157167346E-007
  -2.4463167542539771E-007
  -2.3412089804681878E-007
  -2.2404608885748562E-007
  -2.1438986821227657E-007
  -2.0513551607756755E-007
  -1.9626695141462033E-007
  -1.8776870879687429E-007
  -1.7962591554937578E-007
  -1.7182427123723873E-007
  -1.6435002377573524E-007
  -1.5718995327189552E-007
  -1.5033135093648047E-007
  -1.4376199920998059E-007
  -1.3747015481210507E-007
  -1.3144453051590721E-007
  -1.2567428039515649E-007
  -1.2014898038105527E-007
  -1.1485861470951217E-007
  -1.0979355988209128E-007
  -1.0494457063042537E-007
  -1.0030276499161136E-007
  -9.5859612271130927E-008
  -9.1606916044477337E-008
  -8.7536807755659916E-008
  -8.3641727404292642E-008
  -7.9914417475335303E-008
  -7.6347908383720815E-008
  -7.2935509401428003E-008
  -6.9670796153762146E-008
  -6.6547601742895808E-008
  -6.3560006732312065E-008
  -6.0702328707982545E-008
  -5.7969115069041955E-008
  -5.5355133217532667E-008
  -5.2855361011297122E-008
  -5.0464979970868190E-008
  -4.8179367746786226E-008
  -4.5994088535384092E-008
  -4.3904888029938465E-008
  -4.1907686095850625E-008
  -3.9998568519037717E-008
  -3.8173780097561927E-008
  -3.6429721571152824E-008
  -3.4762940229063681E-008
  -3.3170126910691833E-008
  -3.1648107251655577E-008
  -3.0193839642527712E-008
  -2.8804407158483456E-008
  -2.7477014713801947E-008
  -2.6208981770873711E-008
  -2.4997741243741096E-008
  -2.3840831701946081E-008
  -2.2735895767975748E-008
  -2.1680672976021436E-008
  -2.0672999154797848E-008
  -1.9710800051971559E-008
  -1.8792089308722098E-008
  -1.7914964299677733E-008
  -1.7077601855513723E-008
  -1.6278256209951314E-008
  -1.5515256048723733E-008
  -1.4787000770310143E-008
  -1.4091957209264043E-008
  -1.3428658638017918E-008
  -1.2795700025592420E-008
  -1.2191736615889565E-008
  -1.1615480523942840E-008
  -1.1065700214148590E-008
  -1.0541216552798561E-008
  -1.0040901573548654E-008
  -9.5636745077606740E-009
  -9.1085033523731700E-009
  -8.6743988052220873E-009
  -8.2604155248947757E-009
  -7.8656485902190918E-009
  -7.4892331731966664E-009
  -7.1303415887853513E-009
  -6.7881820181403027E-009
  -6.4619971666156077E-009
  -6.1510637967514819E-009
  -5.8546900903310674E-009
  -5.5722139257742834E-009
  -5.3030018872427716E-009
  -5.0464505704345919E-009
  -4.8019813699454599E-009
  -4.5690416373057756E-009
  -4.3471031275674191E-009
  -4.1356617635470979E-009
  -3.9342353818417854E-009
  -3.7423624346554128E-009
  -3.5596032403518106E-009
  -3.3855374124718532E-009
  -3.2197627651159284E-009
  -3.0618951550992422E-009
  -2.9115688594018744E-009
  -2.7684337441187211E-009
  -2.6321543224353877E-009
  -2.5024124116755185E-009
  -2.3789032637567832E-009
  -2.2613344046483252E-009
  -2.1494291340507400E-009
  -2.0429220336801191E-009
  -1.9415595659653335E-009
  -1.8451003486313249E-009
  -1.7533132325388424E-009
  -1.6659783545498360E-009
  -1.5828853045392527E-009
  -1.5038343605494987E-009
  -1.4286333429893077E-009
  -1.3571000121055391E-009
  -1.2890603920476655E-009
  -1.2243487175586839E-009
  -1.1628060180350235E-009
  -1.1042812604107136E-009
  -1.0486305787688329E-009
  -9.9571646875698860E-010
  -9.4540812229258881E-010
  -8.9758038010912731E-010
  -8.5211375962831349E-010
  -8.0889497663660519E-010
  -7.6781581819788801E-010
  -7.2877333056700036E-010
  -6.9166905127954497E-010
  -6.5640875083384668E-010
  -6.2290391813765753E-010
  -5.9106854088110102E-010
  -5.6082261721085970E-010
  -5.3208777187300715E-010
  -5.0479080227567377E-010
  -4.7886121820234772E-010
  -4.5423347732157484E-010
  -4.3084237826673106E-010
  -4.0862822014260593E-010
  -3.8753267164910398E-010
  -3.6750156588492404E-010
  -3.4848216089559230E-010
  -3.3042417695611813E-010
  -3.1328083945348668E-010
  -2.9700685354954675E-010
  -2.8155906707707655E-010
  -2.6689698156525197E-010
  -2.5298069125852662E-010
  -2.3977383738179105E-010
  -2.2724086277551352E-010
  -2.1534852162598036E-010
  -2.0406443365936292E-010
  -1.9335882971772787E-010
  -1.8320260712201442E-010
  -1.7356746107407974E-010
  -1.6442802515197666E-010
  -1.5575921864487180E-010
  -1.4753792882603730E-010
  -1.3974101095093149E-010
  -1.3234663495852151E-010
  -1.2533509510416651E-010
  -1.1868710680088098E-010
  -1.1238395407887343E-010
  -1.0640881185210985E-010
  -1.0074407361837921E-010
  -9.5374458364904230E-011
  -9.0284943147011580E-011
  -8.5461359112404886E-011
  -8.0889963311938678E-011
  -7.6557785337900953E-011
  -7.2452993441809762E-011
  -6.8563556581703345E-011
  -6.4878414659481016E-011
  -6.1387493983005466E-011
  -5.8079897254496397E-011
  -5.4947375872514949E-011
  -5.1979691776221725E-011
  -4.9169188486744628E-011
  -4.6507541642446475E-011
  -4.3987047151961327E-011
  -4.1600141858117731E-011
  -3.9340173534556901E-011
  -3.7200634708489173E-011
  -3.5174988924431000E-011
  -3.3257349299305066E-011
  -3.1442444996554372E-011
  -2.9724316179295797E-011
  -2.8097940664783689E-011
  -2.6558839911110851E-011
  -2.5102691924255180E-011
  -2.3724420148385412E-011
  -2.2420551405154176E-011
  -2.1186468462310084E-011
  -2.0019445000096669E-011
  -1.8915284996158941E-011
  -1.7870720556060170E-011
  -1.6882850610466344E-011
  -1.5948466510939022E-011
  -1.5064717899995865E-011
  -1.4229501326379855E-011
  -1.3438587865064032E-011
  -1.2691633091954809E-011
  -1.1985105473156080E-011
  -1.1317164358647631E-011
  -1.0685752449660801E-011
  -1.0089113223977597E-011
  -9.5248840081286263E-012
  -8.9917191844655125E-012
  -8.4877509439889304E-012
  -8.0113196704488022E-012
  -7.5616402894519926E-012
  -7.1359802717993161E-012
  -6.7342135267180370E-012
  -6.3545554614704139E-012
  -5.9958187668130408E-012
  -5.6569417482502805E-012
  -5.3371946574822926E-012
  -5.0347048375913864E-012
  -4.7497835364555136E-012
  -4.4802175931994096E-012
  -4.2256924432863503E-012
  -3.9852533970659449E-012
  -3.7586194065146569E-012
  -3.5441634877151426E-012
  -3.3419861484028509E-012
  -3.1510417875517579E-012
  -2.9710372710630907E-012
  -2.8002321751419690E-012
  -2.6401993404813762E-012
  -2.4886847156791982E-012
  -2.3456945063485030E-012
  -2.2105837602359705E-012
  -2.0834099491871116E-012
  -1.9634765997973497E-012
  -1.8502618079768626E-012
  -1.7430363464374673E-012
  -1.6424042903143047E-012
  -1.5476317590094680E-012
  -1.4580732256177104E-012
  -1.3733002916297046E-012
  -1.2934557767927680E-012
  -1.2181425955383182E-012
  -1.1471699906454870E-012
  -1.0800802207782011E-012
  -1.0172302396712021E-012
  -9.5797669127648847E-013
  -9.0215771977006673E-013
  -8.4946182279777525E-013
  -7.9939883971758624E-013
  -7.5267323810088211E-013
  -7.0814969054984439E-013
  -6.6676497545770182E-013
  -6.2753636219796173E-013
  -5.9105035394284069E-013
  -5.5620715840605988E-013
  -5.2316141271595086E-013
  -4.9216300339202506E-013
  -4.6286928923741565E-013
  -4.3558956879476839E-013
  -4.0970378268828788E-013
  -3.8530693693821411E-013
  -3.6239963635144108E-013
  -3.4089285158874365E-013
  -3.2055636409978166E-013
  -3.0169336240854658E-013
  -2.8367207361554465E-013
  -2.6641413113152701E-013
  -2.5065341789664794E-013
  -2.3567494419970854E-013
  -2.2139546076035062E-013
  -2.0826640837320340E-013
  -1.9581889767246162E-013
  -1.8407619339816330E-013
  -1.7284736625798765E-013
  -1.6267858777777409E-013
  -1.5283270965077617E-013
  -1.4349739420125283E-013
  -1.3505363486379767E-013
  -1.2675893055201110E-013
  -1.1914926552585024E-013
  -1.1197416945966809E-013
  -1.0482624469662185E-013
  -9.8553997403382762E-014
  -9.2649225330345143E-014
  -8.6660767884045166E-014
  -8.1756577866893853E-014
  -7.6778399907478379E-014
  -7.2011853572636139E-014
  -6.7596812103463516E-014
  -6.3077545787330819E-014
  -5.9602518856482410E-014
  -5.6129006288634391E-014
  -5.2390856181579715E-014
  -4.9169410361731132E-014
  -4.6248665327451062E-014
  -4.3341851413468490E-014
  -4.0773583585123078E-014
  -3.8498432016865056E-014
  -3.5974537977588765E-014
  -3.3598303477554474E-014
  -3.1848169226996486E-014
  -2.9448388993272320E-014
  -2.8041421548361856E-014
  -2.6207231221606265E-014
  -2.4321710468159007E-014
  -2.2862887897982281E-014
  -2.1334822676427207E-014
  -2.0330216070583505E-014
  -1.8762161262259521E-014
  -1.7628895721602239E-014
  -1.6446271493178345E-014
  -1.5558894232481811E-014
  -1.4634787081223955E-014
  -1.3832018503640800E-014
  -1.2839142610698480E-014
  -1.1750161946895305E-014
  -1.1254522409290125E-014
  -1.0452371225502836E-014
  -1.0104747779753783E-014
  -9.2515968396634432E-015
  -8.5214425574759609E-015
  -7.9036293483533123E-015
  -7.4192283888176978E-015
  -6.8941307660461334E-015
  -6.6598453809856829E-015
  -6.5456051685213082E-015
  -5.9977607740604861E-015
  -5.4680538907650691E-015
  -5.3259136197968864E-015
  -4.8175522128609910E-015
  -4.3910411276730389E-015
  -4.1504759357420455E-015
  -3.9398318740156819E-015
  -3.5254705546297517E-015
  -3.4474722171151404E-015
  -3.2991565941903265E-015
  -3.0846764427079533E-015
  -2.7168400802148969E-015
  -2.9332730278334131E-015
  -2.4630117625600842E-015
  -2.4792056697765109E-015
  -2.1648018731562235E-015
  -2.0766307648494962E-015
  -1.9299637340397642E-015
  -1.8518905023239615E-015
  -1.8555378963050309E-015
  -1.4164500752417054E-015
  -1.4170670217571117E-015
  -1.2173953390649912E-015
  -1.2931605807442161E-015
  -1.2952881496918742E-015
  -9.3988605674597884E-016
  -1.1521020746069500E-015
  -9.3995075946825714E-016
  -8.9794917632564513E-016
  -8.9371113060192126E-016
  -6.8122387398628509E-016
  -7.4246543167283561E-016
  -4.9847062057187769E-016
  -9.3302712922766930E-016
  -7.3873660506265781E-016
  -4.3573289718704365E-016
  -5.9983372187134762E-016
  -5.4838924312749010E-016
  -5.3250284918827244E-016
  -2.2975775009928231E-016
  -9.7880307021270965E-017
  -5.1549726351174596E-016
  -3.0347419450238019E-016
  -3.0614815172308424E-017
  -1.8851998113829168E-016
  -1.8743433362078831E-016
  -1.8238622581528467E-016
  -2.5547168427816430E-016
  -4.9586390179291214E-016
  -3.0440783701603348E-016
  -1.8990273822307216E-016
  -1.7471252782206040E-016
  -1.7205790563206685E-016
  -5.6091912199244195E-017
   3.0328821640046494E-017
  -3.4303885000903572E-016
  -4.1095570780552531E-017
   2.1338135815302025E-016
  -9.6854603838554673E-017
  -2.7845917922543936E-016
  -1.1426775564422628E-016
  -2.0319206038506864E-017
   4.5302015368419798E-018
  -1.9137426070387533E-016
  -2.1084343056528805E-016
   2.1870070434647958E-016
  -1.2921991648478561E-016
  -2.4944121251140202E-017
   1.3814864406156444E-016
  -1.6213466829450546E-017
  -2.5533548413179238E-017
  -3.6885062276150744E-016
  -1.5127582485027534E-016
   6.2085280969607108E-017
  -3.5937302782602010E-016
  -1.0955992397239149E-016
  -7.7267798172609812E-017
  -2.0072755849740640E-016
   5.9478079490635048E-017
  -1.1161971182317917E-016
   1.4015016088086429E-016
  -2.4255284872683515E-016
  -1.6374985645937320E-016
  -1.8789635148028136E-016
  -1.1000847787159145E-016
  -1.9258945168924935E-016
  -8.0609378867755529E-017
  -1.8382814080925908E-016
  -8.0163580799732630E-017
   1.7098758877217698E-016
  -1.1830247163514733E-016
   9.7019032510966730E-017
   1.5300341657436178E-016
   4.1525076709082447E-017
  -3.3789888779711961E-016
  -6.2017278154614891E-017
   1.2942339184971148E-016
  -5.6098363593113563E-017
   2.3442111985451115E-017
  -9.5062844534273190E-017
   1.8102810186968779E-016
   2.3465848471634132E-016
  -1.5327497039734580E-016
   2.3885862559846997E-016
   2.2910168331261205E-017
  -1.4593779264101019E-017
   1.0016768768527723E-016
   8.6003876543285663E-017
   1.5667551333199855E-018
  -7.9466957211023936E-017
  -1.1227470461184877E-017
  -4.9752627488902147E-017
   2.1066124634548407E-016
  -1.9224459615272912E-016
  -3.5899412242916409E-017
   2.1977404310085894E-016
  -3.3671687793084437E-017
   1.1913347477326019E-016
  -8.1509875473320576E-017
   4.0621521130138950E-017
   1.2957502009631288E-016
   1.7837709608356912E-016
   3.1439642789965892E-016
   2.7784883361989341E-017
  -1.4621701310053154E-016
   1.9856669050493628E-016
   1.0071941302387128E-016
   7.9407143120192884E-018
   1.6871748778010724E-016
   1.3206344602924895E-018
   1.0145419946722350E-016
   9.0771063569100364E-017
   4.8161652026434227E-017
   2.6860530737792841E-016
   2.9444095559143911E-018
   1.4698025627940526E-016
   3.2849265653151657E-017
  -1.3919020304603167E-017
   2.6490803807813009E-017
  -6.5887423482149433E-017
  -1.1650141550793258E-016
  -1.5566573569007827E-016
   6.0957916966571998E-017
   4.6980562859407991E-017
   1.9457343343724009E-017
   1.0291821363059553E-016
   1.2208844000927978E-016
   3.3035676355831384E-018
  -7.9299235120251125E-017
  -2.0843394724900351E-016
  -3.0790038645802379E-017
  -3.8625799252076859E-016
  -1.4722298492430710E-016
  -1.1801791228914963E-016
  -4.3610477325595940E-017
   8.7735006124381169E-017
  -2.4029367169856681E-016
  -8.4992874187438978E-017
  -1.8678516338860471E-016
  -6.6803678652481458E-017
   5.3991949941857023E-017
  -7.6612224625675487E-017
  -4.4755091462395463E-017
   9.3478481198104546E-017
   2.0404945589415617E-016
   7.4999471740429347E-017
   9.9199461647139784E-017
   1.3698356955830175E-016
  -1.7477590271203400E-016
   1.0243323700046746E-016
  -1.8022703818632956E-016
   7.3823577705935954E-017
  -1.4508824771737242E-016
  -1.7545029388012918E-016
   1.8299931779252445E-016
   9.5117790583968161E-017
   3.2512041917780074E-017
   1.6818565688483334E-016
   2.8130003955060177E-016
   1.3737144022559481E-016
  -1.1257468022462429E-018
