  -1.4596330976066209E-020
  -2.9277671136942995E-020
  -4.4129225078394500E-020
  -5.9236885046375025E-020
  -7.4687723681227382E-020
  -9.0570490088308458E-020
  -1.0697611204563497E-019
  -1.2399820716430320E-019
  -1.4173360583845211E-019
  -1.6028288885829030E-019
  -1.7975094261217691E-019
  -2.0024753487200003E-019
  -2.2188791424030801E-019
  -2.4479343643804566E-019
  -2.6909222072863058E-019
  -2.9491983990796164E-019
  -3.2242004744116772E-019
  -3.5174554549620644E-019
  -3.8305879781232533E-019
  -4.1653289154881068E-019
  -4.5235245248716958E-019
  -4.9071461820878217E-019
  -5.3183007414145899E-019
  -5.7592415766300295E-019
  -6.2323803576942270E-019
  -6.7402996216112566E-019
  -7.2857661997359456E-019
  -7.8717455678165759E-019
  -8.5014171893992626E-019
  -9.1781909278840158E-019
  -9.9057246075356493E-019
  -1.0687942809137812E-018
  -1.1529056991756855E-018
  -1.2433587038281879E-018
  -1.3406384329053296E-018
  -1.4452656455013093E-018
  -1.5577993689440360E-018
  -1.6788397345501922E-018
  -1.8090310155593789E-018
  -1.9490648817806346E-018
  -2.0996838864853638E-018
  -2.2616852021520924E-018
  -2.4359246228130137E-018
  -2.6233208519767202E-018
  -2.8248600964106646E-018
  -3.0416009874651257E-018
  -3.2746798531160182E-018
  -3.5253163655007707E-018
  -3.7948195904283017E-018
  -4.0845944671672965E-018
  -4.3961487487638901E-018
  -4.7311004352199049E-018
  -5.0911857340836249E-018
  -5.4782675853762703E-018
  -5.8943447903092696E-018
  -6.3415617859508875E-018
  -6.8222191108854055E-018
  -7.3387846099886023E-018
  -7.8939054297295698E-018
  -8.4904208589172481E-018
  -9.1313760735531304E-018
  -9.8200368484455333E-018
  -1.0559905302502022E-017
  -1.1354736749163110E-017
  -1.2208557728289132E-017
  -1.3125685300985431E-017
  -1.4110747694367602E-017
  -1.5168706389153095E-017
  -1.6304879749238024E-017
  -1.7524968299111732E-017
  -1.8835081762091666E-017
  -2.0241767979968575E-017
  -2.1752043842759794E-017
  -2.3373428365910593E-017
  -2.5113978061495367E-017
  -2.6982324759788906E-017
  -2.8987716048042008E-017
  -3.1140058504446713E-017
  -3.3449963917153987E-017
  -3.5928798690873679E-017
  -3.8588736657062632E-017
  -4.1442815518085768E-017
  -4.4504997171031551E-017
  -4.7790232173167874E-017
  -5.1314528628388599E-017
  -5.5095025792491286E-017
  -5.9150072714802704E-017
  -6.3499312254670123E-017
  -6.8163770833610846E-017
  -7.3165954307722247E-017
  -7.8529950370226807E-017
  -8.4281537920973100E-017
  -9.0448303868372997E-017
  -9.7059767859759817E-017
  -1.0414751546863401E-016
  -1.1174534040180230E-016
  -1.1988939632617997E-016
  -1.2861835895415082E-016
  -1.3797359906798300E-016
  -1.4799936720807897E-016
  -1.5874299079692806E-016
  -1.7025508452070007E-016
  -1.8258977484372958E-016
  -1.9580493958773204E-016
  -2.0996246356791689E-016
  -2.2512851134213456E-016
  -2.4137381819737367E-016
  -2.5877400057028203E-016
  -2.7740988717537839E-016
  -2.9736787219646129E-016
  -3.1874029198363219E-016
  -3.4162582679084141E-016
  -3.6612992918702767E-016
  -3.9236528087835310E-016
  -4.2045227978990282E-016
  -4.5051955937305876E-016
  -4.8270454222994462E-016
  -5.1715403027931198E-016
  -5.5402483382952003E-016
  -5.9348444207424361E-016
  -6.3571173768592368E-016
  -6.8089775835116720E-016
  -7.2924650827200049E-016
  -7.8097582284766371E-016
  -8.3631828995415245E-016
  -8.9552223145382903E-016
  -9.5885274879561912E-016
  -1.0265928368086826E-015
  -1.0990445700496061E-015
  -1.1765303663360031E-015
  -1.2593943323892457E-015
  -1.3480036968161272E-015
  -1.4427503359856535E-015
  -1.5440523987028814E-015
  -1.6523560359488060E-015
  -1.7681372423448649E-015
  -1.8919038164131098E-015
  -2.0241974471416754E-015
  -2.1655959348291862E-015
  -2.3167155546746153E-015
  -2.4782135721012602E-015
  -2.6507909193573648E-015
  -2.8351950435230194E-015
  -3.0322229366752199E-015
  -3.2427243596230850E-015
  -3.4676052713239228E-015
  -3.7078314768325419E-015
  -3.9644325074213612E-015
  -4.2385057473407904E-015
  -4.5312208225723777E-015
  -4.8438242678596593E-015
  -5.1776444892937796E-015
  -5.5340970407771979E-015
  -5.9146902338018732E-015
  -6.3210311011519553E-015
  -6.7548317363900414E-015
  -7.2179160323026908E-015
  -7.7122268428793226E-015
  -8.2398335948781074E-015
  -8.8029403765976841E-015
  -9.4038945331319015E-015
  -1.0045195799140371E-014
  -1.0729506002024149E-014
  -1.1459659370363096E-014
  -1.2238673484550916E-014
  -1.3069760908768041E-014
  -1.3956341545759097E-014
  -1.4902055758349372E-014
  -1.5910778304241601E-014
  -1.6986633133392983E-014
  -1.8134009100190688E-014
  -1.9357576645731343E-014
  -2.0662305508772905E-014
  -2.2053483527381323E-014
  -2.3536736596942038E-014
  -2.5118049854069980E-014
  -2.6803790160026877E-014
  -2.8600729961574718E-014
  -3.0516072611750032E-014
  -3.2557479237865773E-014
  -3.4733097249139930E-014
  -3.7051590581737512E-014
  -3.9522171784699335E-014
  -4.2154636056240665E-014
  -4.4959397346260075E-014
  -4.7947526647602622E-014
  -5.1130792605718101E-014
  -5.4521704583830327E-014
  -5.8133558328656837E-014
  -6.1980484390062062E-014
  -6.6077499456845541E-014
  -7.0440560780188270E-014
  -7.5086623866107964E-014
  -8.0033703628662109E-014
  -8.5300939206590354E-014
  -9.0908662657664390E-014
  -9.6878471757229025E-014
  -1.0323330714029394E-013
  -1.0999753404015431E-013
  -1.1719702889085830E-013
  -1.2485927107599095E-013
  -1.3301344012222552E-013
  -1.4169051865293956E-013
  -1.5092340143499738E-013
  -1.6074701087053499E-013
  -1.7119841930537157E-013
  -1.8231697854655543E-013
  -1.9414445700352452E-013
  -2.0672518489058862E-013
  -2.2010620795287972E-013
  -2.3433745020372027E-013
  -2.4947188618852425E-013
  -2.6556572331903339E-013
  -2.8267859485186118E-013
  -3.0087376411717092E-013
  -3.2021834063682728E-013
  -3.4078350880677351E-013
  -3.6264476985552278E-013
  -3.8588219783000897E-013
  -4.1058071040126841E-013
  -4.3683035532602443E-013
  -4.6472661344613361E-013
  -4.9437071915603204E-013
  -5.2586999931934219E-013
  -5.5933823166922185E-013
  -5.9489602378352978E-013
  -6.3267121378519004E-013
  -6.7279929398068486E-013
  -7.1542385871534426E-013
  -7.6069707779346638E-013
  -8.0878019688404317E-013
  -8.5984406640969524E-013
  -9.1406970049704406E-013
  -9.7164886765169717E-013
  -1.0327847149105217E-012
  -1.0976924273175445E-012
  -1.1665999246691323E-012
  -1.2397485975776547E-012
  -1.3173940850126799E-012
  -1.3998070955933558E-012
  -1.4872742750269708E-012
  -1.5800991222155499E-012
  -1.6786029566863962E-012
  -1.7831259401427897E-012
  -1.8940281550789280E-012
  -2.0116907435587283E-012
  -2.1365171094209254E-012
  -2.2689341873450176E-012
  -2.4093937823923147E-012
  -2.5583739838263358E-012
  -2.7163806572153945E-012
  -2.8839490190295314E-012
  -3.0616452981634661E-012
  -3.2500684890480205E-012
  -3.4498522012547384E-012
  -3.6616666107528150E-012
  -3.8862205182446081E-012
  -4.1242635202867298E-012
  -4.3765882991982643E-012
  -4.6440330380660727E-012
  -4.9274839674834318E-012
  -5.2278780509969552E-012
  -5.5462058165959113E-012
  -5.8835143419519902E-012
  -6.2409104015127814E-012
  -6.6195637839632724E-012
  -7.0207107890058136E-012
  -7.4456579128606810E-012
  -7.8957857323691802E-012
  -8.3725529980791990E-012
  -8.8775009472191265E-012
  -9.4122578480154977E-012
  -9.9785437873878853E-012
  -1.0578175714656914E-011
  -1.1213072754538536E-011
  -1.1885261803360233E-011
  -1.2596883423132784E-011
  -1.3350198048840213E-011
  -1.4147592525078404E-011
  -1.4991586988972419E-011
  -1.5884842117143772E-011
  -1.6830166755381074E-011
  -1.7830525950586865E-011
  -1.8889049405542791E-011
  -2.0009040378045198E-011
  -2.1193985047024675E-011
  -2.2447562369372651E-011
  -2.3773654452360535E-011
  -2.5176357467754927E-011
  -2.6659993135005428E-011
  -2.8229120802216597E-011
  -2.9888550155011556E-011
  -3.1643354584856460E-011
  -3.3498885249944800E-011
  -3.5460785863342468E-011
  -3.7535008244764767E-011
  -3.9727828674116250E-011
  -4.2045865086750648E-011
  -4.4496095152330993E-011
  -4.7085875281172868E-011
  -4.9822960604054664E-011
  -5.2715525973667399E-011
  -5.5772188038180578E-011
  -5.9002028439788057E-011
  -6.2414618193615346E-011
  -6.6020043304984349E-011
  -6.9828931685779014E-011
  -7.3852481433514308E-011
  -7.8102490539708243E-011
  -8.2591388097279073E-011
  -8.7332267079969011E-011
  -9.2338918770199691E-011
  -9.7625868915338119E-011
  -1.0320841569608237E-010
  -1.0910266959455667E-010
  -1.1532559525378367E-010
  -1.2189505542444585E-010
  -1.2882985709926097E-010
  -1.3614979993996944E-010
  -1.4387572710670570E-010
  -1.5202957860461949E-010
  -1.6063444726785208E-010
  -1.6971463750647037E-010
  -1.7929572694770506E-010
  -1.8940463110881192E-010
  -2.0006967124513134E-010
  -2.1132064552341673E-010
  -2.2318890367731567E-010
  -2.3570742530896738E-010
  -2.4891090200806588E-010
  -2.6283582346745938E-010
  -2.7752056778237799E-010
  -2.9300549612878374E-010
  -3.0933305202505740E-010
  -3.2654786539035897E-010
  -3.4469686162246869E-010
  -3.6382937592785509E-010
  -3.8399727314696905E-010
  -4.0525507332858886E-010
  -4.2766008331811477E-010
  -4.5127253463654801E-010
  -4.7615572793885187E-010
  -5.0237618435321346E-010
  -5.3000380401578393E-010
  -5.5911203212928665E-010
  -5.8977803288811591E-010
  -6.2208287162749497E-010
  -6.5611170556969125E-010
  -6.9195398355648106E-010
  -7.2970365517374631E-010
  -7.6945938969171177E-010
  -8.1132480526234793E-010
  -8.5540870883454624E-010
  -9.0182534726716549E-010
  -9.5069467014077960E-010
  -1.0021426047899445E-009
  -1.0563013441003107E-009
  -1.1133096476376870E-009
  -1.1733131567001778E-009
  -1.2364647239095604E-009
  -1.3029247579838178E-009
  -1.3728615843596891E-009
  -1.4464518223623029E-009
  -1.5238807796476908E-009
  -1.6053428646745255E-009
  -1.6910420179927293E-009
  -1.7811921631691407E-009
  -1.8760176782046644E-009
  -1.9757538883319395E-009
  -2.0806475811200429E-009
  -2.1909575448498164E-009
  -2.3069551311635719E-009
  -2.4289248430334764E-009
  -2.5571649491357090E-009
  -2.6919881257615448E-009
  -2.8337221274422233E-009
  -2.9827104875124804E-009
  -3.1393132498862703E-009
  -3.3039077333703706E-009
  -3.4768893298937314E-009
  -3.6586723380862509E-009
  -3.8496908336978654E-009
  -4.0503995784075013E-009
  -4.2612749686337960E-009
  -4.4828160260228229E-009
  -4.7155454313542742E-009
  -4.9600106036761506E-009
  -5.2167848265492300E-009
  -5.4864684233559019E-009
  -5.7696899837049441E-009
  -6.0671076430422251E-009
  -6.3794104176598525E-009
  -6.7073195973808693E-009
  -7.0515901982849668E-009
  -7.4130124779314050E-009
  -7.7924135156297901E-009
  -8.1906588604075980E-009
  -8.6086542494238664E-009
  -9.0473473996834526E-009
  -9.5077298760149169E-009
  -9.9908390383869209E-009
  -1.0497760071755402E-008
  -1.1029628101750874E-008
  -1.1587630399644748E-008
  -1.2173008680156480E-008
  -1.2787061495800633E-008
  -1.3431146731609150E-008
  -1.4106684204205496E-008
  -1.4815158369357238E-008
  -1.5558121142281883E-008
  -1.6337194835142142E-008
  -1.7154075216327222E-008
  -1.8010534696284500E-008
  -1.8908425644840729E-008
  -1.9849683845131587E-008
  -2.0836332089441678E-008
  -2.1870483922452141E-008
  -2.2954347537587036E-008
  -2.4090229832356387E-008
  -2.5280540628804512E-008
  -2.6527797065388187E-008
  -2.7834628166838863E-008
  -2.9203779598785792E-008
  -3.0638118614168943E-008
  -3.2140639198707561E-008
  -3.3714467422949729E-008
  -3.5362867008690185E-008
  -3.7089245117816206E-008
  -3.8897158371921194E-008
  -4.0790319111310925E-008
  -4.2772601902330365E-008
  -4.4848050302242116E-008
  -4.7020883891203300E-008
  -4.9295505581218442E-008
  -5.1676509212274926E-008
  -5.4168687446221142E-008
  -5.6777039969295597E-008
  -5.9506782014591970E-008
  -6.2363353216115107E-008
  -6.5352426806481310E-008
  -6.8479919170702430E-008
  -7.1751999768928637E-008
  -7.5175101441428341E-008
  -7.8755931109533809E-008
  -8.2501480886727094E-008
  -8.6419039614507471E-008
  -9.0516204838147956E-008
  -9.4800895237960281E-008
  -9.9281363532158965E-008
  -1.0396620986797284E-007
  -1.0886439571814822E-007
  -1.1398525830056328E-007
  -1.1933852553922271E-007
  -1.2493433158548138E-007
  -1.3078323291894499E-007
  -1.3689622504810557E-007
  -1.4328475983138809E-007
  -1.4996076343994999E-007
  -1.5693665498420831E-007
  -1.6422536582678026E-007
  -1.7184035960518684E-007
  -1.7979565298842033E-007
  -1.8810583719216774E-007
  -1.9678610027829912E-007
  -2.0585225026491910E-007
  -2.1532073907416285E-007
  -2.2520868734564746E-007
  -2.3553391014438054E-007
  -2.4631494359277194E-007
  -2.5757107245724603E-007
  -2.6932235872086211E-007
  -2.8158967117431292E-007
  -2.9439471605850026E-007
  -3.0776006879300684E-007
  -3.2170920682562553E-007
  -3.3626654363923389E-007
  -3.5145746395322367E-007
  -3.6730836015788303E-007
  -3.8384667002110793E-007
  -4.0110091570795400E-007
  -4.1910074415474973E-007
  -4.3787696884051012E-007
  -4.5746161299970274E-007
  -4.7788795432160469E-007
  -4.9919057118262329E-007
  -5.2140539045940702E-007
  -5.4456973697166734E-007
  -5.6872238460511594E-007
  -5.9390360916616627E-007
  -6.2015524302147860E-007
  -6.4752073157680950E-007
  -6.7604519165104169E-007
  -7.0577547180282973E-007
  -7.3676021466865297E-007
  -7.6904992137263224E-007
  -8.0269701807016444E-007
  -8.3775592468876118E-007
  -8.7428312593124118E-007
  -9.1233724460812533E-007
  -9.5197911736755227E-007
  -9.9327187289295919E-007
  -1.0362810126403068E-006
  -1.0810744941885664E-006
  -1.1277228172788874E-006
  -1.1762991126196732E-006
  -1.2268792335366818E-006
  -1.2795418505491721E-006
  -1.3343685489550666E-006
  -1.3914439295098773E-006
  -1.4508557122863831E-006
  -1.5126948438038027E-006
  -1.5770556075174608E-006
  -1.6440357377617979E-006
  -1.7137365372419720E-006
  -1.7862629981710617E-006
  -1.8617239271524161E-006
  -1.9402320739085655E-006
  -2.0219042639604379E-006
  -2.1068615353632272E-006
  -2.1952292796065922E-006
  -2.2871373867904422E-006
  -2.3827203951886957E-006
  -2.4821176453167199E-006
  -2.5854734386196445E-006
  -2.6929372009020748E-006
  -2.8046636506213246E-006
  -2.9208129721693491E-006
  -3.0415509942706229E-006
  -3.1670493736259868E-006
  -3.2974857839347161E-006
  -3.4330441104300451E-006
  -3.5739146500654610E-006
  -3.7202943174917681E-006
  -3.8723868569677878E-006
  -4.0304030603499212E-006
  -4.1945609913083447E-006
  -4.3650862159203195E-006
  -4.5422120397941286E-006
  -4.7261797518788251E-006
  -4.9172388751187894E-006
  -5.1156474241137996E-006
  -5.3216721699484283E-006
  -5.5355889123575771E-006
  -5.7576827593963180E-006
  -5.9882484147868862E-006
  -6.2275904731161434E-006
  -6.4760237230613583E-006
  -6.7338734588232314E-006
  -7.0014757999490706E-006
  -7.2791780197302759E-006
  -7.5673388823624299E-006
  -7.8663289890569718E-006
  -8.1765311332979681E-006
  -8.4983406654383997E-006
  -8.8321658668335579E-006
  -9.1784283337119772E-006
  -9.5375633709854202E-006
  -9.9100203962038824E-006
  -1.0296263353861597E-005
  -1.0696771140263819E-005
  -1.1112038039166045E-005
  -1.1542574168399378E-005
  -1.1988905937697629E-005
  -1.2451576517944771E-005
  -1.2931146322061235E-005
  -1.3428193497752817E-005
  -1.3943314432343745E-005
  -1.4477124269919938E-005
  -1.5030257441011056E-005
  -1.5603368205036891E-005
  -1.6197131205750919E-005
  -1.6812242039909929E-005
  -1.7449417839404608E-005
  -1.8109397867082747E-005
  -1.8792944126502027E-005
  -1.9500841985845019E-005
  -2.0233900816236553E-005
  -2.0992954644696374E-005
  -2.1778862821967669E-005
  -2.2592510705457914E-005
  -2.3434810357530146E-005
  -2.4306701259382307E-005
  -2.5209151040752190E-005
  -2.6143156225687098E-005
  -2.7109742994612657E-005
  -2.8109967962937005E-005
  -2.9144918976428027E-005
  -3.0215715923594294E-005
  -3.1323511565305523E-005
  -3.2469492381878492E-005
  -3.3654879437865298E-005
  -3.4880929264762807E-005
  -3.6148934761873829E-005
  -3.7460226115538772E-005
  -3.8816171736958953E-005
  -4.0218179218826669E-005
  -4.1667696310976447E-005
  -4.3166211915262356E-005
  -4.4715257099872907E-005
  -4.6316406133277394E-005
  -4.7971277538004791E-005
  -4.9681535164442967E-005
  -5.1448889284845123E-005
  -5.3275097707725192E-005
  -5.5161966912812528E-005
  -5.7111353206738098E-005
  -5.9125163899608485E-005
  -6.1205358502623415E-005
  -6.3353949946883418E-005
  -6.5573005823526303E-005
  -6.7864649645317074E-005
  -7.0231062129819151E-005
  -7.2674482504256224E-005
  -7.5197209832159777E-005
  -7.7801604361906856E-005
  -8.0490088897220121E-005
  -8.3265150189694391E-005
  -8.6129340353429971E-005
  -8.9085278301788155E-005
  -9.2135651206330652E-005
  -9.5283215977941642E-005
  -9.8530800770156422E-005
  -1.0188130650467266E-004
  -1.0533770841903598E-004
  -1.0890305763645268E-004
  -1.1258048275767790E-004
  -1.1637319147491427E-004
  -1.2028447220762028E-004
  -1.2431769576014235E-004
  -1.2847631700102518E-004
  -1.3276387656388118E-004
  -1.3718400256963417E-004
  -1.4174041236997238E-004
  -1.4643691431179981E-004
  -1.5127740952246147E-004
  -1.5626589371549437E-004
  -1.6140645901664271E-004
  -1.6670329580982892E-004
  -1.7216069460278605E-004
  -1.7778304791197855E-004
  -1.8357485216647984E-004
  -1.8954070963037034E-004
  -1.9568533034328441E-004
  -2.0201353407860349E-004
  -2.0853025231886172E-004
  -2.1524053024783027E-004
  -2.2214952875876604E-004
  -2.2926252647823456E-004
  -2.3658492180492335E-004
  -2.4412223496281086E-004
  -2.5188011006803255E-004
  -2.5986431720873904E-004
  -2.6808075453721696E-004
  -2.7653545037350429E-004
  -2.8523456531971729E-004
  -2.9418439438421210E-004
  -3.0339136911474893E-004
  -3.1286205973970549E-004
  -3.2260317731641814E-004
  -3.3262157588563775E-004
  -3.4292425463107077E-004
  -3.5351836004295930E-004
  -3.6441118808452536E-004
  -3.7561018636019297E-004
  -3.8712295628433633E-004
  -3.9895725524932869E-004
  -4.1112099879162342E-004
  -4.2362226275447586E-004
  -4.3646928544600558E-004
  -4.4967046979109838E-004
  -4.6323438547572450E-004
  -4.7716977108214941E-004
  -4.9148553621344696E-004
  -5.0619076360571230E-004
  -5.2129471122630533E-004
  -5.3680681435641045E-004
  -5.5273668765615127E-004
  -5.6909412721044858E-004
  -5.8588911255372115E-004
  -6.0313180867154479E-004
  -6.2083256797730547E-004
  -6.3900193226176251E-004
  -6.5765063461353161E-004
  -6.7678960130828313E-004
  -6.9642995366449658E-004
  -7.1658300986357937E-004
  -7.3726028673196900E-004
  -7.5847350148292513E-004
  -7.8023457341566205E-004
  -8.0255562556925139E-004
  -8.2544898632889009E-004
  -8.4892719098193391E-004
  -8.7300298322102077E-004
  -8.9768931659172497E-004
  -9.2299935588196710E-004
  -9.4894647845029120E-004
  -9.7554427549041039E-004
  -1.0028065532288832E-003
  -1.0307473340531580E-003
  -1.0593808575668643E-003
  -1.0887215815694527E-003
  -1.1187841829569094E-003
  -1.1495835585405279E-003
  -1.1811348257804593E-003
  -1.2134533234308370E-003
  -1.2465546120931188E-003
  -1.2804544746743722E-003
  -1.3151689167470236E-003
  -1.3507141668066701E-003
  -1.3871066764244357E-003
  -1.4243631202904136E-003
  -1.4625003961444344E-003
  -1.5015356245907706E-003
  -1.5414861487928714E-003
  -1.5823695340446084E-003
  -1.6242035672142279E-003
  -1.6670062560571548E-003
  -1.7107958283938687E-003
  -1.7555907311491558E-003
  -1.8014096292485720E-003
  -1.8482714043683718E-003
  -1.8961951535350506E-003
  -1.9452001875701755E-003
  -1.9953060293769805E-003
  -2.0465324120643772E-003
  -2.0988992769043350E-003
  -2.1524267711189281E-003
  -2.2071352454924300E-003
  -2.2630452518049536E-003
  -2.3201775400831402E-003
  -2.3785530556638054E-003
  -2.4381929360667689E-003
  -2.4991185076724681E-003
  -2.5613512822002930E-003
  -2.6249129529836196E-003
  -2.6898253910375191E-003
  -2.7561106409145714E-003
  -2.8237909163458005E-003
  -2.8928885956611564E-003
  -2.9634262169870675E-003
  -3.0354264732159885E-003
  -3.1089122067444086E-003
  -3.1839064039752940E-003
  -3.2604321895810836E-003
  -3.3385128205234492E-003
  -3.4181716798259557E-003
  -3.4994322700955473E-003
  -3.5823182067899568E-003
  -3.6668532112264112E-003
  -3.7530611033286952E-003
  -3.8409657941090047E-003
  -3.9305912778805517E-003
  -4.0219616241986694E-003
  -4.1151009695259361E-003
  -4.2100335086188130E-003
  -4.3067834856326537E-003
  -4.4053751849417160E-003
  -4.5058329216717038E-003
  -4.6081810319417681E-003
  -4.7124438628133964E-003
  -4.8186457619433798E-003
  -4.9268110669389732E-003
  -5.0369640944122789E-003
  -5.1491291287319050E-003
  -5.2633304104703522E-003
  -5.3795921245443461E-003
  -5.4979383880473867E-003
  -5.6183932377717721E-003
  -5.7409806174197201E-003
  -5.8657243645021482E-003
  -5.9926481969231928E-003
  -6.1217756992509413E-003
  -6.2531303086726013E-003
  -6.3867353006339328E-003
  -6.5226137741629699E-003
  -6.6607886368775749E-003
  -6.8012825896767975E-003
  -6.9441181111172309E-003
  -7.0893174414736072E-003
  -7.2369025664857671E-003
  -7.3868952007920125E-003
  -7.5393167710506373E-003
  -7.6941883987513109E-003
  -7.8515308827177104E-003
  -8.0113646813033089E-003
  -8.1737098942835582E-003
  -8.3385862444456220E-003
  -8.5060130588800603E-003
  -8.6760092499763262E-003
  -8.8485932961263856E-003
  -9.0237832221399701E-003
  -9.2015965793751098E-003
  -9.3820504255885603E-003
  -9.5651613045114985E-003
  -9.7509452251538561E-003
  -9.9394176408442361E-003
  -1.0130593428009826E-002
  -1.0324486864703636E-002
  -1.0521111608883412E-002
  -1.0720480676450412E-002
  -1.0922606419055316E-002
  -1.1127500501676813E-002
  -1.1335173879982233E-002
  -1.1545636777477495E-002
  -1.1758898662455063E-002
  -1.1974968224748519E-002
  -1.2193853352302919E-002
  -1.2415561107570824E-002
  -1.2640097703743556E-002
  -1.2867468480827563E-002
  -1.3097677881577795E-002
  -1.3330729427297650E-002
  -1.3566625693517730E-002
  -1.3805368285565441E-002
  -1.4046957814036974E-002
  -1.4291393870184774E-002
  -1.4538675001233382E-002
  -1.4788798685636307E-002
  -1.5041761308288692E-002
  -1.5297558135709923E-002
  -1.5556183291209289E-002
  -1.5817629730051651E-002
  -1.6081889214636980E-002
  -1.6348952289709184E-002
  -1.6618808257612337E-002
  -1.6891445153608117E-002
  -1.7166849721273629E-002
  -1.7445007387995409E-002
  -1.7725902240577018E-002
  -1.8009517000980229E-002
  -1.8295833002214070E-002
  -1.8584830164396049E-002
  -1.8876486970998581E-002
  -1.9170780445304663E-002
  -1.9467686127090742E-002
  -1.9767178049555353E-002
  -2.0069228716516917E-002
  -2.0373809079899087E-002
  -2.0680888517525361E-002
  -2.0990434811245354E-002
  -2.1302414125411884E-002
  -2.1616790985732642E-002
  -2.1933528258518707E-002
  -2.2252587130352101E-002
  -2.2573927088193321E-002
  -2.2897505899955355E-002
  -2.3223279595563317E-002
  -2.3551202448527403E-002
  -2.3881226958047608E-002
  -2.4213303831680022E-002
  -2.4547381968583953E-002
  -2.4883408443375089E-002
  -2.5221328490611220E-002
  -2.5561085489932519E-002
  -2.5902620951881644E-002
  -2.6245874504429723E-002
  -2.6590783880229989E-002
  -2.6937284904628000E-002
  -2.7285311484449237E-002
  -2.7634795597592885E-002
  -2.7985667283453086E-002
  -2.8337854634195671E-002
  -2.8691283786912797E-002
  -2.9045878916683657E-002
  -2.9401562230562683E-002
  -2.9758253962521831E-002
  -3.0115872369372344E-002
  -3.0474333727687656E-002
  -3.0833552331757157E-002
  -3.1193440492587900E-002
  -3.1553908537985821E-002
  -3.1914864813734144E-002
  -3.2276215685898453E-002
  -3.2637865544274031E-002
  -3.2999716807007841E-002
  -3.3361669926409467E-002
  -3.3723623395981381E-002
  -3.4085473758684183E-002
  -3.4447115616460133E-002
  -3.4808441641040945E-002
  -3.5169342586053642E-002
  -3.5529707300449499E-002
  -3.5889422743275640E-002
  -3.6248373999808570E-002
  -3.6606444299065781E-002
  -3.6963515032718976E-002
  -3.7319465775422618E-002
  -3.7674174306575638E-002
  -3.8027516633534368E-002
  -3.8379367016292631E-002
  -3.8729597993641264E-002
  -3.9078080410824376E-002
  -3.9424683448707594E-002
  -3.9769274654463942E-002
  -4.0111719973798234E-002
  -4.0451883784716834E-002
  -4.0789628932852984E-002
  -4.1124816768358129E-002
  -4.1457307184369845E-002
  -4.1786958657058892E-002
  -4.2113628287267633E-002
  -4.2437171843744841E-002
  -4.2757443807976449E-002
  -4.3074297420622784E-002
  -4.3387584729558573E-002
  -4.3697156639525878E-002
  -4.4002862963389143E-002
  -4.4304552475002618E-002
  -4.4602072963680968E-002
  -4.4895271290271779E-002
  -4.5183993444828763E-002
  -4.5468084605876626E-002
  -4.5747389201261271E-002
  -4.6021750970581511E-002
  -4.6291013029186555E-002
  -4.6555017933733851E-002
  -4.6813607749292503E-002
  -4.7066624117983610E-002
  -4.7313908329134693E-002
  -4.7555301390941017E-002
  -4.7790644103610599E-002
  -4.8019777133977148E-002
  -4.8242541091560710E-002
  -4.8458776606053980E-002
  -4.8668324406207129E-002
  -4.8871025400098175E-002
  -4.9066720756746868E-002
  -4.9255251989061069E-002
  -4.9436461038074919E-002
  -4.9610190358452710E-002
  -4.9776283005228926E-002
  -4.9934582721747049E-002
  -5.0084934028764121E-002
  -5.0227182314688250E-002
  -5.0361173926902418E-002
  -5.0486756264146275E-002
  -5.0603777869907239E-002
  -5.0712088526781780E-002
  -5.0811539351761345E-002
  -5.0901982892403920E-002
  -5.0983273223833343E-002
  -5.1055266046528540E-002
  -5.1117818784850666E-002
  -5.1170790686252930E-002
  -5.1214042921126524E-002
  -5.1247438683221812E-002
  -5.1270843290598403E-002
  -5.1284124287042772E-002
  -5.1287151543891726E-002
  -5.1279797362213150E-002
  -5.1261936575267820E-002
  -5.1233446651210109E-002
  -5.1194207795945135E-002
  -5.1144103056092377E-002
  -5.1083018421982394E-002
  -5.1010842930622441E-002
  -5.0927468768564792E-002
  -5.0832791374604766E-002
  -5.0726709542244904E-002
  -5.0609125521842060E-002
  -5.0479945122385496E-002
  -5.0339077812809468E-002
  -5.0186436822786590E-002
  -5.0021939242910013E-002
  -4.9845506124205990E-002
  -4.9657062576888483E-002
  -4.9456537868279644E-002
  -4.9243865519823987E-002
  -4.9018983403110256E-002
  -4.8781833834834788E-002
  -4.8532363670608314E-002
  -4.8270524397541890E-002
  -4.7996272225523176E-002
  -4.7709568177106199E-002
  -4.7410378175930301E-002
  -4.7098673133589744E-002
  -4.6774429034870141E-002
  -4.6437627021272132E-002
  -4.6088253472736471E-002
  -4.5726300087492497E-002
  -4.5351763959949748E-002
  -4.4964647656542255E-002
  -4.4564959289457681E-002
  -4.4152712588158442E-002
  -4.3727926968616521E-002
  -4.3290627600188397E-002
  -4.2840845470037962E-002
  -4.2378617445039880E-002
  -4.1903986331080487E-002
  -4.1417000929672154E-002
  -4.0917716091812800E-002
  -4.0406192769006449E-002
  -3.9882498061375213E-002
  -3.9346705262784713E-002
  -3.8798893902908402E-002
  -3.8239149786161081E-002
  -3.7667565027430350E-002
  -3.7084238084530388E-002
  -3.6489273787318997E-002
  -3.5882783363400131E-002
  -3.5264884460353467E-002
  -3.4635701164426408E-002
  -3.3995364015621671E-002
  -3.3344010019122620E-002
  -3.2681782652999328E-002
  -3.2008831872132153E-002
  -3.1325314108302464E-002
  -3.0631392266400277E-002
  -2.9927235716689076E-002
  -2.9213020283085925E-002
  -2.8488928227406961E-002
  -2.7755148229536307E-002
  -2.7011875363472652E-002
  -2.6259311069218364E-002
  -2.5497663120471564E-002
  -2.4727145588089375E-002
  -2.3947978799284345E-002
  -2.3160389292533397E-002
  -2.2364609768162753E-002
  -2.1560879034597948E-002
  -2.0749441950247652E-002
  -1.9930549361007625E-002
  -1.9104458033369746E-002
  -1.8271430583125164E-002
  -1.7431735399651049E-002
  -1.6585646565780651E-002
  -1.5733443773245100E-002
  -1.4875412233699441E-002
  -1.4011842585322478E-002
  -1.3143030795013607E-002
  -1.2269278056188226E-002
  -1.1390890682189148E-002
  -1.0508179995326817E-002
  -9.6214622115799470E-003
  -8.7310583209676256E-003
  -7.8372939636341191E-003
  -6.9404993016695064E-003
  -6.0410088867028098E-003
  -5.1391615233080390E-003
  -4.2353001282686743E-003
  -3.3297715857381945E-003
  -2.4229265983530786E-003
  -1.5151195343484725E-003
  -6.0670827073414969E-004
   3.0194596740760159E-004
   1.2104787714424892E-003
   2.1185227174469320E-003
   3.0257075381550443E-003
   3.9316602985006808E-003
   4.8360055746865839E-003
   5.7383656366951589E-003
   6.6383606341534878E-003
   7.5356087854710433E-003
   8.4297265701468570E-003
   9.3203289241606327E-003
   1.0207029438342599E-002
   1.1089440559621820E-002
   1.1967173795044927E-002
   1.2839839918463115E-002
   1.3707049179766385E-002
   1.4568411516557052E-002
   1.5423536768137382E-002
   1.6272034891693654E-002
   1.7113516180556801E-002
   1.7947591484401400E-002
   1.8773872431260209E-002
   1.9591971651223204E-002
   2.0401503001680601E-002
   2.1202081793973610E-002
   2.1993325021308359E-002
   2.2774851587799853E-002
   2.3546282538490084E-002
   2.4307241290197290E-002
   2.5057353863047905E-002
   2.5796249112533080E-002
   2.6523558961945356E-002
   2.7238918635028513E-002
   2.7941966888692989E-002
   2.8632346245634089E-002
   2.9309703226689760E-002
   2.9973688582778355E-002
   3.0623957526254547E-002
   3.1260169961516059E-002
   3.1881990714694761E-002
   3.2489089762274097E-002
   3.3081142458449939E-002
   3.3657829761084494E-002
   3.4218838456067234E-002
   3.4763861379933474E-002
   3.5292597640552280E-002
   3.5804752835727094E-002
   3.6300039269532507E-002
   3.6778176166226632E-002
   3.7238889881556055E-002
   3.7681914111301014E-002
   3.8106990096879879E-002
   3.8513866827852676E-002
   3.8902301241151883E-002
   3.9272058416882971E-002
   3.9622911770520963E-002
   3.9954643241346843E-002
   4.0267043476958052E-002
   4.0559912013694473E-002
   4.0833057452820273E-002
   4.1086297632306874E-002
   4.1319459794058336E-002
   4.1532380746431480E-002
   4.1724907021899210E-002
   4.1896895029702404E-002
   4.2048211203355106E-002
   4.2178732142855363E-002
   4.2288344751460039E-002
   4.2376946366890191E-002
   4.2444444886826235E-002
   4.2490758888575911E-002
   4.2515817742773764E-002
   4.2519561720994331E-002
   4.2501942097158796E-002
   4.2462921242616643E-002
   4.2402472714795324E-002
   4.2320581339299786E-002
   4.2217243285368244E-002
   4.2092466134572661E-002
   4.1946268942680498E-002
   4.1778682294572607E-002
   4.1589748352142651E-002
   4.1379520895090505E-002
   4.1148065354528876E-002
   4.0895458839336381E-002
   4.0621790155186042E-002
   4.0327159816187674E-002
   4.0011680049088470E-002
   3.9675474789976406E-002
   3.9318679673436212E-002
   3.8941442014131196E-002
   3.8543920780757419E-002
   3.8126286562349836E-002
   3.7688721526908830E-002
   3.7231419372336469E-002
   3.6754585269661626E-002
   3.6258435798546249E-002
   3.5743198875078715E-002
   3.5209113671843831E-002
   3.4656430530297655E-002
   3.4085410865440396E-002
   3.3496327062831809E-002
   3.2889462367953329E-002
   3.2265110767978597E-002
   3.1623576865956467E-002
   3.0965175747484787E-002
   3.0290232839902790E-002
   2.9599083764073452E-002
   2.8892074178813166E-002
   2.8169559618034606E-002
   2.7431905320684818E-002
   2.6679486053552592E-002
   2.5912685927039585E-002
   2.5131898203980582E-002
   2.4337525101611485E-002
   2.3529977586794950E-002
   2.2709675164608825E-002
   2.1877045660412032E-002
   2.1032524995511229E-002
   2.0176556956552068E-002
   1.9309592958772704E-002
   1.8432091803243997E-002
   1.7544519428255464E-002
   1.6647348654980840E-002
   1.5741058927578096E-002
   1.4826136047891578E-002
   1.3903071904904465E-002
   1.2972364199117844E-002
   1.2034516162023952E-002
   1.1090036270849774E-002
   1.0139437958758154E-002
   9.1832393206796731E-003
   8.2219628149764346E-003
   7.2561349611171607E-003
   6.2862860335776210E-003
   5.3129497521489629E-003
   4.3366629688761241E-003
   3.3579653518125271E-003
   2.3773990658226131E-003
   1.3955084506340157E-003
   4.1283969636157726E-004
  -5.7005948328380863E-004
  -1.5526401798722984E-003
  -2.5343526209944552E-003
  -3.5146465026386878E-003
  -4.4929713229815002E-003
  -5.4687767173475007E-003
  -6.4415127941194099E-003
  -7.4106304713566782E-003
  -8.3755818138876118E-003
  -9.3358203706444126E-003
  -1.0290801511993663E-002
  -1.1239982766833181E-002
  -1.2182824159210874E-002
  -1.3118788544226970E-002
  -1.4047341942983176E-002
  -1.4967953876334828E-002
  -1.5880097697208054E-002
  -1.6783250921246561E-002
  -1.7676895555541531E-002
  -1.8560518425218369E-002
  -1.9433611497633917E-002
  -2.0295672203952682E-002
  -2.1146203757868055E-002
  -2.1984715471231344E-002
  -2.2810723066371268E-002
  -2.3623748984855739E-002
  -2.4423322692486017E-002
  -2.5208980980288311E-002
  -2.5980268261287826E-002
  -2.6736736862842819E-002
  -2.7477947314320045E-002
  -2.8203468629906737E-002
  -2.8912878586338710E-002
  -2.9605763995347180E-002
  -3.0281720970615839E-002
  -3.0940355189053907E-002
  -3.1581282146184282E-002
  -3.2204127405461330E-002
  -3.2808526841329073E-002
  -3.3394126875837378E-002
  -3.3960584708640641E-002
  -3.4507568540205764E-002
  -3.5034757788058347E-002
  -3.5541843295908392E-002
  -3.6028527535498754E-002
  -3.6494524801016899E-002
  -3.6939561395933324E-002
  -3.7363375812114921E-002
  -3.7765718901088097E-002
  -3.8146354037314097E-002
  -3.8505057273357984E-002
  -3.8841617486829301E-002
  -3.9155836518989864E-002
  -3.9447529304912222E-002
  -3.9716523995102643E-002
  -3.9962662068488884E-002
  -4.0185798436685488E-002
  -4.0385801539463709E-002
  -4.0562553431348153E-002
  -4.0715949859274778E-002
  -4.0845900331255944E-002
  -4.0952328175992828E-002
  -4.1035170593395433E-002
  -4.1094378695970650E-002
  -4.1129917541041588E-002
  -4.1141766153784544E-002
  -4.1129917541055307E-002
  -4.1094378695997733E-002
  -4.1035170593436525E-002
  -4.0952328176048158E-002
  -4.0845900331325992E-002
  -4.0715949859359904E-002
  -4.0562553431448475E-002
  -4.0385801539580581E-002
  -4.0185798436819076E-002
  -3.9962662068640166E-002
  -3.9716523995270710E-002
  -3.9447529305097609E-002
  -3.9155836519191779E-002
  -3.8841617487048737E-002
  -3.8505057273594059E-002
  -3.8146354037568254E-002
  -3.7765718901357610E-002
  -3.7363375812399187E-002
  -3.6939561396231696E-002
  -3.6494524801329586E-002
  -3.6028527535824445E-002
  -3.5541843296247315E-002
  -3.5034757788410913E-002
  -3.4507568540572776E-002
  -3.3960584709021746E-002
  -3.3394126876231590E-002
  -3.2808526841735769E-002
  -3.2204127405880571E-002
  -3.1581282146613786E-002
  -3.0940355189493177E-002
  -3.0281720971064102E-002
  -2.9605763995803783E-002
  -2.8912878586804663E-002
  -2.8203468630381982E-002
  -2.7477947314803877E-002
  -2.6736736863336375E-002
  -2.5980268261791770E-002
  -2.5208980980801991E-002
  -2.4423322693008846E-002
  -2.3623748985387733E-002
  -2.2810723066912675E-002
  -2.1984715471782299E-002
  -2.1146203758427393E-002
  -2.0295672204520526E-002
  -1.9433611498209692E-002
  -1.8560518425802221E-002
  -1.7676895556133769E-002
  -1.6783250921847796E-002
  -1.5880097697817657E-002
  -1.4967953876951677E-002
  -1.4047341943606472E-002
  -1.3118788544856392E-002
  -1.2182824159846211E-002
  -1.1239982767474897E-002
  -1.0290801512640772E-002
  -9.3358203712968959E-003
  -8.3755818145447060E-003
  -7.4106304720183893E-003
  -6.4415127947849912E-003
  -5.4687767180165731E-003
  -4.4929713236537142E-003
  -3.5146465033142438E-003
  -2.5343526216722503E-003
  -1.5526401805531984E-003
  -5.7005948396690229E-004
   4.1283969567716574E-004
   1.3955084499481067E-003
   2.3773990651352324E-003
   3.3579653511244837E-003
   4.3366629681874857E-003
   5.3129497514600218E-003
   6.2862860328879236E-003
   7.2561349604287426E-003
   8.2219628142897079E-003
   9.1832393199949257E-003
   1.0139437958075119E-002
   1.1090036270169523E-002
   1.2034516161347427E-002
   1.2972364198445514E-002
   1.3903071904235721E-002
   1.4826136047226416E-002
   1.5741058926917045E-002
   1.6647348654324410E-002
   1.7544519427604387E-002
   1.8432091802597746E-002
   1.9309592958131169E-002
   2.0176556955915730E-002
   2.1032524994879953E-002
   2.1877045659786140E-002
   2.2709675163988498E-002
   2.3529977586180750E-002
   2.4337525101003905E-002
   2.5131898203380514E-002
   2.5912685926445765E-002
   2.6679486052964413E-002
   2.7431905320103124E-002
   2.8169559617459723E-002
   2.8892074178245058E-002
   2.9599083763512189E-002
   3.0290232839348324E-002
   3.0965175746938314E-002
   3.1623576865418571E-002
   3.2265110767449201E-002
   3.2889462367433009E-002
   3.3496327062319989E-002
   3.4085410864938652E-002
   3.4656430529805209E-002
   3.5209113671360787E-002
   3.5743198874604538E-002
   3.6258435798082661E-002
   3.6754585269208537E-002
   3.7231419371895162E-002
   3.7688721526479424E-002
   3.8126286561932579E-002
   3.8543920780353152E-002
   3.8941442013739822E-002
   3.9318679673058680E-002
   3.9675474789613530E-002
   4.0011680048741664E-002
   4.0327159815855350E-002
   4.0621790154868331E-002
   4.0895458839033220E-002
   4.1148065354239448E-002
   4.1379520894814482E-002
   4.1589748351880187E-002
   4.1778682294323986E-002
   4.1946268942446831E-002
   4.2092466134354120E-002
   4.2217243285164484E-002
   4.2320581339110201E-002
   4.2402472714619117E-002
   4.2462921242453509E-002
   4.2501942097008034E-002
   4.2519561720855747E-002
   4.2515817742646553E-002
   4.2490758888460510E-002
   4.2444444886723158E-002
   4.2376946366800360E-002
   4.2288344751383884E-002
   4.2178732142791844E-002
   4.2048211203303348E-002
   4.1896895029662116E-002
   4.1724907021869574E-002
   4.1532380746411010E-002
   4.1319459794046338E-002
   4.1086297632302864E-002
   4.0833057452824478E-002
   4.0559912013706408E-002
   4.0267043476978272E-002
   3.9954643241375223E-002
   3.9622911770558059E-002
   3.9272058416928171E-002
   3.8902301241205056E-002
   3.8513866827912677E-002
   3.8106990096947208E-002
   3.7681914111374462E-002
   3.7238889881636671E-002
   3.6778176166313709E-002
   3.6300039269625967E-002
   3.5804752835825897E-002
   3.5292597640657328E-002
   3.4763861380045245E-002
   3.4218838456185924E-002
   3.3657829761209290E-002
   3.3081142458581299E-002
   3.2489089762411758E-002
   3.1881990714838992E-002
   3.1260169961667181E-002
   3.0623957526413559E-002
   2.9973688582945218E-002
   2.9309703226864138E-002
   2.8632346245815687E-002
   2.7941966888880603E-002
   2.7238918635222046E-002
   2.6523558962145439E-002
   2.5796249112739436E-002
   2.5057353863260270E-002
   2.4307241290416219E-002
   2.3546282538716191E-002
   2.2774851588033475E-002
   2.1993325021549416E-002
   2.1202081794221821E-002
   2.0401503001936563E-002
   1.9591971651485733E-002
   1.8773872431529663E-002
   1.7947591484678022E-002
   1.7113516180840792E-002
   1.6272034891983863E-002
   1.5423536768432616E-002
   1.4568411516857466E-002
   1.3707049180071554E-002
   1.2839839918772064E-002
   1.1967173795359181E-002
   1.1089440559941146E-002
   1.0207029438667605E-002
   9.3203289244907263E-003
   8.4297265704805519E-003
   7.5356087858086274E-003
   6.6383606344954816E-003
   5.7383656370412562E-003
   4.8360055750370015E-003
   3.9316602988546112E-003
   3.0257075385119289E-003
   2.1185227178059703E-003
   1.2104787718037649E-003
   3.0194596777151334E-004
  -6.0670827036791400E-004
  -1.5151195339795811E-003
  -2.4229265979812888E-003
  -3.3297715853626512E-003
  -4.2353001278899183E-003
  -5.1391615229263287E-003
  -6.0410088863188964E-003
  -6.9404993012841774E-003
  -7.8372939632471769E-003
  -8.7310583205786555E-003
  -9.6214622111896204E-003
  -1.0508179994934478E-002
  -1.1390890681794245E-002
  -1.2269278055790454E-002
  -1.3143030794612416E-002
  -1.4011842584919299E-002
  -1.4875412233294237E-002
  -1.5733443772837745E-002
  -1.6585646565370742E-002
  -1.7431735399240440E-002
  -1.8271430582714195E-002
  -1.9104458032959327E-002
  -1.9930549360596912E-002
  -2.0749441949835540E-002
  -2.1560879034183661E-002
  -2.2364609767746031E-002
  -2.3160389292114485E-002
  -2.3947978798863418E-002
  -2.4727145587665960E-002
  -2.5497663120045765E-002
  -2.6259311068790845E-002
  -2.7011875363044072E-002
  -2.7755148229106321E-002
  -2.8488928226974377E-002
  -2.9213020282649809E-002
  -2.9927235716249407E-002
  -3.0631392265957364E-002
  -3.1325314107856939E-002
  -3.2008831871684081E-002
  -3.2681782652549063E-002
  -3.3344010018669844E-002
  -3.3995364015165674E-002
  -3.4635701163967976E-002
  -3.5264884459892738E-002
  -3.5882783362937334E-002
  -3.6489273786855028E-002
  -3.7084238084065517E-002
  -3.7667565026964493E-002
  -3.8239149785695488E-002
  -3.8798893902443711E-002
  -3.9346705262322118E-002
  -3.9882498060914845E-002
  -4.0406192768548968E-002
  -4.0917716091358594E-002
  -4.1417000929221924E-002
  -4.1903986330633990E-002
  -4.2378617444597318E-002
  -4.2840845469598876E-002
  -4.3290627599753204E-002
  -4.3727926968184685E-002
  -4.4152712587728973E-002
  -4.4564959289029649E-002
  -4.4964647656114985E-002
  -4.5351763959524206E-002
  -4.5726300087068898E-002
  -4.6088253472313857E-002
  -4.6437627020850698E-002
  -4.6774429034448520E-002
  -4.7098673133167152E-002
  -4.7410378175508028E-002
  -4.7709568176684689E-002
  -4.7996272225101819E-002
  -4.8270524397120075E-002
  -4.8532363670185895E-002
  -4.8781833834412376E-002
  -4.9018983402688281E-002
  -4.9243865519402935E-002
  -4.9456537867859918E-002
  -4.9657062576469874E-002
  -4.9845506123788554E-002
  -5.0021939242493395E-002
  -5.0186436822370645E-002
  -5.0339077812395952E-002
  -5.0479945121971452E-002
  -5.0609125521428912E-002
  -5.0726709541832157E-002
  -5.0832791374193650E-002
  -5.0927468768154842E-002
  -5.1010842930213518E-002
  -5.1083018421574047E-002
  -5.1144103055684190E-002
  -5.1194207795536802E-002
  -5.1233446650799666E-002
  -5.1261936574855616E-002
  -5.1279797361798767E-002
  -5.1287151543475226E-002
  -5.1284124286623024E-002
  -5.1270843290175484E-002
  -5.1247438682795098E-002
  -5.1214042920698068E-002
  -5.1170790685822358E-002
  -5.1117818784416409E-002
  -5.1055266046090314E-002
  -5.0983273223391697E-002
  -5.0901982891959414E-002
  -5.0811539351312870E-002
  -5.0712088526329073E-002
  -5.0603777869451770E-002
  -5.0486756263687337E-002
  -5.0361173926440579E-002
  -5.0227182314222789E-002
  -5.0084934028295953E-002
  -4.9934582721276870E-002
  -4.9776283004759149E-002
  -4.9610190357984273E-002
  -4.9436461037607848E-002
  -4.9255251988594442E-002
  -4.9066720756281185E-002
  -4.8871025399633200E-002
  -4.8668324405743313E-002
  -4.8458776605591392E-002
  -4.8242541091098969E-002
  -4.8019777133517461E-002
  -4.7790644103152015E-002
  -4.7555301390484417E-002
  -4.7313908328680356E-002
  -4.7066624117530730E-002
  -4.6813607748841093E-002
  -4.6555017933284371E-002
  -4.6291013028741168E-002
  -4.6021750970140184E-002
  -4.5747389200824065E-002
  -4.5468084605443555E-002
  -4.5183993444399953E-002
  -4.4895271289846654E-002
  -4.4602072963259035E-002
  -4.4304552474582544E-002
  -4.4002862962971623E-002
  -4.3697156639111279E-002
  -4.3387584729145605E-002
  -4.3074297420211620E-002
  -4.2757443807567394E-002
  -4.2437171843337146E-002
  -4.2113628286861292E-002
  -4.1786958656653869E-002
  -4.1457307183967514E-002
  -4.1124816767958164E-002
  -4.0789628932456717E-002
  -4.0451883784324676E-002
  -4.0111719973411307E-002
  -3.9769274654082074E-002
  -3.9424683448330819E-002
  -3.9078080410452617E-002
  -3.8729597993274634E-002
  -3.8379367015932288E-002
  -3.8027516633180339E-002
  -3.7674174306228124E-002
  -3.7319465775081710E-002
  -3.6963515032385034E-002
  -3.6606444298738453E-002
  -3.6248373999487729E-002
  -3.5889422742961419E-002
  -3.5529707300141225E-002
  -3.5169342585751016E-002
  -3.4808441640743676E-002
  -3.4447115616167021E-002
  -3.4085473758395310E-002
  -3.3723623395695665E-002
  -3.3361669926126471E-002
  -3.2999716806727440E-002
  -3.2637865543996489E-002
  -3.2276215685622750E-002
  -3.1914864813459863E-002
  -3.1553908537714476E-002
  -3.1193440492320042E-002
  -3.0833552331493170E-002
  -3.0474333727427836E-002
  -3.0115872369116736E-002
  -2.9758253962269884E-002
  -2.9401562230314756E-002
  -2.9045878916440091E-002
  -2.8691283786673766E-002
  -2.8337854633961036E-002
  -2.7985667283223936E-002
  -2.7634795597368353E-002
  -2.7285311484228931E-002
  -2.6937284904412571E-002
  -2.6590783880019574E-002
  -2.6245874504223003E-002
  -2.5902620951678092E-002
  -2.5561085489731659E-002
  -2.5221328490412927E-002
  -2.4883408443178018E-002
  -2.4547381968388366E-002
  -2.4213303831485674E-002
  -2.3881226957855609E-002
  -2.3551202448338179E-002
  -2.3223279595377216E-002
  -2.2897505899771617E-002
  -2.2573927088012098E-002
  -2.2252587130173532E-002
  -2.1933528258342494E-002
  -2.1616790985557403E-002
  -2.1302414125237500E-002
  -2.0990434811071462E-002
  -2.0680888517352794E-002
  -2.0373809079727946E-002
  -2.0069228716347233E-002
  -1.9767178049387872E-002
  -1.9467686126924309E-002
  -1.9170780445139472E-002
  -1.8876486970833706E-002
  -1.8584830164231968E-002
  -1.8295833002051221E-002
  -1.8009517000818574E-002
  -1.7725902240417587E-002
  -1.7445007387837271E-002
  -1.7166849721117018E-002
  -1.6891445153452256E-002
  -1.6618808257457457E-002
  -1.6348952289555768E-002
  -1.6081889214484654E-002
  -1.5817629729901091E-002
  -1.5556183291060019E-002
  -1.5297558135562947E-002
  -1.5041761308143818E-002
  -1.4788798685492771E-002
  -1.4538675001091465E-002
  -1.4291393870044689E-002
  -1.4046957813898248E-002
  -1.3805368285428714E-002
  -1.3566625693384867E-002
  -1.3330729427167442E-002
  -1.3097677881450713E-002
  -1.2867468480702788E-002
  -1.2640097703621336E-002
  -1.2415561107451461E-002
  -1.2193853352185870E-002
  -1.1974968224634569E-002
  -1.1758898662343505E-002
  -1.1545636777368281E-002
  -1.1335173879874521E-002
  -1.1127500501570558E-002
  -1.0922606418951035E-002
  -1.0720480676347840E-002
  -1.0521111608783332E-002
  -1.0324486864605728E-002
  -1.0130593427913739E-002
  -9.9394176407501880E-003
  -9.7509452250614127E-003
  -9.5651613044211228E-003
  -9.3820504254998084E-003
  -9.2015965792881828E-003
  -9.0237832220543632E-003
  -8.8485932960418422E-003
  -8.6760092498934446E-003
  -8.5060130587994425E-003
  -8.3385862443664718E-003
  -8.1737098942056864E-003
  -8.0113646812260634E-003
  -7.8515308826418873E-003
  -7.6941883986763292E-003
  -7.5393167709770469E-003
  -7.3868952007195773E-003
  -7.2369025664146486E-003
  -7.0893174414036536E-003
  -6.9441181110488637E-003
  -6.8012825896097738E-003
  -6.6607886368120388E-003
  -6.5226137740984286E-003
  -6.3867353005706215E-003
  -6.2531303086097827E-003
  -6.1217756991890342E-003
  -5.9926481968616708E-003
  -5.8657243644415291E-003
  -5.7409806173603856E-003
  -5.6183932377135929E-003
  -5.4979383879903334E-003
  -5.3795921244875382E-003
  -5.2633304104146026E-003
  -5.1491291286770938E-003
  -5.0369640943586135E-003
  -4.9268110668866027E-003
  -4.8186457618925134E-003
  -4.7124438627640947E-003
  -4.6081810318935853E-003
  -4.5058329216239009E-003
  -4.4053751848947128E-003
  -4.3067834855861796E-003
  -4.2100335085737276E-003
  -4.1151009694816330E-003
  -4.0219616241554549E-003
  -3.9305912778387049E-003
  -3.8409657940675760E-003
  -3.7530611032884067E-003
  -3.6668532111871731E-003
  -3.5823182067519659E-003
  -3.4994322700589845E-003
  -3.4181716797906177E-003
  -3.3385128204890609E-003
  -3.2604321895472466E-003
  -3.1839064039413897E-003
  -3.1089122067108387E-003
  -3.0354264731832416E-003
  -2.9634262169548568E-003
  -2.8928885956301851E-003
  -2.8237909163155595E-003
  -2.7561106408850265E-003
  -2.6898253910081103E-003
  -2.6249129529553896E-003
  -2.5613512821718301E-003
  -2.4991185076443110E-003
  -2.4381929360388021E-003
  -2.3785530556368266E-003
  -2.3201775400564823E-003
  -2.2630452517795677E-003
  -2.2071352454671790E-003
  -2.1524267710947508E-003
  -2.0988992768807392E-003
  -2.0465324120413583E-003
  -1.9953060293541160E-003
  -1.9452001875480797E-003
  -1.8961951535137432E-003
  -1.8482714043481731E-003
  -1.8014096292286478E-003
  -1.7555907311301514E-003
  -1.7107958283753002E-003
  -1.6670062560391824E-003
  -1.6242035671970646E-003
  -1.5823695340282211E-003
  -1.5414861487771769E-003
  -1.5015356245757421E-003
  -1.4625003961296105E-003
  -1.4243631202758580E-003
  -1.3871066764101353E-003
  -1.3507141667930503E-003
  -1.3151689167338995E-003
  -1.2804544746614301E-003
  -1.2465546120803037E-003
  -1.2134533234183366E-003
  -1.1811348257684759E-003
  -1.1495835585289974E-003
  -1.1187841829453768E-003
  -1.0887215815586335E-003
  -1.0593808575565587E-003
  -1.0307473340434366E-003
  -1.0028065532195333E-003
  -9.7554427548108668E-004
  -9.4894647844131672E-004
  -9.2299935587253996E-004
  -8.9768931658301687E-004
  -8.7300298321265745E-004
  -8.4892719097429245E-004
  -8.2544898632140151E-004
  -8.0255562556275561E-004
  -7.8023457340954758E-004
  -7.5847350147731580E-004
  -7.3726028672617351E-004
  -7.1658300985768630E-004
  -6.9642995365910094E-004
  -6.7678960130294603E-004
  -6.5765063460848986E-004
  -6.3900193225671577E-004
  -6.2083256797253335E-004
  -6.0313180866714445E-004
  -5.8588911254950544E-004
  -5.6909412720653710E-004
  -5.5273668765211945E-004
  -5.3680681435206497E-004
  -5.2129471122205461E-004
  -5.0619076360186132E-004
  -4.9148553620936559E-004
  -4.7716977107889295E-004
  -4.6323438547257652E-004
  -4.4967046978865350E-004
  -4.3646928544325729E-004
  -4.2362226275225286E-004
  -4.1112099878945621E-004
  -3.9895725524688187E-004
  -3.8712295628183090E-004
  -3.7561018635722269E-004
  -3.6441118808183763E-004
  -3.5351836004065103E-004
  -3.4292425462921641E-004
  -3.3262157588360942E-004
  -3.2260317731388691E-004
  -3.1286205973739522E-004
  -3.0339136911267524E-004
  -2.9418439438244886E-004
  -2.8523456531793655E-004
  -2.7653545037249928E-004
  -2.6808075453649423E-004
  -2.5986431720786285E-004
  -2.5188011006678084E-004
  -2.4412223496134884E-004
  -2.3658492180348017E-004
  -2.2926252647691779E-004
  -2.2214952875733641E-004
  -2.1524053024579335E-004
  -2.0853025231712505E-004
  -2.0201353407663352E-004
  -1.9568533034096196E-004
  -1.8954070962833865E-004
  -1.8357485216497933E-004
  -1.7778304791051140E-004
  -1.7216069460106355E-004
  -1.6670329580834262E-004
  -1.6140645901536227E-004
  -1.5626589371449468E-004
  -1.5127740952140302E-004
  -1.4643691431110849E-004
  -1.4174041236953910E-004
  -1.3718400256926058E-004
  -1.3276387656331145E-004
  -1.2847631700043296E-004
  -1.2431769575969078E-004
  -1.2028447220717957E-004
  -1.1637319147403951E-004
  -1.1258048275685635E-004
  -1.0890305763500367E-004
  -1.0533770841814168E-004
  -1.0188130650411183E-004
  -9.8530800769612410E-005
  -9.5283215977744778E-005
  -9.2135651206160215E-005
  -8.9085278301080387E-005
  -8.6129340352815133E-005
  -8.3265150189143968E-005
  -8.0490088897306505E-005
  -7.7801604362220611E-005
  -7.5197209831918542E-005
  -7.2674482503927914E-005
  -7.0231062129217771E-005
  -6.7864649644679956E-005
  -6.5573005822842348E-005
  -6.3353949946128393E-005
  -6.1205358502011546E-005
  -5.9125163899063958E-005
  -5.7111353205995324E-005
  -5.5161966912207476E-005
  -5.3275097706699279E-005
  -5.1448889283886289E-005
  -4.9681535163507416E-005
  -4.7971277536946718E-005
  -4.6316406132453306E-005
  -4.4715257099143022E-005
  -4.3166211914932623E-005
  -4.1667696310804696E-005
  -4.0218179218486684E-005
  -3.8816171736424990E-005
  -3.7460226115129323E-005
  -3.6148934761642514E-005
  -3.4880929264616636E-005
  -3.3654879437412806E-005
  -3.2469492381536433E-005
  -3.1323511564907769E-005
  -3.0215715923633129E-005
  -2.9144918976499608E-005
  -2.8109967963341616E-005
  -2.7109742994755494E-005
  -2.6143156225481062E-005
  -2.5209151040271790E-005
  -2.4306701259089230E-005
  -2.3434810357371751E-005
  -2.2592510705312350E-005
  -2.1778862821926632E-005
  -2.0992954644494591E-005
  -2.0233900815748673E-005
  -1.9500841985482505E-005
  -1.8792944126326922E-005
  -1.8109397866913290E-005
  -1.7449417839429924E-005
  -1.6812242040363342E-005
  -1.6197131205609183E-005
  -1.5603368204768202E-005
  -1.5030257440723390E-005
  -1.4477124269641160E-005
  -1.3943314432175579E-005
  -1.3428193497189081E-005
  -1.2931146321831843E-005
  -1.2451576517600174E-005
  -1.1988905937313754E-005
  -1.1542574167925548E-005
  -1.1112038038699003E-005
  -1.0696771139897084E-005
  -1.0296263353014144E-005
  -9.9100203956949257E-006
  -9.5375633707012813E-006
  -9.1784283335629468E-006
  -8.8321658665832308E-006
  -8.4983406651871630E-006
  -8.1765311334758823E-006
  -7.8663289885729654E-006
  -7.5673388816268911E-006
  -7.2791780194764354E-006
  -7.0014757995072861E-006
  -6.7338734585500972E-006
  -6.4760237227274334E-006
  -6.2275904730879601E-006
  -5.9882484150123486E-006
  -5.7576827595205591E-006
  -5.5355889123243471E-006
  -5.3216721696709928E-006
  -5.1156474236505031E-006
  -4.9172388750055182E-006
  -4.7261797513162403E-006
  -4.5422120393472433E-006
  -4.3650862152346023E-006
  -4.1945609911040454E-006
  -4.0304030596701807E-006
  -3.8723868564875049E-006
  -3.7202943171941745E-006
  -3.5739146496714819E-006
  -3.4330441101392303E-006
  -3.2974857835776934E-006
  -3.1670493735517651E-006
  -3.0415509938868039E-006
  -2.9208129720309553E-006
  -2.8046636508803900E-006
  -2.6929372013037840E-006
  -2.5854734389503109E-006
  -2.4821176457838632E-006
  -2.3827203957138959E-006
  -2.2871373869896199E-006
  -2.1952292795572509E-006
  -2.1068615353041848E-006
  -2.0219042636961077E-006
  -1.9402320733719968E-006
  -1.8617239267843092E-006
  -1.7862629983436855E-006
  -1.7137365373798668E-006
  -1.6440357380075427E-006
  -1.5770556076900793E-006
  -1.5126948440352305E-006
  -1.4508557121449238E-006
  -1.3914439293697391E-006
  -1.3343685489421269E-006
  -1.2795418507823401E-006
  -1.2268792336555305E-006
  -1.1762991129195108E-006
  -1.1277228178134024E-006
  -1.0810744945164022E-006
  -1.0362810129066349E-006
  -9.9327187320429589E-007
  -9.5197911755617719E-007
  -9.1233724464707656E-007
  -8.7428312596091052E-007
  -8.3775592458223736E-007
  -8.0269701828018668E-007
  -7.6904992138359221E-007
  -7.3676021431320406E-007
  -7.0577547157359106E-007
  -6.7604519152613705E-007
  -6.4752073149614899E-007
  -6.2015524256791713E-007
  -5.9390360910664262E-007
  -5.6872238462449870E-007
  -5.4456973675836740E-007
  -5.2140539052170884E-007
  -4.9919057131860701E-007
  -4.7788795458286120E-007
  -4.5746161277646022E-007
  -4.3787696872778242E-007
  -4.1910074402516772E-007
  -4.0110091584476274E-007
  -3.8384666992987290E-007
  -3.6730836055937395E-007
  -3.5145746405228307E-007
  -3.3626654349822545E-007
  -3.2170920653444509E-007
  -3.0776006877839668E-007
  -2.9439471610274138E-007
  -2.8158967135797189E-007
  -2.6932235908725775E-007
  -2.5757107245292924E-007
  -2.4631494360084020E-007
  -2.3553391021761887E-007
  -2.2520868776577916E-007
  -2.1532073929941445E-007
  -2.0585225086744495E-007
  -1.9678610078987256E-007
  -1.8810583763192273E-007
  -1.7979565305551352E-007
  -1.7184036008095464E-007
  -1.6422536619451832E-007
  -1.5693665512954420E-007
  -1.4996076346280087E-007
  -1.4328475978631686E-007
  -1.3689622510768582E-007
  -1.3078323267886025E-007
  -1.2493433169148896E-007
  -1.1933852580014383E-007
  -1.1398525880354503E-007
  -1.0886439551801481E-007
  -1.0396620940566788E-007
  -9.9281363024428980E-008
  -9.4800894828687725E-008
  -9.0516204390453813E-008
  -8.6419039396934459E-008
  -8.2501480652113659E-008
  -7.8755931058238301E-008
  -7.5175101440326563E-008
  -7.1751999828845577E-008
  -6.8479919506651274E-008
  -6.5352426961000832E-008
  -6.2363352859601084E-008
  -5.9506782032600976E-008
  -5.6777040007162476E-008
  -5.4168687726473348E-008
  -5.1676509037484926E-008
  -4.9295505362339265E-008
  -4.7020883786901311E-008
  -4.4848050096062749E-008
  -4.2772601710611684E-008
  -4.0790319288245678E-008
  -3.8897158389634466E-008
  -3.7089244942395576E-008
  -3.5362866617227470E-008
  -3.3714467341831607E-008
  -3.2140639083820478E-008
  -3.0638118391856252E-008
  -2.9203779230453369E-008
  -2.7834628307876155E-008
  -2.6527796898831906E-008
  -2.5280540622408405E-008
  -2.4090229672942136E-008
  -2.2954347542075470E-008
  -2.1870483865747070E-008
  -2.0836332001958210E-008
  -1.9849683870483657E-008
  -1.8908425293900375E-008
  -1.8010534533104331E-008
  -1.7154075309025568E-008
  -1.6337195172597867E-008
  -1.5558120721623897E-008
  -1.4815158303496613E-008
  -1.4106683642914888E-008
  -1.3431146729699943E-008
  -1.2787061675456796E-008
  -1.2173008788052791E-008
  -1.1587630547220991E-008
  -1.1029628481190531E-008
  -1.0497760427958252E-008
  -9.9908392405852412E-009
  -9.5077300066094707E-009
  -9.0473470754018800E-009
  -8.6086543515681237E-009
  -8.1906591840610891E-009
  -7.7924136469463634E-009
  -7.4130126248427747E-009
  -7.0515900864475937E-009
  -6.7073196926991751E-009
  -6.3794102914331589E-009
  -6.0671075972855781E-009
  -5.7696895845099073E-009
  -5.4864687793450214E-009
  -5.2167844843150637E-009
  -4.9600109739273428E-009
  -4.7155455142829877E-009
  -4.4828160270213788E-009
  -4.2612748232808428E-009
  -4.0503996079117417E-009
  -3.8496908128223901E-009
  -3.6586721713015258E-009
  -3.4768894569454441E-009
  -3.3039077120204010E-009
  -3.1393135382618587E-009
  -2.9827105803963734E-009
  -2.8337220350207292E-009
  -2.6919882278643459E-009
  -2.5571649729172231E-009
  -2.4289249635338613E-009
  -2.3069551438794418E-009
  -2.1909572638768552E-009
  -2.0806473951407559E-009
  -1.9757537093713602E-009
  -1.8760171741147023E-009
  -1.7811919830418554E-009
  -1.6910419846087219E-009
  -1.6053426116199453E-009
  -1.5238803652942678E-009
  -1.4464516640948673E-009
  -1.3728614078750531E-009
  -1.3029245599412455E-009
  -1.2364651057104009E-009
  -1.1733133724908125E-009
  -1.1133097263447048E-009
  -1.0563012524062212E-009
  -1.0021427832977240E-009
  -9.5069486409758009E-010
  -9.0182549580222619E-010
  -8.5540876409384590E-010
  -8.1132465415791597E-010
  -7.6945947837329474E-010
  -7.2970356118374531E-010
  -6.9195415986070785E-010
  -6.5611195818677457E-010
  -6.2208282448505159E-010
  -5.8977785756114273E-010
  -5.5911173331283343E-010
  -5.3000394499670640E-010
  -5.0237637182511926E-010
  -4.7615578537803393E-010
  -4.5127260300377015E-010
  -4.2766021630433094E-010
  -4.0525498461063150E-010
  -3.8399709983160316E-010
  -3.6382923803175630E-010
  -3.4469671468474410E-010
  -3.2654777954625717E-010
  -3.0933325851373935E-010
  -2.9300552248075121E-010
  -2.7752056273937879E-010
  -2.6283561971646588E-010
  -2.4891084894756196E-010
  -2.3570725274685150E-010
  -2.2318886714566219E-010
  -2.1132082202465233E-010
  -2.0006940488467683E-010
  -1.8940444150794169E-010
  -1.7929594579783281E-010
  -1.6971477040706848E-010
  -1.6063439894338782E-010
  -1.5202937764687159E-010
  -1.4387545360369725E-010
  -1.3614943473094992E-010
  -1.2882965110435165E-010
  -1.2189527633868949E-010
  -1.1532564842328017E-010
  -1.0910239108046684E-010
  -1.0320870486488981E-010
  -9.7626001081322570E-011
  -9.2339314700521922E-011
  -8.7332377593477939E-011
  -8.2591413772697512E-011
  -7.8102401703978100E-011
  -7.3852431170940722E-011
  -6.9828844670008487E-011
  -6.6020035409898699E-011
  -6.2414542024834901E-011
  -5.9001945560962505E-011
  -5.5772205524185522E-011
  -5.2715840540734690E-011
  -4.9823001981039279E-011
  -4.7085866608919851E-011
  -4.4496034467378352E-011
  -4.2045715268523695E-011
  -3.9727852256459099E-011
  -3.7534765293878359E-011
  -3.5460492269728514E-011
  -3.3498792178324515E-011
  -3.1643257419283738E-011
  -2.9888476295924852E-011
  -2.8229008905870794E-011
  -2.6659763557630892E-011
  -2.5176282558209323E-011
  -2.3773592631309518E-011
  -2.2447366229762151E-011
  -2.1194128382113148E-011
  -2.0009195604322605E-011
  -1.8888921282662944E-011
  -1.7830597265442608E-011
  -1.6829958025221186E-011
  -1.5884969201630790E-011
  -1.4991555646251382E-011
  -1.4147675881078439E-011
  -1.3350507845083268E-011
  -1.2596785318649221E-011
  -1.1885485437978869E-011
  -1.1213110593290751E-011
  -1.0578097126232782E-011
  -9.9786064591370572E-012
  -9.4121497909544423E-012
  -8.8776896471603133E-012
  -8.3725459879547482E-012
  -7.8958473935319212E-012
  -7.4455027072896803E-012
  -7.0206902391678508E-012
  -6.6197407371973769E-012
  -6.2406619136670368E-012
  -5.8831710649897568E-012
  -5.5459766400157493E-012
  -5.2276479944648388E-012
  -4.9275472259065540E-012
  -4.6437322727731286E-012
  -4.3763624820002687E-012
  -4.1242183582391202E-012
  -3.8862465716914653E-012
  -3.6617107697543297E-012
  -3.4500129324742374E-012
  -3.2503255099940957E-012
  -3.0621338331121423E-012
  -2.8839025966677463E-012
  -2.7163532345667974E-012
  -2.5582636402513818E-012
  -2.4094044663643660E-012
  -2.2687079670254970E-012
  -2.1364615739931811E-012
  -2.0116678188708683E-012
  -1.8937965855212175E-012
  -1.7830200685875035E-012
  -1.6787848399377245E-012
  -1.5800269279253880E-012
  -1.4873182582264216E-012
  -1.3998822075385880E-012
  -1.3175771897775101E-012
  -1.2394596073145183E-012
  -1.1662785605566114E-012
  -1.0979641536267799E-012
  -1.0328294266389318E-012
  -9.7192735011476724E-013
  -9.1424146320894385E-013
  -8.5974247757734883E-013
  -8.0862408328935602E-013
  -7.6091410673887675E-013
  -7.1542348194357568E-013
  -6.7290810144876153E-013
  -6.3250294001789887E-013
  -5.9467291020974054E-013
  -5.5923183922478586E-013
  -5.2602334036257122E-013
  -4.9438741689135485E-013
  -4.6483337652373079E-013
  -4.3689880832170278E-013
  -4.1054178651304348E-013
  -3.8602059125575848E-013
  -3.6250067251695648E-013
  -3.4053091834922306E-013
  -3.2017059990265116E-013
  -3.0061385119738606E-013
  -2.8227191584398770E-013
  -2.6552899623902797E-013
  -2.4914735504209784E-013
  -2.3410374294545035E-013
  -2.1994164881488905E-013
  -2.0655628294373316E-013
  -1.9408440343248666E-013
  -1.8243839956033279E-013
  -1.7103276134058885E-013
  -1.6067627347193508E-013
  -1.5092370796664099E-013
  -1.4151448430138891E-013
  -1.3316981848078691E-013
  -1.2510632718348450E-013
  -1.1721095784844816E-013
  -1.0949469959918199E-013
  -1.0304506662896058E-013
  -9.6943539326835286E-014
  -9.0990197559469527E-014
  -8.5182769586839039E-014
  -8.0421712856241321E-014
  -7.5129198636200363E-014
  -7.0936367357030282E-014
  -6.6091385850919402E-014
  -6.1946637170693189E-014
  -5.8282621706526994E-014
  -5.4555281591932964E-014
  -5.1160359899758976E-014
  -4.8087217795753646E-014
  -4.5002892266387713E-014
  -4.2029174451831464E-014
  -3.9406919309548254E-014
  -3.7369481628892190E-014
  -3.4624876809095542E-014
  -3.2593901147088399E-014
  -3.0692978795570767E-014
  -2.8667115701330787E-014
  -2.6979924904873658E-014
  -2.5120364035402372E-014
  -2.3600106533236478E-014
  -2.2195695133000151E-014
  -2.0837933651432455E-014
  -1.9493485691748664E-014
  -1.8052116651458028E-014
  -1.6901311530277639E-014
  -1.6084024548655076E-014
  -1.4827935152761836E-014
  -1.3892732238280368E-014
  -1.3220663784901606E-014
  -1.2217711075830049E-014
  -1.1438574397130002E-014
  -1.0965742038667232E-014
  -1.0281870938782121E-014
  -9.5069820350029442E-015
  -8.9146965472392252E-015
  -7.9242070304273898E-015
  -7.7896721381838732E-015
  -7.0082814400775712E-015
  -6.5872291778507332E-015
  -6.3978179339994474E-015
  -6.1285550845934965E-015
  -5.6723310910117695E-015
  -5.3698036828573788E-015
  -5.0121501441109119E-015
  -4.8556862542189375E-015
  -4.3527569745890649E-015
  -4.3163537180355598E-015
  -4.0402498079775336E-015
  -3.4822114226599399E-015
  -3.2705971052920585E-015
  -2.8632307354045354E-015
  -2.7920257971153448E-015
  -2.5662353227339479E-015
  -2.2197386166282183E-015
  -2.1138115691865862E-015
  -2.2240452339458653E-015
  -1.8802679629253617E-015
  -1.8712141835959060E-015
  -1.6252830757717883E-015
  -1.5986176372129088E-015
  -1.6674157001049891E-015
  -1.3327891435014554E-015
  -1.2075310729571496E-015
  -1.3857861499281193E-015
  -1.0584452950724306E-015
  -1.0929348042513987E-015
  -9.5082672469788807E-016
  -8.0387038761120436E-016
  -1.1714898236160505E-015
  -8.7775573262202788E-016
  -6.0877987373036064E-016
  -5.5715669572561997E-016
  -5.1797561650743005E-016
  -5.2583121297710563E-016
  -3.4201317134673735E-016
  -5.7767939221050329E-016
  -7.6109963263808384E-016
  -6.6166009378746712E-016
  -4.8005919001123062E-016
  -5.5975568994483322E-016
  -4.0200743781345626E-016
  -5.3542770845815640E-016
  -2.2618483375939186E-016
  -3.0400856720005373E-016
  -3.7875639036978745E-016
  -6.3035845905048188E-016
  -5.4959473018285644E-016
  -2.6222094086245589E-016
  -3.0565958659187895E-016
  -2.9712366311523175E-016
  -3.3685635093825694E-016
  -2.4472178084530645E-016
  -3.5085538982112952E-016
  -1.8947328077295572E-016
  -5.1665167705450519E-017
  -3.4965908512449908E-016
  -3.5588725632677397E-016
  -1.0204037762719775E-016
   1.0359530300619540E-016
  -5.9324663094666468E-017
   7.5328944020439392E-017
  -1.9255942635582756E-016
  -1.9593714268127783E-016
  -3.1890175682266819E-017
   1.5906094504948721E-016
   2.6369915742426809E-017
  -7.2067001392215576E-017
  -1.5536433486694755E-016
  -2.0105183854243718E-016
  -1.0623428887230388E-016
  -1.1427012421282466E-017
   2.0963766711000969E-017
   1.0745905109041289E-016
  -6.4374649793561708E-017
   7.2724337401846352E-018
  -3.1979407835273973E-016
   1.4602317365283050E-016
   1.4798678360049348E-016
   4.5358128125795847E-017
  -1.5379254316692706E-016
   2.2040208915578345E-016
   1.1989784696962259E-016
   7.7233813119645425E-017
   8.8988156761115187E-017
  -1.6047811916669789E-016
   2.7775952596027206E-017
   1.7275824521005129E-016
   1.1409244113920084E-016
   1.5341911586686555E-018
   3.2854041269413688E-016
   2.3072642250672894E-016
   4.3163726370122995E-016
   8.2475184750949244E-017
   2.4314430198968618E-016
   9.6387997258090296E-017
   3.9127566432633565E-017
  -9.5813499355697063E-017
   2.5811634314750646E-016
   3.3233592504898066E-016
  -4.4940421931826163E-017
   2.3981644615724313E-017
   8.0511252205463001E-017
  -3.1198714938062738E-016
   3.1263967256595965E-017
  -7.6004228400200526E-018
  -1.4679347206482186E-016
   1.0139045441037465E-016
   8.5170274437768293E-017
   1.6843040884951200E-016
   9.2159281658965248E-017
  -3.1233287800415555E-016
  -1.7127895784012969E-016
  -7.7771836297254279E-017
   1.3226808643568635E-016
   1.7076397367879696E-017
   1.2828353400732484E-016
  -2.4964463383661177E-017
   7.8042011887609056E-017
  -2.6138870719603304E-016
   2.0351111414072562E-016
   4.0827851971267273E-017
  -5.5291942534551913E-017
  -8.9698647938875864E-018
   9.1029007751219599E-017
  -2.2110859706461003E-016
   9.9729805033096135E-017
   4.9700435116519231E-017
  -1.2784067330024886E-017
   1.8546191176668830E-016
  -2.5163937728111880E-016
   1.4967997511030891E-016
  -2.0176497954464596E-016
   7.7594738153949092E-017
  -2.2650236008133565E-016
   1.9235929689905628E-016
   3.5722469819297497E-017
   2.8011138329722167E-016
   9.2134184138141916E-017
   2.1922427931628960E-016
  -3.1035901494533402E-017
  -9.7122255096639687E-018
  -6.8354212600888787E-017
   7.9199472088827115E-017
  -1.6666322404166415E-016
  -9.5108472257939656E-017
   1.1591515825481471E-016
  -1.8852561591666483E-016
  -1.0762427637346005E-016
   4.4570432674267937E-016
   1.3065313655701013E-016
  -4.4371864815555086E-018
   1.3396178566146779E-016
   2.9464363029850199E-016
  -3.9610066654529307E-017
