  -5.2081856845902613E-086
  -1.0943023382943681E-085
  -1.7782628000710592E-085
  -2.6414590558905519E-085
  -3.7704630201409748E-085
  -5.2782693487384678E-085
  -7.3154992446158195E-085
  -1.0085298644711902E-084
  -1.3863389740053123E-084
  -1.9025234669209043E-084
  -2.6082959485041003E-084
  -3.5735631169388716E-084
  -4.8937770975008141E-084
  -6.6992747049562197E-084
  -9.1680086065153160E-084
  -1.2542900578727105E-083
  -1.7155490845505409E-083
  -2.3458160991569797E-083
  -3.2068028374926356E-083
  -4.3826724953086346E-083
  -5.9881788324975465E-083
  -8.1797450442177805E-083
  -1.1170540358281338E-082
  -1.5250991642004294E-082
  -2.0816682125537004E-082
  -2.8406287892749792E-082
  -3.8753150370664163E-082
  -5.2855368112690843E-082
  -7.2071033462560663E-082
  -9.8247601272381690E-082
  -1.3389757702458354E-081
  -1.8243704712545314E-081
  -2.4850944598938614E-081
  -3.3842490524739163E-081
  -4.6075629318842897E-081
  -6.2714761817534648E-081
  -8.5341017682051144E-081
  -1.1610084840485723E-080
  -1.5790740689660858E-080
  -2.1471339530663383E-080
  -2.9188064930503255E-080
  -3.9668062698497479E-080
  -5.3897199320235899E-080
  -7.3211772700432008E-080
  -9.9422610225010927E-080
  -1.3498294828133359E-079
  -1.8321548061571662E-079
  -2.4861935024221592E-079
  -3.3728512585078961E-079
  -4.5745560153368737E-079
  -6.2028346676584110E-079
  -8.4085469427108541E-079
  -1.1395704773128892E-078
  -1.5440128544356130E-078
  -2.0914626654060929E-078
  -2.8322970540855937E-078
  -3.8345725691758117E-078
  -5.1902059947383060E-078
  -7.0233077481184844E-078
  -9.5014146082038803E-078
  -1.2850626590496573E-077
  -1.7375999661476003E-077
  -2.3489012134469110E-077
  -3.1744548861870584E-077
  -4.2890688517086060E-077
  -5.7935708794596587E-077
  -7.8238240701365329E-077
  -1.0562853819990438E-076
  -1.4257156004242426E-076
  -1.9238622343595881E-076
  -2.5954010117973621E-076
  -3.5004541944133590E-076
  -4.7199104025554220E-076
  -6.3625694091405920E-076
  -8.5747354793229927E-076
  -1.1553095052234048E-075
  -1.5561998712991028E-075
  -2.0956647769981267E-075
  -2.8214194780034825E-075
  -3.7975448394818252E-075
  -5.1100783818585558E-075
  -6.8745078251750262E-075
  -9.2458119100483538E-075
  -1.2431910911145156E-074
  -1.6711680058142317E-074
  -2.2459067531802870E-074
  -3.0175377466730944E-074
  -4.0532471001230303E-074
  -5.4430562884822534E-074
  -7.3075524782186255E-074
  -9.8082252156176872E-074
  -1.3161284657338111E-073
  -1.7656129197304175E-073
  -2.3680020479459755E-073
  -3.1751043709486107E-073
  -4.2562123886475322E-073
  -5.7039791247385356E-073
  -7.6422617874752477E-073
  -1.0236588310815250E-072
  -1.3708120239574618E-072
  -1.8352275090318018E-072
  -2.4563556647381805E-072
  -3.2868654097145120E-072
  -4.3970552219690329E-072
  -5.8807300459196931E-072
  -7.8630292102037993E-072
  -1.0510850351915928E-071
  -1.4046726678424125E-071
  -1.8767296838189765E-071
  -2.5067880935997519E-071
  -3.3475172917908516E-071
  -4.4690718541526977E-071
  -5.9648722243002590E-071
  -7.9592885324308673E-071
  -1.0617851454576762E-070
  -1.4160817686290909E-070
  -1.8881187467268308E-070
  -2.5168629075611873E-070
  -3.3541238636856673E-070
  -4.4687690404185525E-070
  -5.9523162340261130E-070
  -7.9263519735196861E-070
  -1.0552369206668206E-069
  -1.4044809935128653E-069
  -1.8688352434771986E-069
  -2.4860818477265142E-069
  -3.3063519723731713E-069
  -4.3961448758045374E-069
  -5.8436494650150286E-069
  -7.7657885585107005E-069
  -1.0317541116927878E-068
  -1.3704275890074617E-068
  -1.8198065045474683E-068
  -2.4159256495436643E-068
  -3.2064992666989305E-068
  -4.2546902741461377E-068
  -5.6440906221522624E-068
  -7.4853002388066685E-068
  -9.9246154237288676E-068
  -1.3155500078819981E-067
  -1.7433727172142700E-067
  -2.3097359545261324E-067
  -3.0593109919629846E-067
  -4.0511107742655121E-067
  -5.3630742118595874E-067
  -7.0981093777973295E-067
  -9.3920578222901587E-067
  -1.2424187999463781E-066
  -1.6431017351660070E-066
  -2.1724514221091007E-066
  -2.8716061210406393E-066
  -3.7947995473368541E-066
  -5.0135110894122360E-066
  -6.6219254404242848E-066
  -8.7441129053782399E-066
  -1.1543470225367145E-065
  -1.5235130355745413E-065
  -2.0102270639908837E-065
  -2.6517538451184807E-065
  -3.4971192842012212E-065
  -4.6108057776258747E-065
  -6.0776033382803310E-065
  -8.0089763739325143E-065
  -1.0551417488339996E-064
  -1.3897405592003012E-064
  -1.8299776485199374E-064
  -2.4090563696738164E-064
  -3.1705693721683417E-064
  -4.1717346379272087E-064
  -5.4876348436682316E-064
  -7.2167696858918152E-064
  -9.4883259128447551E-064
  -1.2471693991230964E-063
  -1.6388922439674083E-063
  -2.1531012409903119E-063
  -2.8279231099264091E-063
  -3.7132982577167539E-063
  -4.8746244042698574E-063
  -6.3975187507012456E-063
  -8.3940404484586195E-063
  -1.1010819050562546E-062
  -1.4439669997813160E-062
  -1.8931454483762716E-062
  -2.4814170560957009E-062
  -3.2516561089882720E-062
  -4.2598912864891764E-062
  -5.5793226955252259E-062
  -7.3055597998157494E-062
  -9.5634495332496138E-062
  -1.2515975045375012E-061
  -1.6375849982111372E-061
  -2.1420620879584509E-061
  -2.8012334010246789E-061
  -3.6623139546159723E-061
  -4.7868616806903722E-061
  -6.2551137638384843E-061
  -8.1716276887867109E-061
  -1.0672617645576166E-060
  -1.3935493329984190E-060
  -1.8191259070555022E-060
  -2.3740626789110972E-060
  -3.0974949722841657E-060
  -4.0403412125588682E-060
  -5.2688335329960282E-060
  -6.8691011031799161E-060
  -8.9531185202773345E-060
  -1.1666423811491084E-059
  -1.5198129887430371E-059
  -1.9793907575347274E-059
  -2.5772817863374501E-059
  -3.3549128883208541E-059
  -4.3660586453039122E-059
  -5.6805037624485332E-059
  -7.3887862901314625E-059
  -9.6083391069243073E-059
  -1.2491439786038392E-058
  -1.6235498647836576E-058
  -2.1096369225916342E-058
  -2.7405564578032053E-058
  -3.5592519772466214E-058
  -4.6213372098324117E-058
  -5.9988157471436664E-058
  -7.7848871644777589E-058
  -1.0100155355698222E-057
  -1.3100646093922415E-057
  -1.6988158359401362E-057
  -2.2023625265324860E-057
  -2.8544355107736281E-057
  -3.6986273554568424E-057
  -4.7912610174387552E-057
  -6.2050886799750814E-057
  -8.0340597815006606E-057
  -1.0399465695323619E-056
  -1.3457856467217380E-056
  -1.7411237990182024E-056
  -2.2520203073271534E-056
  -2.9120836119009588E-056
  -3.7646470187119617E-056
  -4.8655681980726913E-056
  -6.2868303809823672E-056
  -8.1211736270363933E-056
  -1.0488049245744117E-055
  -1.3541273396523308E-055
  -1.7478862182256606E-055
  -2.2555666722336246E-055
  -2.9099601098008468E-055
  -3.7532479382758792E-055
  -4.8396763845551007E-055
  -6.2389892270610275E-055
  -8.0408320426745540E-055
  -1.0360401445100323E-054
  -1.3345689354476940E-054
  -1.7186770218104785E-054
  -2.2127704200784359E-054
  -2.8481789207012339E-054
  -3.6651098782210709E-054
  -4.7151503697503126E-054
  -6.0644707938211998E-054
  -7.7979254745602907E-054
  -1.0024300059202223E-053
  -1.2883024669883785E-053
  -1.6552759991873485E-053
  -2.1262375965409218E-053
  -2.7304986132449905E-053
  -3.5055883412232640E-053
  -4.4995455871565130E-053
  -5.7738457558516349E-053
  -7.4071387017765726E-053
  -9.5000206728244905E-053
  -1.2181124837578030E-052
  -1.5614892712137192E-052
  -2.0011487794997272E-052
  -2.5639438602469780E-052
  -3.2841758335391355E-052
  -4.2056491812872584E-052
  -5.3842898763331323E-052
  -6.8914810878342465E-052
  -8.8183116983615556E-052
  -1.1280986005083617E-051
  -1.4427710169717625E-051
  -1.8447456245744934E-051
  -2.3581112778323191E-051
  -3.0135668157996564E-051
  -3.8502246852521604E-051
  -4.9179039132035102E-051
  -6.2800444323352821E-051
  -8.0174101635063287E-051
  -1.0232793097589091E-050
  -1.3056987395298653E-050
  -1.6656374397933988E-050
  -2.1242550404605515E-050
  -2.7084544161435443E-050
  -3.4524316586222548E-050
  -4.3996419345632540E-050
  -5.6052921639176109E-050
  -7.1395008699968903E-050
  -9.0913027205640226E-050
  -1.1573722231183099E-049
  -1.4730200397011216E-049
  -1.8742732882052288E-049
  -2.3842172887791978E-049
  -3.0321271061580988E-049
  -3.8551175229317501E-049
  -4.9002302452661296E-049
  -6.2270735117511225E-049
  -7.9111594287966808E-049
  -1.0048122354371359E-048
  -1.2759049524502380E-048
  -1.6197215413663489E-048
  -2.0556587245053208E-048
  -2.6082564644928156E-048
  -3.3085536721787301E-048
  -4.1957991193421702E-048
  -5.3196100549763972E-048
  -6.7426949624924908E-048
  -8.5442869900620891E-048
  -1.0824472410674486E-047
  -1.3709645994827744E-047
  -1.7359384879729344E-047
  -2.1975107493128212E-047
  -2.7810978219651471E-047
  -3.5187636645311119E-047
  -4.4509478470478552E-047
  -5.6286401165288531E-047
  -7.1161160693366888E-047
  -8.9943778085106901E-047
  -1.1365480122928193E-046
  -1.4357968663985030E-046
  -1.8133714148163084E-046
  -2.2896498697240722E-046
  -2.8902800686513209E-046
  -3.6475337457707170E-046
  -4.6020066652436594E-046
  -5.8047523831709442E-046
  -7.3199595325909352E-046
  -9.2283101961592630E-046
  -1.1631191522539606E-045
  -1.4655975974759052E-045
  -1.8462639615829804E-045
  -2.3252055311126406E-045
  -2.9276381988316752E-045
  -3.6852076292383741E-045
  -4.6376184271853563E-045
  -5.8346734565312092E-045
  -7.3388258931533999E-045
  -9.2283720845862041E-045
  -1.1601445066543167E-044
  -1.4581008196323632E-044
  -1.8321097721486314E-044
  -2.3014624592015126E-044
  -2.8903122406657687E-044
  -3.6288923738054096E-044
  -4.5550365776000401E-044
  -5.7160773937412877E-044
  -7.1712155858431710E-044
  -8.9944766749330388E-044
  -1.1278399130106185E-043
  -1.4138634063433096E-043
  -1.7719680185759647E-043
  -2.2202032332648357E-043
  -2.7811089629977825E-043
  -3.4828253511719045E-043
  -4.3604750260993274E-043
  -5.4578842389842438E-043
  -6.8297254032414733E-043
  -8.5441835062569555E-043
  -1.0686273609315375E-042
  -1.3361967329137254E-042
  -1.6703324217638662E-042
  -2.0874871071261516E-042
  -2.6081530565657928E-042
  -3.2578472892308987E-042
  -4.0683353564916674E-042
  -5.0791511333214086E-042
  -6.3394837212716884E-042
  -7.9105195210100564E-042
  -9.8683485044851623E-042
  -1.2307569647506859E-041
  -1.5345762536654844E-041
  -1.9129031774819144E-041
  -2.3838879745930487E-041
  -2.9700723740945152E-041
  -3.6994448078741884E-041
  -4.6067473983872655E-041
  -5.7350943679365784E-041
  -7.1379755428368430E-041
  -8.8817359280249453E-041
  -1.1048643663160540E-040
  -1.3740684973143539E-040
  -1.7084257141562840E-040
  -2.1235970475194709E-040
  -2.6389819424401673E-040
  -3.2786043607388145E-040
  -4.0722074070909089E-040
  -5.0566051917343186E-040
  -6.2773519379838250E-040
  -7.7908022370971867E-040
  -9.6666534400967343E-040
  -1.1991082183840155E-039
  -1.4870612869563227E-039
  -1.8436887640489430E-039
  -2.2852546381929568E-039
  -2.8318473135527960E-039
  -3.5082724091383052E-039
  -4.3451524461901474E-039
  -5.3802810066117293E-039
  -6.6602898054779809E-039
  -8.2427004401930889E-039
  -1.0198448910322200E-038
  -1.2614991021137604E-038
  -1.5600121316482310E-038
  -1.9286668242154130E-038
  -2.3838265053082665E-038
  -2.9456441052725368E-038
  -3.6389332931182133E-038
  -4.4942383495613714E-038
  -5.5491477703979560E-038
  -6.8499066965725719E-038
  -8.4533956240912381E-038
  -1.0429557952794951E-037
  -1.2864377394549247E-037
  -1.5863528817930966E-037
  -1.9556853658837776E-037
  -2.4103844671948044E-037
  -2.9700365872939803E-037
  -3.6586883652777182E-037
  -4.5058546213362011E-037
  -5.5477523087878586E-037
  -6.8288107500235996E-037
  -8.4035195250539350E-037
  -1.0338688902107595E-036
  -1.2716214174708087E-036
  -1.5636455338877076E-036
  -1.9222367985061717E-036
  -2.3624551036263401E-036
  -2.9027413183008503E-036
  -3.5656703938661543E-036
  -4.3788708853513939E-036
  -5.3761473631237281E-036
  -6.5988501170588893E-036
  -8.0975461920262941E-036
  -9.9340575035732177E-036
  -1.2183946008704275E-035
  -1.4939543184413300E-035
  -1.8313642045068065E-035
  -2.2443995394569023E-035
  -2.7498794911408069E-035
  -3.3683343155126044E-035
  -4.1248176053356474E-035
  -5.0498948563301937E-035
  -6.1808463035766723E-035
  -7.5631300804312893E-035
  -9.2521615649991111E-035
  -1.1315476664536930E-034
  -1.3835361179818391E-034
  -1.6912045813260162E-034
  -2.0667587468680409E-034
  -2.5250582999836119E-034
  -3.0841892419702972E-034
  -3.7661585892771632E-034
  -4.5977373936736918E-034
  -5.6114834770960164E-034
  -6.8469818610875237E-034
  -8.3523488261847742E-034
  -1.0186055143321608E-033
  -1.2419135616911608E-033
  -1.5137866076463314E-033
  -1.8447005842247252E-033
  -2.2473724062386431E-033
  -2.7372352885432778E-033
  -3.3330140049672253E-033
  -4.0574209166554499E-033
  -4.9379978986710722E-033
  -6.0081344747730158E-033
  -7.3082987096427595E-033
  -8.8875249195756474E-033
  -1.0805211303773036E-032
  -1.3133291477261517E-032
  -1.5958856973085659E-032
  -1.9387323519474081E-032
  -2.3546252819163079E-032
  -2.8589964300646619E-032
  -3.4705098638945859E-032
  -4.2117327671972482E-032
  -5.1099444764032228E-032
  -6.1981117003147105E-032
  -7.5160637434861354E-032
  -9.1119083712213649E-032
  -1.1043737132883291E-031
  -1.3381678768964605E-031
  -1.6210371087771362E-031
  -1.9631935794054428E-031
  -2.3769557643868213E-031
  -2.8771789536124839E-031
  -3.4817729387142857E-031
  -4.2123243652474666E-031
  -5.0948447094453405E-031
  -6.1606689958751882E-031
  -7.4475353448370220E-031
  -9.0008813854487907E-031
  -1.0875400681105366E-030
  -1.3136910813716729E-030
  -1.5864594930327659E-030
  -1.9153690690261966E-030
  -2.3118715043735772E-030
  -2.7897330577479192E-030
  -3.3654979819093815E-030
  -4.0590438541970694E-030
  -4.8942468520699160E-030
  -5.8997785261656475E-030
  -7.1100598055260215E-030
  -8.5664029549156582E-030
  -1.0318378145121499E-029
  -1.2425448374990974E-029
  -1.4958924913990488E-029
  -1.8004305471758338E-029
  -2.1664069249778251E-029
  -2.6061017249752845E-029
  -3.1342263130389196E-029
  -3.7684000025300483E-029
  -4.5297192659728963E-029
  -5.4434372544032749E-029
  -6.5397747820128290E-029
  -7.8548879491558567E-029
  -9.4320223460712804E-029
  -1.1322889442735759E-028
  -1.3589307492734867E-028
  -1.6305157256878693E-028
  -1.9558712317292248E-028
  -2.3455414978973453E-028
  -2.8121182067363337E-028
  -3.3706340710250051E-028
  -4.0390312892783905E-028
  -4.8387189729909690E-028
  -5.7952362642164149E-028
  -6.9390409693453619E-028
  -8.3064472132242550E-028
  -9.9407399707693523E-028
  -1.1893499483306685E-027
  -1.4226174658248285E-027
  -1.7011951753438331E-027
  -2.0337973161939564E-027
  -2.4307971175252894E-027
  -2.9045393490998630E-027
  -3.4697111272309294E-027
  -4.1437817145934510E-027
  -4.9475240097792722E-027
  -5.9056327321895980E-027
  -7.0474570328606272E-027
  -8.4078684758725680E-027
  -1.0028289124803734E-026
  -1.1957908936145260E-026
  -1.4255126926375326E-026
  -1.6989256782071219E-026
  -2.0242544888034278E-026
  -2.4112557350620238E-026
  -2.8715002719582318E-026
  -3.4187069028356461E-026
  -4.0691367792505588E-026
  -4.8420594095530502E-026
  -5.7603031280067861E-026
  -6.8509051553964521E-026
  -8.1458790604485787E-026
  -9.6831205780392534E-026
  -1.1507476435911724E-025
  -1.3672005181072939E-025
  -1.6239464090855722E-025
  -1.9284062231279749E-025
  -2.2893526738190981E-025
  -2.7171537621651208E-025
  -3.2240596037990167E-025
  -3.8245402278401033E-025
  -4.5356832970146185E-025
  -5.3776622505790040E-025
  -6.3742871892008063E-025
  -7.5536529491169874E-025
  -8.9489013039687368E-025
  -1.0599117147756070E-024
  -1.2550381922566829E-024
  -1.4857011543081126E-024
  -1.7583010733034941E-024
  -2.0803781139470430E-024
  -2.4608126959885921E-024
  -2.9100609258026930E-024
  -3.4404308833776553E-024
  -4.0664067658206563E-024
  -4.8050290726900976E-024
  -5.6763404002883734E-024
  -6.7039080240075377E-024
  -7.9154363277086410E-024
  -9.3434843308432985E-024
  -1.1026306118592422E-023
  -1.3008834956923115E-023
  -1.5343835341891066E-023
  -1.8093251270515367E-023
  -2.1329783721677940E-023
  -2.5138735807078820E-023
  -2.9620170418766777E-023
  -3.4891432605412717E-023
  -4.1090097521447011E-023
  -4.8377414805082535E-023
  -5.6942331877320450E-023
  -6.7006192173921702E-023
  -7.8828220026460508E-023
  -9.2711922144663638E-023
  -1.0901255682238756E-022
  -1.2814584655885070E-022
  -1.5059813829268049E-022
  -1.7693824851025239E-022
  -2.0783126882945432E-022
  -2.4405465210443384E-022
  -2.8651695060336003E-022
  -3.3627963748465606E-022
  -3.9458251191267402E-022
  -4.6287326818232304E-022
  -5.4284190186009071E-022
  -6.3646073315228410E-022
  -7.4603095173414218E-022
  -8.7423673071368145E-022
  -1.0242081232533462E-021
  -1.1995941470767884E-021
  -1.4046476836135719E-021
  -1.6443240744465570E-021
  -1.9243955932771754E-021
  -2.2515843128536815E-021
  -2.6337162801630587E-021
  -3.0799003676521764E-021
  -3.6007356924944027E-021
  -4.2085521004937243E-021
  -4.9176889082244645E-021
  -5.7448179003407442E-021
  -6.7093175046042280E-021
  -7.8337061333788397E-021
  -9.1441439081178096E-021
  -1.0671013396798245E-020
  -1.2449591620944435E-020
  -1.4520827460444244E-020
  -1.6932240737049971E-020
  -1.9738961732764745E-020
  -2.3004932744767732E-020
  -2.6804296548525828E-020
  -3.1223000397517095E-020
  -3.6360648502750246E-020
  -4.2332640889446369E-020
  -4.9272642214921934E-020
  -5.7335430657300472E-020
  -6.6700184470717650E-020
  -7.7574272388028314E-020
  -9.0197623895237799E-020
  -1.0484776668388265E-019
  -1.2184563151499638E-019
  -1.4156223953659442E-019
  -1.6442640405462002E-019
  -1.9093359817125056E-019
  -2.2165616192357875E-019
  -2.5725504797775526E-019
  -2.9849333401189246E-019
  -3.4625176317129593E-019
  -4.0154661198947362E-019
  -4.6555022860601750E-019
  -5.3961463373876238E-019
  -6.2529863354699644E-019
  -7.2439895823860066E-019
  -8.3898601414430860E-019
  -9.7144492127669762E-019
  -1.1245226045526231E-018
  -1.3013818165232771E-018
  -1.5056630944859709E-018
  -1.7415557973550483E-018
  -2.0138795300413876E-018
  -2.3281774480443572E-018
  -2.6908231455758425E-018
  -3.1091430703014039E-018
  -3.5915566806522695E-018
  -4.1477368721105152E-018
  -4.7887935519699750E-018
  -5.5274836435647172E-018
  -6.3784512573331839E-018
  -7.3585022846934130E-018
  -8.4869182598575641E-018
  -9.7858150038012013E-018
  -1.1280552324249176E-017
  -1.3000201907738155E-017
  -1.4978081518115304E-017
  -1.7252364725541720E-017
  -1.9866776648448960E-017
  -2.2871387617443524E-017
  -2.6323518286854129E-017
  -3.0288771551251251E-017
  -3.4842208698812578E-017
  -4.0069689582324119E-017
  -4.6069399247433315E-017
  -5.2953586466423315E-017
  -6.0850543029311043E-017
  -6.9906856493096705E-017
  -8.0289973441537290E-017
  -9.2191115225964260E-017
  -1.0582859371453140E-016
  -1.2145158085385791E-016
  -1.3934439293445162E-016
  -1.5983135845178640E-016
  -1.8328234748338717E-016
  -2.1011905068773557E-016
  -2.4082210751794575E-016
  -2.7593919619441799E-016
  -3.1609421257815103E-016
  -3.6199768153435821E-016
  -4.1445856290324055E-016
  -4.7439763505786868E-016
  -5.4286266251518205E-016
  -6.2104558049695793E-016
  -7.1030195907301484E-016
  -8.1217304296221854E-016
  -9.2841070066817890E-016
  -1.0610056588904122E-015
  -1.2122194456410275E-015
  -1.3846205188419241E-015
  -1.5811251170806477E-015
  -1.8050434364508170E-015
  -2.0601318128715664E-015
  -2.3506516739490370E-015
  -2.6814361194031569E-015
  -3.0579650955526333E-015
  -3.4864502486885365E-015
  -3.9739306758841602E-015
  -4.5283809415735009E-015
  -5.1588328959600600E-015
  -5.8755130190817463E-015
  -6.6899972244860610E-015
  -7.6153852915501852E-015
  -8.6664973583928257E-015
  -9.8600952012761106E-015
  -1.1215131354938447E-014
  -1.2753029495398325E-014
  -1.4497999916810792E-014
  -1.6477394391826497E-014
  -1.8722105216012041E-014
  -2.1267013807251779E-014
  -2.4151494867327980E-014
  -2.7419982822466993E-014
  -3.1122608050730788E-014
  -3.5315911285816927E-014
  -4.0063645569153742E-014
  -4.5437676216285291E-014
  -5.1518990481770983E-014
  -5.8398829962804494E-014
  -6.6179960290596121E-014
  -7.4978094336948786E-014
  -8.4923487029822429E-014
  -9.6162721946470278E-014
  -1.0886071215835649E-013
  -1.2320294036354787E-013
  -1.3939796618691113E-013
  -1.5768023168666154E-013
  -1.7831319961091848E-013
  -2.0159286283687245E-013
  -2.2785166773844539E-013
  -2.5746289901085643E-013
  -2.9084557878139391E-013
  -3.2846993870942543E-013
  -3.7086353028478975E-013
  -4.1861804573819092E-013
  -4.7239692995207328E-013
  -5.3294387258555699E-013
  -6.0109227938937679E-013
  -6.7777583248271811E-013
  -7.6404026129858205E-013
  -8.6105645909393514E-013
  -9.7013509449187190E-013
  -1.0927428836156650E-012
  -1.2305207061408163E-012
  -1.3853037681991388E-012
  -1.5591440367024519E-012
  -1.7543351935128104E-012
  -1.9734403841931310E-012
  -2.2193230650662075E-012
  -2.4951812842566113E-012
  -2.8045857675764182E-012
  -3.1515222188590422E-012
  -3.5404382869885540E-012
  -3.9762956987939564E-012
  -4.4646281085887733E-012
  -5.0116052718858605E-012
  -5.6241042131964120E-012
  -6.3097881263644813E-012
  -7.0771938211786980E-012
  -7.9358286126748786E-012
  -8.8962776402927976E-012
  -9.9703227036280249E-012
  -1.1171073810749929E-011
  -1.2513114754832491E-011
  -1.4012664166137903E-011
  -1.5687753630261422E-011
  -1.7558424621138840E-011
  -1.9646946169884046E-011
  -2.1978055379423995E-011
  -2.4579223101592427E-011
  -2.7480947319450079E-011
  -3.0717077024825226E-011
  -3.4325169651326566E-011
  -3.8346885418369672E-011
  -4.2828422264322213E-011
  -4.7820995399079137E-011
  -5.3381365890816496E-011
  -5.9572423121162202E-011
  -6.6463826400554438E-011
  -7.4132711534448310E-011
  -8.2664468674789357E-011
  -9.2153598383627778E-011
  -1.0270465348102939E-010
  -1.1443327495200655E-010
  -1.2746733095181447E-010
  -1.4194816878089912E-010
  -1.5803199060548863E-010
  -1.7589136468347074E-010
  -1.9571688492412658E-010
  -2.1771899277156338E-010
  -2.4212997666274554E-010
  -2.6920616567999320E-010
  -2.9923033550329691E-010
  -3.3251434637915699E-010
  -3.6940203456991479E-010
  -4.1027238064130375E-010
  -4.5554297999797020E-010
  -5.0567384329908943E-010
  -5.6117155679236808E-010
  -6.2259383520873473E-010
  -6.9055450267715356E-010
  -7.6572894016545125E-010
  -8.4886004124625893E-010
  -9.4076472154558150E-010
  -1.0423410310752922E-009
  -1.1545759228008586E-009
  -1.2785537352747632E-009
  -1.4154654519983628E-009
  -1.5666188053863728E-009
  -1.7334492988257843E-009
  -1.9175322263747163E-009
  -2.1205957761669891E-009
  -2.3445353106085115E-009
  -2.5914289240074408E-009
  -2.8635543864085001E-009
  -3.1634075911427456E-009
  -3.4937226330000295E-009
  -3.8574936540270258E-009
  -4.2579986047962425E-009
  -4.6988250806323866E-009
  -5.1838984047733782E-009
  -5.7175121438429608E-009
  -6.3043612553778609E-009
  -6.9495780825501805E-009
  -7.6587714277187653E-009
  -8.4380689541073542E-009
  -9.2941631838105065E-009
  -1.0234361380553819E-008
  -1.1266639627264434E-008
  -1.2399701431625905E-008
  -1.3643041217493778E-008
  -1.5007013086427491E-008
  -1.6502905261752869E-008
  -1.8143020657617073E-008
  -1.9940764047537094E-008
  -2.1910736341103356E-008
  -2.4068836513890925E-008
  -2.6432371774392014E-008
  -2.9020176593040398E-008
  -3.1852741262292190E-008
  -3.4952350703417710E-008
  -3.8343234285266982E-008
  -4.2051727473001727E-008
  -4.6106446180753879E-008
  -5.0538474761592824E-008
  -5.5381568631206087E-008
  -6.0672372588523496E-008
  -6.6450655967338661E-008
  -7.2759565827979783E-008
  -7.9645899477499764E-008
  -8.7160397690863476E-008
  -9.5358060094460444E-008
  -1.0429848426717475E-007
  -1.1404623021345188E-007
  -1.2467121196750492E-007
  -1.3624911819833951E-007
  -1.4886186380178556E-007
  -1.6259807458857475E-007
  -1.7755360730685506E-007
  -1.9383210737376295E-007
  -2.1154560683394876E-007
  -2.3081516521364586E-007
  -2.5177155609719721E-007
  -2.7455600241923270E-007
  -2.9932096364017899E-007
  -3.2623097815588824E-007
  -3.5546356448389546E-007
  -3.8721018496989530E-007
  -4.2167727596826477E-007
  -4.5908734867057929E-007
  -4.9968016498596488E-007
  -5.4371399311748497E-007
  -5.9146694772944712E-007
  -6.4323841986208649E-007
  -6.9935060202274462E-007
  -7.6015011416648129E-007
  -8.2600973657460351E-007
  -8.9733025594672081E-007
  -9.7454243134104725E-007
  -1.0581090869291094E-006
  -1.1485273388744721E-006
  -1.2463309640012268E-006
  -1.3520929182865424E-006
  -1.4664280135929569E-006
  -1.5899957614498395E-006
  -1.7235033931003851E-006
  -1.8677090654495084E-006
  -2.0234252629804871E-006
  -2.1915224061521778E-006
  -2.3729326772458721E-006
  -2.5686540750998538E-006
  -2.7797547106501968E-006
  -3.0073773556896071E-006
  -3.2527442577587689E-006
  -3.5171622345995697E-006
  -3.8020280621237250E-006
  -4.1088341703842510E-006
  -4.4391746625802256E-006
  -4.7947516726754616E-006
  -5.1773820777702865E-006
  -5.5890045819289128E-006
  -6.0316871887344876E-006
  -6.5076350804161697E-006
  -7.0191989219686460E-006
  -7.5688836092597594E-006
  -8.1593574806993656E-006
  -8.7934620126141341E-006
  -9.4742220190448277E-006
  -1.0204856377243835E-005
  -1.0988789300708225E-005
  -1.1829662182126106E-005
  -1.2731346029148271E-005
  -1.3697954516411310E-005
  -1.4733857677738656E-005
  -1.5843696262920207E-005
  -1.7032396783926108E-005
  -1.8305187275832498E-005
  -1.9667613798133258E-005
  -2.1125557702466143E-005
  -2.2685253693107578E-005
  -2.4353308706860197E-005
  -2.6136721639193021E-005
  -2.8042903943668761E-005
  -3.0079701131817543E-005
  -3.2255415200674503E-005
  -3.4578828015194489E-005
  -3.7059225672684755E-005
  -3.9706423876236833E-005
  -4.2530794343904145E-005
  -4.5543292280059145E-005
  -4.8755484934923953E-005
  -5.2179581277777054E-005
  -5.5828462808689513E-005
  -5.9715715532921224E-005
  -6.3855663121248184E-005
  -6.8263401278501550E-005
  -7.2954833341483052E-005
  -7.7946707126176152E-005
  -8.3256653042745020E-005
  -8.8903223495282176E-005
  -9.4905933581511577E-005
  -1.0128530310579920E-004
  -1.0806289991672444E-004
  -1.1526138457824515E-004
  -1.2290455638102647E-004
  -1.3101740069788252E-004
  -1.3962613768442499E-004
  -1.4875827232298082E-004
  -1.5844264580453692E-004
  -1.6870948824001153E-004
  -1.7959047268838725E-004
  -1.9111877048531229E-004
  -2.0332910785153784E-004
  -2.1625782375613259E-004
  -2.2994292900469038E-004
  -2.4442416651777665E-004
  -2.5974307275965409E-004
  -2.7594304027181850E-004
  -2.9306938126012554E-004
  -3.1116939217823750E-004
  -3.3029241924385170E-004
  -3.5048992481757972E-004
  -3.7181555456747522E-004
  -3.9432520533514077E-004
  -4.1807709361191937E-004
  -4.4313182452600692E-004
  -4.6955246123345744E-004
  -4.9740459459781707E-004
  -5.2675641303471274E-004
  -5.5767877238906756E-004
  -5.9024526570365925E-004
  -6.2453229272863540E-004
  -6.6061912901219230E-004
  -6.9858799440316601E-004
  -7.3852412078639733E-004
  -7.8051581886192235E-004
  -8.2465454376890064E-004
  -8.7103495934501426E-004
  -9.1975500080167813E-004
  -9.7091593558509034E-004
  -1.0246224221824936E-003
  -1.0809825666225909E-003
  -1.1401079764084992E-003
  -1.2021138116109404E-003
  -1.2671188328390720E-003
  -1.3352454457957494E-003
  -1.4066197421137372E-003
  -1.4813715361592906E-003
  -1.5596343974795344E-003
  -1.6415456785599930E-003
  -1.7272465375497864E-003
  -1.8168819556021009E-003
  -1.9106007484692993E-003
  -2.0085555719832099E-003
  -2.1109029210435531E-003
  -2.2178031217295357E-003
  -2.3294203161432908E-003
  -2.4459224395872023E-003
  -2.5674811896714898E-003
  -2.6942719869439730E-003
  -2.8264739266291279E-003
  -2.9642697210610111E-003
  -3.1078456323917454E-003
  -3.2573913951559337E-003
  -3.4131001282710744E-003
  -3.5751682360546538E-003
  -3.7437952978403386E-003
  -3.9191839457789219E-003
  -4.1015397304130907E-003
  -4.2910709736222984E-003
  -4.4879886085391662E-003
  -4.6925060060482244E-003
  -4.9048387874872654E-003
  -5.1252046231838782E-003
  -5.3538230164706492E-003
  -5.5909150728398662E-003
  -5.8367032539124054E-003
  -6.0914111159155746E-003
  -6.3552630323827977E-003
  -6.6284839008109728E-003
  -6.9112988330345022E-003
  -7.2039328290997365E-003
  -7.5066104344521430E-003
  -7.8195553802767985E-003
  -8.1429902068644606E-003
  -8.4771358699084927E-003
  -8.8222113296730909E-003
  -9.1784331230112069E-003
  -9.5460149182478322E-003
  -9.9251670529880622E-003
  -1.0316096054949786E-002
  -1.0719004145967548E-002
  -1.1134088729360683E-002
  -1.1561541860906861E-002
  -1.2001549703713768E-002
  -1.2454291967332141E-002
  -1.2919941331510702E-002
  -1.3398662855044784E-002
  -1.3890613370230802E-002
  -1.4395940863497061E-002
  -1.4914783842837934E-002
  -1.5447270692745202E-002
  -1.5993519017386475E-002
  -1.6553634972850055E-002
  -1.7127712589333741E-002
  -1.7715833084223795E-002
  -1.8318064167075189E-002
  -1.8934459337568880E-002
  -1.9565057177588378E-002
  -2.0209880638623782E-002
  -2.0868936325777465E-002
  -2.1542213779713316E-002
  -2.2229684757950979E-002
  -2.2931302516977742E-002
  -2.3647001096707899E-002
  -2.4376694608886099E-002
  -2.5120276531088538E-002
  -2.5877619008039005E-002
  -2.6648572162006719E-002
  -2.7432963414117714E-002
  -2.8230596818454631E-002
  -2.9041252410875719E-002
  -2.9864685574528614E-002
  -3.0700626424077917E-002
  -3.1548779210706868E-002
  -3.2408821749989908E-002
  -3.3280404874763921E-002
  -3.4163151915157210E-002
  -3.5056658207955761E-002
  -3.5960490637509841E-002
  -3.6874187210393330E-002
  -3.7797256666042327E-002
  -3.8729178125594788E-002
  -3.9669400781164307E-002
  -4.0617343627757339E-002
  -4.1572395240040409E-002
  -4.2533913596141018E-002
  -4.3501225950631779E-002
  -4.4473628758825746E-002
  -4.5450387654456845E-002
  -4.6430737482785159E-002
  -4.7413882391099567E-002
  -4.8398995978540985E-002
  -4.9385221507084694E-002
  -5.0371672175459951E-002
  -5.1357431457691421E-002
  -5.2341553507855375E-002
  -5.3323063632546880E-002
  -5.4300958832452749E-002
  -5.5274208414297830E-002
  -5.6241754674325253E-002
  -5.7202513654330794E-002
  -5.8155375971150641E-002
  -5.9099207720337402E-002
  -6.0032851454636445E-002
  -6.0955127237690282E-002
  -6.1864833773260304E-002
  -6.2760749610073677E-002
  -6.3641634422225452E-002
  -6.4506230364900149E-002
  -6.5353263504980372E-002
  -6.6181445325911054E-002
  -6.6989474306024019E-002
  -6.7776037569290778E-002
  -6.8539812607297163E-002
  -6.9279469071008931E-002
  -6.9993670630707730E-002
  -7.0681076902244247E-002
  -7.1340345437566691E-002
  -7.1970133777242276E-002
  -7.2569101562508453E-002
  -7.3135912704145239E-002
  -7.3669237605264878E-002
  -7.4167755434904337E-002
  -7.4630156449085175E-002
  -7.5055144355815631E-002
  -7.5441438720280959E-002
  -7.5787777406297774E-002
  -7.6092919049894084E-002
  -7.6355645560685539E-002
  -7.6574764646562252E-002
  -7.6749112356977650E-002
  -7.6877555640014056E-002
  -7.6958994908192413E-002
  -7.6992366607880239E-002
  -7.6976645786980089E-002
  -7.6910848655467448E-002
  -7.6794035133213229E-002
  -7.6625311379432431E-002
  -7.6403832297975260E-002
  -7.6128804012631099E-002
  -7.5799486306496369E-002
  -7.5415195019452957E-002
  -7.4975304397704015E-002
  -7.4479249389330385E-002
  -7.3926527879787721E-002
  -7.3316702861290092E-002
  -7.2649404530012396E-002
  -7.1924332305110500E-002
  -7.1141256763577548E-002
  -7.0300021485054875E-002
  -6.9400544800759828E-002
  -6.8442821440835244E-002
  -6.7426924074509204E-002
  -6.6353004737607094E-002
  -6.5221296142105672E-002
  -6.4032112862580051E-002
  -6.2785852394603658E-002
  -6.1482996080329165E-002
  -6.0124109896734723E-002
  -5.8709845102214706E-002
  -5.7240938737490671E-002
  -5.5718213977043789E-002
  -5.4142580327576330E-002
  -5.2515033670306417E-002
  -5.0836656144178434E-002
  -4.9108615867445693E-002
  -4.7332166495370663E-002
  -4.5508646612154195E-002
  -4.3639478955580902E-002
  -4.1726169473192666E-002
  -3.9770306209226593E-002
  -3.7773558021904394E-002
  -3.5737673131078299E-002
  -3.3664477496613256E-002
  -3.1555873028318332E-002
  -2.9413835628622941E-002
  -2.7240413069632017E-002
  -2.5037722706574082E-002
  -2.2807949030109201E-002
  -2.0553341060351647E-002
  -1.8276209585889030E-002
  -1.5978924251480914E-002
  -1.3663910498536314E-002
  -1.1333646362856600E-002
  -8.9906591345496889E-003
  -6.6375218853783804E-003
  -4.2768498692088716E-003
  -1.9112968015812342E-003
   4.5644897521084917E-004
   2.8236684348155764E-003
   5.1876159102119167E-003
   7.5455232304368200E-003
   9.8946039429608085E-003
   1.2232057613750945E-002
   1.4555074196790639E-002
   1.6860838464579773E-002
   1.9146534490902464E-002
   2.1409350176955191E-002
   2.3646481811723904E-002
   2.5855138657336865E-002
   2.8032547550000196E-002
   3.0175957506962288E-002
   3.2282644329894812E-002
   3.4349915194986258E-002
   3.6375113220003114E-002
   3.8355621998548424E-002
   4.0288870091761193E-002
   4.2172335467710757E-002
   4.4003549878811339E-002
   4.5780103167656926E-002
   4.7499647491773059E-002
   4.9159901457928409E-002
   5.0758654156793301E-002
   5.2293769088913686E-002
   5.3763187973184919E-002
   5.5164934429225009E-002
   5.6497117525307589E-002
   5.7757935183789549E-002
   5.8945677436272471E-002
   6.0058729521040265E-002
   6.1095574815669962E-002
   6.2054797598074696E-002
   6.2935085629598458E-002
   6.3735232554205296E-002
   6.4454140108192309E-002
   6.5090820135299390E-002
   6.5644396402544922E-002
   6.6114106212540547E-002
   6.6499301808530531E-002
   6.6799451568885782E-002
   6.7014140988243015E-002
   6.7143073443014054E-002
   6.7186070739453624E-002
   6.7143073443025850E-002
   6.7014140988267940E-002
   6.6799451568923252E-002
   6.6499301808581129E-002
   6.6114106212603135E-002
   6.5644396402620001E-002
   6.5090820135388680E-002
   6.4454140108297281E-002
   6.3735232554328128E-002
   6.2935085629737625E-002
   6.2054797598230203E-002
   6.1095574815842595E-002
   6.0058729521227684E-002
   5.8945677436475497E-002
   5.7757935184006494E-002
   5.6497117525537592E-002
   5.5164934429467370E-002
   5.3763187973438292E-002
   5.2293769089178162E-002
   5.0758654157068088E-002
   4.9159901458213397E-002
   4.7499647492066886E-002
   4.5780103167958205E-002
   4.4003549879119058E-002
   4.2172335468023993E-002
   4.0288870092080507E-002
   3.8355621998873456E-002
   3.6375113220333134E-002
   3.4349915195321754E-002
   3.2282644330234637E-002
   3.0175957507306322E-002
   2.8032547550347685E-002
   2.5855138657687765E-002
   2.3646481812077600E-002
   2.1409350177312624E-002
   1.9146534491262485E-002
   1.6860838464942424E-002
   1.4555074197155838E-002
   1.2232057614116328E-002
   9.8946039433257804E-003
   7.5455232308006201E-003
   5.1876159105735033E-003
   2.8236684351742019E-003
   4.5644897556666275E-004
  -1.9112968012283673E-003
  -4.2768498688581730E-003
  -6.6375218850309396E-003
  -8.9906591342054018E-003
  -1.1333646362515630E-002
  -1.3663910498198831E-002
  -1.5978924251147501E-002
  -1.8276209585559571E-002
  -2.0553341060027607E-002
  -2.2807949029791951E-002
  -2.5037722706263581E-002
  -2.7240413069327851E-002
  -2.9413835628324642E-002
  -3.1555873028025115E-002
  -3.3664477496326541E-002
  -3.5737673130797086E-002
  -3.7773558021628281E-002
  -3.9770306208954061E-002
  -4.1726169472924741E-002
  -4.3639478955318098E-002
  -4.5508646611897234E-002
  -4.7332166495118538E-002
  -4.9108615867199626E-002
  -5.0836656143936530E-002
  -5.2515033670069516E-002
  -5.4142580327346118E-002
  -5.5718213976818289E-002
  -5.7240938737272172E-002
  -5.8709845102002202E-002
  -6.0124109896527951E-002
  -6.1482996080128999E-002
  -6.2785852394408925E-002
  -6.4032112862393520E-002
  -6.5221296141926566E-002
  -6.6353004737435745E-002
  -6.7426924074344155E-002
  -6.8442821440674803E-002
  -6.9400544800604827E-002
  -7.0300021484904787E-002
  -7.1141256763432317E-002
  -7.1924332304968586E-002
  -7.2649404529875908E-002
  -7.3316702861157754E-002
  -7.3926527879661003E-002
  -7.4479249389209343E-002
  -7.4975304397588996E-002
  -7.5415195019344058E-002
  -7.5799486306392910E-002
  -7.6128804012533746E-002
  -7.6403832297884708E-002
  -7.6625311379347999E-002
  -7.6794035133134111E-002
  -7.6910848655393022E-002
  -7.6976645786909853E-002
  -7.6992366607814403E-002
  -7.6958994908131337E-002
  -7.6877555639959308E-002
  -7.6749112356929008E-002
  -7.6574764646518925E-002
  -7.6355645560647986E-002
  -7.6092919049863178E-002
  -7.5787777406272877E-002
  -7.5441438720262169E-002
  -7.5055144355802711E-002
  -7.4630156449078749E-002
  -7.4167755434903851E-002
  -7.3669237605269680E-002
  -7.3135912704154801E-002
  -7.2569101562522803E-002
  -7.1970133777261733E-002
  -7.1340345437590810E-002
  -7.0681076902272461E-002
  -6.9993670630739621E-002
  -6.9279469071044722E-002
  -6.8539812607336964E-002
  -6.7776037569333869E-002
  -6.6989474306070523E-002
  -6.6181445325959487E-002
  -6.5353263505031109E-002
  -6.4506230364951692E-002
  -6.3641634422276383E-002
  -6.2760749610124983E-002
  -6.1864833773311603E-002
  -6.0955127237740755E-002
  -6.0032851454684143E-002
  -5.9099207720383164E-002
  -5.8155375971194426E-002
  -5.7202513654374475E-002
  -5.6241754674367470E-002
  -5.5274208414339228E-002
  -5.4300958832492995E-002
  -5.3323063632587868E-002
  -5.2341553507897869E-002
  -5.1357431457735650E-002
  -5.0371672175506921E-002
  -4.9385221507134015E-002
  -4.8398995978593214E-002
  -4.7413882391154433E-002
  -4.6430737482841454E-002
  -4.5450387654514812E-002
  -4.4473628758884796E-002
  -4.3501225950692758E-002
  -4.2533913596203517E-002
  -4.1572395240104247E-002
  -4.0617343627821816E-002
  -3.9669400781230962E-002
  -3.8729178125663913E-002
  -3.7797256666114047E-002
  -3.6874187210466661E-002
  -3.5960490637583782E-002
  -3.5056658208030639E-002
  -3.4163151915233593E-002
  -3.3280404874842524E-002
  -3.2408821750070371E-002
  -3.1548779210788365E-002
  -3.0700626424160632E-002
  -2.9864685574612238E-002
  -2.9041252410959131E-002
  -2.8230596818537575E-002
  -2.7432963414199821E-002
  -2.6648572162087242E-002
  -2.5877619008117348E-002
  -2.5120276531164224E-002
  -2.4376694608959713E-002
  -2.3647001096780057E-002
  -2.2931302517050060E-002
  -2.2229684758023407E-002
  -2.1542213779786813E-002
  -2.0868936325850539E-002
  -2.0209880638696116E-002
  -1.9565057177660126E-002
  -1.8934459337640722E-002
  -1.8318064167145615E-002
  -1.7715833084292709E-002
  -1.7127712589400743E-002
  -1.6553634972915530E-002
  -1.5993519017449592E-002
  -1.5447270692805670E-002
  -1.4914783842897364E-002
  -1.4395940863556904E-002
  -1.3890613370290211E-002
  -1.3398662855102857E-002
  -1.2919941331566803E-002
  -1.2454291967387772E-002
  -1.2001549703767657E-002
  -1.1561541860960135E-002
  -1.1134088729413665E-002
  -1.0719004146019607E-002
  -1.0316096055000598E-002
  -9.9251670530375643E-003
  -9.5460149182964339E-003
  -9.1784331230585822E-003
  -8.8222113297192536E-003
  -8.4771358699523257E-003
  -8.1429902069065068E-003
  -7.8195553803177380E-003
  -7.5066104344913122E-003
  -7.2039328291374711E-003
  -6.9112988330712498E-003
  -6.6284839008472016E-003
  -6.3552630324184012E-003
  -6.0914111159506151E-003
  -5.8367032539466089E-003
  -5.5909150728729873E-003
  -5.3538230165027668E-003
  -5.1252046232160313E-003
  -4.9048387875181756E-003
  -4.6925060060783886E-003
  -4.4879886085674326E-003
  -4.2910709736498466E-003
  -4.1015397304396710E-003
  -3.9191839458045091E-003
  -3.7437952978648060E-003
  -3.5751682360776150E-003
  -3.4131001282929306E-003
  -3.2573913951771155E-003
  -3.1078456324115035E-003
  -2.9642697210802631E-003
  -2.8264739266473811E-003
  -2.6942719869625510E-003
  -2.5674811896897287E-003
  -2.4459224396054385E-003
  -2.3294203161616425E-003
  -2.2178031217464258E-003
  -2.1109029210603335E-003
  -2.0085555719992882E-003
  -1.9106007484837749E-003
  -1.8168819556152514E-003
  -1.7272465375617106E-003
  -1.6415456785709587E-003
  -1.5596343974886970E-003
  -1.4813715361677623E-003
  -1.4066197421214134E-003
  -1.3352454458027256E-003
  -1.2671188328460821E-003
  -1.2021138116172993E-003
  -1.1401079764149493E-003
  -1.0809825666278933E-003
  -1.0246224221868243E-003
  -9.7091593558829025E-004
  -9.1975500080459832E-004
  -8.7103495934866607E-004
  -8.2465454377190182E-004
  -7.8051581886474084E-004
  -7.3852412078861387E-004
  -6.9858799440590167E-004
  -6.6061912901447389E-004
  -6.2453229273143113E-004
  -5.9024526570612234E-004
  -5.5767877239203329E-004
  -5.2675641303851460E-004
  -4.9740459460143364E-004
  -4.6955246123683701E-004
  -4.4313182452961162E-004
  -4.1807709361560468E-004
  -3.9432520533848466E-004
  -3.7181555456989294E-004
  -3.5048992481964019E-004
  -3.3029241924439900E-004
  -3.1116939217942720E-004
  -2.9306938126159545E-004
  -2.7594304027383669E-004
  -2.5974307276179154E-004
  -2.4442416652071093E-004
  -2.2994292900750356E-004
  -2.1625782375879872E-004
  -2.0332910785371088E-004
  -1.9111877048728614E-004
  -1.7959047269010760E-004
  -1.6870948824151437E-004
  -1.5844264580685711E-004
  -1.4875827232543700E-004
  -1.3962613768696213E-004
  -1.3101740069991767E-004
  -1.2290455638246691E-004
  -1.1526138457967654E-004
  -1.0806289991817153E-004
  -1.0128530310746028E-004
  -9.4905933582819274E-005
  -8.8903223495690392E-005
  -8.3256653043797495E-005
  -7.7946707126762597E-005
  -7.2954833341578110E-005
  -6.8263401278736307E-005
  -6.3855663121952522E-005
  -5.9715715533382816E-005
  -5.5828462809289063E-005
  -5.2179581278361880E-005
  -4.8755484935195173E-005
  -4.5543292280103394E-005
  -4.2530794343572270E-005
  -3.9706423875773784E-005
  -3.7059225672141238E-005
  -3.4578828015412860E-005
  -3.2255415201462691E-005
  -3.0079701132090464E-005
  -2.8042903943358341E-005
  -2.6136721638939789E-005
  -2.4353308706418324E-005
  -2.2685253692566067E-005
  -2.1125557702156793E-005
  -1.9667613798146478E-005
  -1.8305187275989026E-005
  -1.7032396783594813E-005
  -1.5843696262080537E-005
  -1.4733857676661190E-005
  -1.3697954516211478E-005
  -1.2731346029508023E-005
  -1.1829662182491394E-005
  -1.0988789301057214E-005
  -1.0204856377366816E-005
  -9.4742220194602737E-006
  -8.7934620120908557E-006
  -8.1593574803258359E-006
  -7.5688836086015970E-006
  -7.0191989217396345E-006
  -6.5076350801848806E-006
  -6.0316871886819105E-006
  -5.5890045817805050E-006
  -5.1773820773177363E-006
  -4.7947516724926304E-006
  -4.4391746629695228E-006
  -4.1088341706992329E-006
  -3.8020280621627190E-006
  -3.5171622344111667E-006
  -3.2527442582971117E-006
  -3.0073773561520515E-006
  -2.7797547109814315E-006
  -2.5686540756100188E-006
  -2.3729326774786520E-006
  -2.1915224060788908E-006
  -2.0234252632184276E-006
  -1.8677090657662513E-006
  -1.7235033931577048E-006
  -1.5899957614985259E-006
  -1.4664280136430938E-006
  -1.3520929175725225E-006
  -1.2463309630446719E-006
  -1.1485273384531567E-006
  -1.0581090866737321E-006
  -9.7454243021569833E-007
  -8.9733025535339096E-007
  -8.2600973639137757E-007
  -7.6015011420316289E-007
  -6.9935060258223656E-007
  -6.4323842049173457E-007
  -5.9146694745380481E-007
  -5.4371399277936869E-007
  -4.9968016424512212E-007
  -4.5908734815243790E-007
  -4.2167727536547297E-007
  -3.8721018434003658E-007
  -3.5546356426807650E-007
  -3.2623097824115386E-007
  -2.9932096349218491E-007
  -2.7455600207591966E-007
  -2.5177155599073692E-007
  -2.3081516554327074E-007
  -2.1154560839185313E-007
  -1.9383210896644324E-007
  -1.7755360879860824E-007
  -1.6259807560219653E-007
  -1.4886186533248670E-007
  -1.3624911917877017E-007
  -1.2467121231667276E-007
  -1.1404623009016134E-007
  -1.0429848421120939E-007
  -9.5358060233681586E-008
  -8.7160397670386508E-008
  -7.9645899387036235E-008
  -7.2759565367881994E-008
  -6.6450654903837603E-008
  -6.0672371761849343E-008
  -5.5381568169971898E-008
  -5.0538474821030814E-008
  -4.6106446417278201E-008
  -4.2051727611262783E-008
  -3.8343234138091176E-008
  -3.4952350396831687E-008
  -3.1852740813177905E-008
  -2.9020176397913031E-008
  -2.6432371724269257E-008
  -2.4068836381888830E-008
  -2.1910736355843169E-008
  -1.9940764339807490E-008
  -1.8143020941817746E-008
  -1.6502905911470808E-008
  -1.5007013689953659E-008
  -1.3643041117015446E-008
  -1.2399700872663551E-008
  -1.1266638731167287E-008
  -1.0234360572540118E-008
  -9.2941626007314800E-009
  -8.4380688637367738E-009
  -7.6587713773809406E-009
  -6.9495777958349492E-009
  -6.3043605242103090E-009
  -5.7175113126609737E-009
  -5.1838974907407461E-009
  -4.6988244474771089E-009
  -4.2579986865400496E-009
  -3.8574939418762374E-009
  -3.4937230011366176E-009
  -3.1634078455603451E-009
  -2.8635546570021880E-009
  -2.5914292701171530E-009
  -2.3445354084822711E-009
  -2.1205959752203314E-009
  -1.9175320694244697E-009
  -1.7334491706628102E-009
  -1.5666188156483110E-009
  -1.4154653911037530E-009
  -1.2785534250624930E-009
  -1.1545757519943898E-009
  -1.0423410864865367E-009
  -9.4076491839259488E-010
  -8.4886019484212332E-010
  -7.6572915354917211E-010
  -6.9055507322807472E-010
  -6.2259396388141317E-010
  -5.6117144609605749E-010
  -5.0567391832438112E-010
  -4.5554252424214445E-010
  -4.1027229018641119E-010
  -3.6940296905372635E-010
  -3.3251538461160683E-010
  -2.9923121408854012E-010
  -2.6920679480785813E-010
  -2.4213005788555082E-010
  -2.1771881099028837E-010
  -1.9571734309939143E-010
  -1.7589182737424244E-010
  -1.5803201489018622E-010
  -1.4194778312697479E-010
  -1.2746700405774809E-010
  -1.1443279653054080E-010
  -1.0270393757239502E-010
  -9.2153209926019258E-011
  -8.2664211493002808E-011
  -7.4132410911339366E-011
  -6.6463835664341507E-011
  -5.9572819809826893E-011
  -5.3381806822340355E-011
  -4.7821725577364755E-011
  -4.2829011283811368E-011
  -3.8347295714841670E-011
  -3.4325553139037666E-011
  -3.0717217538143099E-011
  -2.7480809074533171E-011
  -2.4578826543720556E-011
  -2.1977814541402060E-011
  -1.9646984589059744E-011
  -1.7558736417283877E-011
  -1.5687741827718759E-011
  -1.4012741685322843E-011
  -1.2513204532599694E-011
  -1.1171284112835807E-011
  -9.9706754245805535E-012
  -8.8966047803615620E-012
  -7.9359442845594931E-012
  -7.0770141470861601E-012
  -6.3094855451820823E-012
  -5.6237102187419257E-012
  -5.0107847764157743E-012
  -4.4637243632219598E-012
  -3.9758706713242061E-012
  -3.5403665491789172E-012
  -3.1516005393348687E-012
  -2.8048327402674376E-012
  -2.4956262144139402E-012
  -2.2191982140021966E-012
  -1.9734885633953979E-012
  -1.7549111458733840E-012
  -1.5595697620066516E-012
  -1.3855289402060709E-012
  -1.2305630631673370E-012
  -1.0929809283046126E-012
  -9.7043885125623269E-013
  -8.6074223079699644E-013
  -7.6408052650758727E-013
  -6.7765382287528747E-013
  -6.0092407012260258E-013
  -5.3264651971956672E-013
  -4.7216499144507277E-013
  -4.1873840476114384E-013
  -3.7083316200334353E-013
  -3.2868590731485084E-013
  -2.9094082912531268E-013
  -2.5814495854871188E-013
  -2.2833582617333185E-013
  -2.0214875141281140E-013
  -1.7856003856912203E-013
  -1.5732379876273021E-013
  -1.3885250827962116E-013
  -1.2240723000353686E-013
  -1.0820786306281449E-013
  -9.6020918823124772E-014
  -8.5337167170452550E-014
  -7.5234518676378711E-014
  -6.5871650785769423E-014
  -5.8890959838703560E-014
  -5.1467242621162770E-014
  -4.5014250586716706E-014
  -3.9303545664085993E-014
  -3.4919341067920820E-014
  -3.0728317013110583E-014
  -2.7129660627814423E-014
  -2.4226971178836617E-014
  -2.1259064040375956E-014
  -1.8569866387695176E-014
  -1.6109571467409548E-014
  -1.3949553150909293E-014
  -1.2218149377971006E-014
  -1.1089795538346038E-014
  -9.8024980553168671E-015
  -8.7289393067761254E-015
  -8.4756181318218575E-015
  -7.5105188200492729E-015
  -6.2343180209940171E-015
  -5.1845168687933898E-015
  -4.5835619679362266E-015
  -4.1754166054891183E-015
  -3.3357202168460158E-015
  -3.1076378484255982E-015
  -2.3219675254337944E-015
  -2.0408699388917325E-015
  -1.8735113845937975E-015
  -1.7357479374887264E-015
  -1.1624193097655754E-015
  -1.3345768466597311E-015
  -9.7150341131720078E-016
  -7.3362333997398264E-016
  -6.2844764556109331E-016
  -9.8082065275287085E-016
  -1.1286271601459445E-015
  -6.5278803994492998E-016
  -3.8034304108027769E-016
  -7.3169501139195458E-016
  -6.5213018591690799E-016
  -5.0513185633707086E-016
  -1.4252307337333525E-016
  -1.2864003495105350E-016
  -2.7728634088044296E-016
  -1.0625830350426234E-016
  -8.6219365308090245E-017
  -3.2358706057600809E-017
  -2.3030350351028296E-017
   2.4771416811943520E-016
  -2.4275449498753080E-016
  -2.4349725703916359E-016
  -3.0387251835278717E-016
  -3.8295630422106315E-016
  -4.2667400280832048E-016
   1.0864195114290185E-017
  -4.2730383783328107E-016
  -1.0933586084388226E-016
   4.0782768529970165E-016
   4.9407903823799122E-016
   4.4166091148254219E-016
  -2.1074821189571228E-016
   2.3621497093036750E-016
   1.2507584365110866E-016
   1.9346164503867016E-018
  -1.7619959578408565E-017
   2.8434456720251894E-016
   1.7983625971421654E-016
  -4.9025320184126608E-016
   2.3284462545778146E-016
  -3.3366237112573010E-016
   2.2339547026703372E-016
   1.9867291996073612E-016
   3.1715464461116897E-016
  -6.4170137682654447E-017
  -1.5113397677587206E-016
  -3.0388961398827555E-016
  -1.7409756412784217E-016
  -2.3697361862937831E-016
  -1.9274116822803055E-016
   4.7509389810594347E-016
   3.3721601663981445E-016
   3.8352119043194074E-016
  -2.6492006084724164E-017
   1.3318811490244753E-016
   8.5464103111143178E-017
  -5.5992476741812764E-017
  -4.0978563881627072E-016
  -2.2548774243641219E-016
  -3.3476194585429052E-017
   1.2981182916352853E-016
  -4.3171105700656702E-017
   1.8696208615785952E-016
   1.0131651324917212E-017
  -3.2334713681495688E-016
  -3.0618065416052988E-016
  -2.9273651450121122E-016
   5.6859827671820433E-017
  -6.9985211610489667E-017
   1.0713891695652982E-016
   4.4394107662273705E-016
   2.1819548566275289E-016
  -1.1065861314480847E-016
   2.6576479907984875E-016
  -9.8367324611592473E-017
  -1.7439098859514469E-016
  -3.4917000612575683E-016
  -3.5892372516594571E-016
  -1.4762428084623593E-017
   2.0875308811461105E-016
   4.1039928597883587E-016
  -1.8508886321396988E-016
  -7.1929117708799689E-017
   2.1698433418740433E-016
   5.1681074276852940E-017
   2.3278469447863177E-016
   2.5291611915177010E-016
   1.8248724428050806E-016
  -1.8788571555704907E-017
  -3.0288085099986552E-016
  -5.6469780059656145E-016
  -3.4153720335513383E-016
  -2.2595283432337831E-016
  -1.9699293670657771E-016
   4.1300570288362426E-016
  -7.2754548603641902E-017
   6.5913948610325631E-018
  -5.7612215389435604E-017
   1.3055651830278288E-016
   3.7876008604419442E-016
   4.2351884397718256E-016
   5.4697502292510094E-016
   4.4200134977147581E-016
  -1.4868508161880300E-016
  -2.5883391181625554E-016
  -3.3204471606328422E-016
  -3.3361853095787608E-016
  -2.6876648633297625E-016
  -6.5881140218834935E-017
   1.2260986872207123E-017
   1.0320132662001276E-016
   9.2189675973481138E-017
   8.7229095716090316E-017
   1.9924297022426118E-017
   2.9024828548752486E-016
   2.6628752823480198E-016
   1.8367806455838675E-017
   1.1647417424134121E-016
   2.0435835132183735E-016
   3.2313759889075172E-016
   5.8217673980465380E-016
  -9.7938089485946673E-017
  -2.2203568699780761E-016
  -6.7939825741694239E-016
  -1.9989500503774477E-016
  -1.8876576418105126E-016
  -1.6300785097548176E-016
   1.8050395475142438E-016
   3.2436705122464051E-016
   3.1379177837885440E-016
   1.2593485548704442E-016
  -3.6685593146981482E-017
  -1.4712351934102033E-016
  -1.7726595406572438E-016
   2.9547115474145107E-016
  -1.5807077410614038E-016
   1.2996080976415899E-016
   1.0831090712997610E-016
   3.2660359129266620E-016
   1.5763001621970486E-016
   5.0225544676143883E-018
   1.5158302882986419E-016
  -2.8913431467794284E-016
   9.3462414732687299E-017
  -2.6538183300372062E-016
  -3.0364029582553553E-016
  -4.9176988607386365E-016
  -9.6692473019335457E-017
  -1.7698120566875885E-016
   1.0659967876226869E-016
  -1.7144751474470219E-016
  -8.5359756468205129E-017
  -1.4613055103180829E-016
  -1.8093601170746011E-017
  -1.8643009705403387E-016
  -3.6002360755020505E-016
  -2.6868762195201118E-016
  -2.7011702186119738E-016
  -1.4303128601912957E-016
   1.2057386776794038E-016
  -1.5835420051837034E-016
  -2.8483335949053841E-016
   3.6514459191710676E-017
   1.1250878968915414E-016
   4.0005735545669078E-017
   4.5169514583008097E-016
   3.3410145875711689E-016
   1.3340524998477710E-016
  -6.9082459387812291E-017
   2.7035764705509719E-016
  -2.2052488928639392E-016
   3.3760438220896822E-017
   1.9063873151159178E-016
   5.4078055936312891E-016
   2.1179926437731989E-016
  -2.0604466024316669E-016
  -1.6108917816649958E-016
  -4.6906016416198807E-016
  -4.8306885926441954E-016
  -2.3137014699163257E-016
   1.0146350463289103E-016
  -1.2910647615619570E-016
  -1.8795734238762288E-016
  -1.4279151084100145E-016
  -8.1011791150346161E-018
  -1.9461577415144044E-016
   9.0379212542807779E-017
   2.4218505811406816E-016
  -1.3353820097104486E-016
  -2.3547078910265865E-016
  -2.8643009021907587E-017
   1.0238884693843120E-016
  -2.0422698456316987E-016
  -3.0982975260127322E-016
  -1.8165346001230396E-016
   1.9680872094662063E-016
   3.4449906336146313E-016
   8.9404469678141181E-017
   8.3663503363212190E-017
   1.7284168806437674E-016
   7.9090128480995262E-019
  -1.9328160883503022E-016
  -2.0512384002209650E-016
  -1.3610043825616844E-016
  -3.2168094688150266E-017
   9.1407977480784886E-017
   1.5124432104522951E-016
   1.1777662230010277E-016
   2.0981008977259796E-017
   3.4902790734641253E-016
   2.1444876491156316E-016
   3.7177218176195626E-016
   9.1134718860087292E-017
   1.4511289056177157E-016
  -1.2264005429613777E-016
  -1.9003138662667563E-016
   9.2933562921833543E-018
  -8.2694780007013271E-018
   2.3130113308549306E-017
  -1.2432647651880441E-016
  -2.2161397376854488E-016
  -6.0990186732964617E-017
   3.6638793250303056E-016
   1.2031392983210358E-017
   1.8886693765239105E-016
   1.7460759434554470E-016
   2.9975910590620789E-016
  -2.1935826847778932E-016
   2.4604830563351801E-016
  -3.0150475292603937E-016
  -3.4276774551456855E-016
  -1.3174188308971103E-016
  -9.2108399376797308E-017
   2.8502379936283843E-016
  -1.7270522334093314E-016
   5.8873276144826584E-017
   2.0244033871015038E-016
  -8.2892030573137295E-017
  -3.1270250941988794E-016
  -2.4245586817599345E-016
   5.1104321933717619E-018
  -2.4088830540113302E-016
   8.8960061896599464E-017
  -7.8146141617073141E-017
  -1.3295155930757114E-016
   1.3267819594799054E-018
   3.1443505907003696E-016
   2.0350219987933954E-017
  -3.2330459863430037E-017
   3.1252642302691000E-016
   8.2890395633021931E-017
  -3.9977896683546624E-018
  -2.2148078002603042E-016
   7.6334692023148416E-017
  -1.5220347808012738E-016
  -5.0042335928168774E-017
   2.6431266748891699E-017
   6.2832402093831459E-017
   1.5608316376011625E-017
  -1.2987611277061335E-016
   2.2672631010184792E-016
   6.0189461697950729E-017
   1.2973172064799210E-017
  -1.2479286574736860E-016
  -4.3970903106347538E-017
   2.4952584035656007E-017
  -1.3369854613336053E-016
  -3.8388220026993917E-016
  -3.0911391519286130E-016
  -3.3711993024664112E-016
  -1.3876359355938000E-017
   1.2797185372297276E-016
   1.0363373481407743E-016
   2.4076412131708940E-016
   9.5917345604217199E-017
   1.8638600476161749E-016
   8.5032117738439229E-018
  -1.4590128854526259E-016
  -3.3782669038826197E-016
   3.8367406658162774E-016
  -3.1635778496536788E-017
   1.8061466130853196E-016
   8.8859095272707816E-017
   1.3367749652938484E-016
  -2.5934797258019928E-016
  -1.6867672002087024E-016
  -1.2629162520432462E-016
  -2.1952009315848788E-016
  -3.0305454630349032E-016
  -3.3192784353331154E-016
   2.4626538238539202E-016
   2.9367906219427059E-016
   8.5060910959257380E-017
  -8.7912488649850269E-018
   5.5671061013706201E-017
   5.0033946915198220E-017
   5.2422799573850151E-017
   1.9495911147817093E-017
  -6.9875726140092669E-019
   3.3631235613899978E-017
  -2.6011353602363596E-017
  -8.2283453748013029E-017
  -2.3287052430720663E-017
   2.5129352670584075E-016
   1.3470898326874977E-016
   4.8714347325776167E-016
   1.1252128571649383E-016
  -1.0824277516444374E-016
  -7.0180460768401371E-017
  -1.3766866168850204E-016
  -1.4275548910788881E-016
  -2.5469707999713748E-016
  -2.3063819103063190E-016
  -1.9546947548540783E-016
  -2.1270315160120727E-016
  -5.7564640679395751E-016
  -2.5895109480403664E-016
  -3.5562835181727335E-016
  -3.1453424450020808E-016
   1.0095858805676753E-016
  -9.6528513249666474E-018
  -1.5369039027500925E-016
   1.5024142046900250E-016
   2.9309073704370442E-016
  -1.2517756573573422E-016
  -1.0454094793119089E-016
  -5.5557121224010482E-017
  -2.8993368168861493E-017
   1.6917878630151249E-016
  -2.6222737747032404E-016
  -1.6095235471900104E-016
   9.5465206380323163E-017
   1.6825211719283870E-016
   3.4615194921272698E-016
  -5.2082206159703712E-017
  -1.8918524409546427E-017
   5.6543630110999868E-017
  -2.8947290304423366E-017
   2.6701960443384633E-017
   4.2978759129779227E-018
   3.6451871415777161E-017
   2.9474588352552568E-017
   2.6889775818789593E-016
   2.0907926743858392E-016
   2.8275352530512752E-016
   2.1723064819293484E-016
  -9.3555241481437188E-017
  -5.9683291702554503E-017
  -1.5848401106280948E-016
  -1.6831784150475815E-016
   5.7140055337589615E-017
  -3.6599716725835756E-016
  -1.2000431527680287E-017
   2.6851563725352278E-017
   1.7444668003064487E-016
   3.5535316554107616E-017
   6.5165247630881946E-017
  -3.0163286166101109E-016
  -3.0002753586570302E-016
   1.2104758298083499E-016
   9.9977953800677335E-017
   4.3351485893729179E-017
  -2.7550102900674445E-016
   9.0066561130661633E-017
  -4.1343181755100918E-017
  -9.7164534652443595E-017
  -1.7775484000816202E-016
  -1.0006327617332806E-016
  -3.0474489386720955E-016
   1.5575822102739727E-016
   2.2710674906024726E-016
   1.7510824201200933E-016
   1.6610504611086533E-016
   4.2757200198509911E-018
   2.0344874297220988E-016
   1.7923213559317303E-016
   4.9948259642361461E-017
   5.4901171576124251E-017
  -1.1328591559420012E-016
  -5.2109355310178398E-017
  -7.0579760567868880E-017
  -1.6053110928222174E-016
   1.1596916548045504E-016
  -1.5704619168615829E-016
  -6.5133756208577530E-017
   2.5178740229938801E-016
   6.8533572042776465E-017
   8.1364875102964359E-019
  -1.0084502525825289E-016
  -4.9118292634112625E-017
  -1.7279146090775832E-016
   2.2541730932615495E-017
   1.6069367896081700E-016
   2.1021217812622702E-016
   1.1662073261935219E-016
   2.3958226032395040E-017
   4.5314408794978537E-016
   1.0373289003727995E-016
   1.9291379486581254E-016
  -1.3856231208550443E-016
   2.7184745862519455E-016
  -5.1626864971688636E-017
  -7.7060671533995415E-017
   5.0512670911080358E-017
   1.3934281970038892E-016
  -6.2564503310335033E-017
  -2.8149963532047327E-017
  -3.0961767083837047E-016
   1.5834414284554010E-016
  -1.9977215280253772E-016
   9.3442819487650058E-017
   1.1271350941907309E-016
   2.2137241913104382E-016
  -1.7578070419724800E-018
   3.1000428667277657E-016
  -1.2217698741811161E-017
   3.1056718556084263E-017
  -7.4993263860882021E-017
   1.5558906622311424E-016
  -3.7356425983013924E-016
   1.3328216326522450E-017
   5.7460983398323648E-017
   1.4700188535420311E-016
   6.4720491719424049E-017
   8.7665584095037846E-017
  -2.1038633141297376E-016
   1.1016212430583959E-017
  -4.9187268920258849E-016
   5.6058062741758439E-017
  -7.4357438457469269E-017
   6.3961710130705410E-017
  -7.8010506624868925E-018
   8.9957059607575791E-017
   2.8784228864463894E-016
  -1.4002502008765953E-017
  -4.5718962784730792E-017
   1.7560444865810778E-016
   9.5755224341763581E-019
  -1.0329716518266375E-016
  -8.7343622410243536E-017
   1.3340751841136941E-016
  -9.7039046873082236E-017
   7.2782020219256656E-017
   1.8781480073762701E-016
   3.7324395494775005E-016
   3.8185496417181518E-017
  -1.6078876655566746E-017
   6.4083389003988564E-017
   1.1209166716746514E-016
  -1.8835848396535764E-016
  -1.6549659742134426E-016
  -1.7164706711524135E-016
   1.0825564850886722E-017
  -6.7698436449159269E-017
   1.6008005122529270E-016
   4.7427567543812839E-016
   9.2111951746067995E-018
   4.3682374860407132E-018
  -1.7677697369384480E-016
   7.0954015957337217E-017
  -4.6275303156152023E-017
  -5.9251727238988617E-017
   2.1553453930232611E-016
  -6.0986479758259750E-017
  -6.2998342085391955E-017
  -2.5924020168697516E-016
  -1.8245859844114246E-016
  -2.5898768264105482E-017
  -3.2714239913286525E-016
  -3.1148000804451534E-017
  -5.2325715038727122E-017
   4.3761013202840592E-018
   2.1366811444801115E-016
  -2.1740767340732702E-016
  -1.9037669988575076E-016
  -2.4279430362192485E-017
  -2.4007418922783816E-016
  -2.0932925607936268E-016
   1.0975984593242751E-016
  -5.1290410185274458E-017
  -5.5899774062150372E-017
  -1.9854734600076448E-016
  -9.8046278547205397E-017
   3.1781302467287086E-017
  -3.1465297148637518E-017
  -2.1311813718057165E-018
   1.0151742862858037E-016
   9.5607986998625013E-017
   1.3773003374767374E-016
  -6.5064551310561700E-017
   3.3094856810849997E-017
   1.0778049980977671E-016
   4.6200865513994158E-017
   4.2271455038551458E-017
  -4.8339298482924118E-017
  -1.0521137044681320E-016
   2.2181816814711609E-016
   1.9701798244473274E-016
   2.5499983890833309E-016
  -1.3557593375973025E-016
   2.8337529908258505E-017
   1.7904667468091701E-016
   9.9661754874448023E-017
   9.9346564499164899E-017
  -3.0328394429177091E-017
   2.1881699053264270E-016
   1.2273439745383923E-016
   1.8076107185812206E-016
   3.5004288662523336E-016
   1.2748673446594336E-016
   1.0453941664172183E-016
   8.2959261421679595E-018
  -2.8188252302821904E-016
   2.3035791836586181E-016
  -5.9446599965611919E-017
  -2.3054357749644584E-017
  -2.5857539098374406E-016
   2.0787262492532796E-016
  -1.0382492974891364E-016
   1.6917407994618638E-016
  -2.0496507918965992E-016
  -9.7705619388013643E-017
  -2.0998731888686362E-016
  -1.7798479850454217E-016
  -1.2238800922962469E-016
  -1.9634437700107277E-017
   1.5748825574685504E-016
  -1.1136357679625228E-016
  -1.2417316340693768E-016
   2.2984808237314321E-016
   1.2111994397422345E-016
   7.8147429677692109E-017
  -1.3944356783541163E-016
   2.3310247162343033E-017
   1.2154737617225855E-016
   1.1725501910297529E-016
  -7.3534408284757514E-017
   1.0810874458685303E-016
  -3.5377938696908678E-018
  -8.6773153566200773E-017
  -1.8630944866407388E-016
   2.0482267726487644E-016
  -6.0187804472587861E-018
  -7.3147640962656327E-017
  -2.0489403387960733E-016
  -3.6485144464034498E-017
   1.0111861495039764E-016
   1.2689728583469251E-016
  -7.6307905870236526E-017
   1.9031345615302224E-017
   2.9665695313493741E-016
   3.5495256020935915E-017
   1.8516396324807856E-016
  -3.3721679118895514E-017
   1.4317701644073223E-016
  -1.5016615796517018E-016
  -1.3612431689943000E-016
  -6.2002538079024159E-017
  -1.1940398157072395E-016
  -1.2381763986366853E-016
   2.8401422292064497E-016
   7.1187778206444918E-017
   1.3303591672485241E-016
   1.7991605397980555E-016
  -2.1155542501065085E-016
  -1.9031738143199655E-016
  -6.7010241909093517E-017
  -2.1278919115384025E-016
   8.8037823178970462E-018
  -1.1347468070147577E-016
   5.6361120562063507E-017
   6.7441887442945571E-017
   7.1137880953641741E-017
   1.8804958232076054E-016
  -5.9609048656345233E-017
   7.9649308027181382E-017
  -1.4226501590306997E-016
   8.4543066120029352E-017
  -1.6368948860607208E-016
  -5.9442217235996598E-017
  -2.0396434255428549E-016
   2.2167622408798802E-016
  -1.3736850032563367E-016
  -1.9973893224047631E-016
  -3.9011598143938134E-017
  -3.2828187708258425E-016
  -1.4018004044655849E-016
  -4.0705333964476016E-017
   3.5738506044126508E-017
  -9.8844149643089756E-017
   1.6378886201910827E-016
  -5.5973477727392437E-017
  -3.1252170682380079E-016
  -1.4353546085111477E-016
  -3.4454804467516616E-017
  -1.8905834986737741E-016
   6.2312979443151840E-017
  -1.0388239598618709E-016
  -3.0515181867308988E-017
  -9.1951033994809947E-017
   1.5950762739143715E-016
   9.3029229499038044E-017
  -5.2986968171563337E-017
  -1.5808013814447515E-016
   3.9343859057698977E-016
  -1.3614646957826710E-017
  -1.0379586838832857E-016
  -6.5577839132337552E-017
   9.0018395584105163E-018
  -2.1053616976747966E-016
   2.8265458022176609E-017
   1.3156850970844027E-016
   1.3947815651612885E-016
  -1.3509414828193910E-016
   2.3314361440096444E-016
  -2.5335252904603948E-016
  -4.5809483465682413E-017
  -1.5283236146187207E-016
  -2.3428182873727396E-017
   1.7846036037798279E-017
  -2.8421318478077228E-017
  -3.3370566725874422E-017
  -2.6459515175035868E-016
  -2.3189546816895623E-016
  -1.2533558238409648E-016
  -2.4213108760574493E-017
  -2.0409883932195464E-016
   6.3553338717762897E-018
   1.1544703071465402E-016
  -7.7792518183661958E-017
  -1.3892405757280613E-017
  -3.0384253882988573E-016
   4.2101652475144300E-017
  -1.1245668880575648E-017
   1.1535942923825882E-016
  -1.3544594013635964E-016
  -4.4085777266002773E-017
   2.9833020692620831E-017
  -1.3944639742287742E-016
   1.7237513364278766E-016
  -2.1437101519527452E-016
   1.9669787913057809E-016
  -2.0301214435389755E-016
   9.5304202461017475E-017
  -4.8942492560709764E-018
   1.4255985625719574E-016
   3.6888083747464090E-017
  -3.5785150967185034E-016
   2.6905766439188158E-016
  -1.3115394118063063E-016
  -1.3932781373189886E-016
  -9.1525116737224528E-017
   1.3516589159317780E-016
  -6.4527098490903840E-017
   3.3535121334305462E-017
  -1.8272787162941680E-016
  -1.7743572247392066E-016
   3.8456313069206523E-017
   1.1750919383436008E-016
  -2.2792285309564819E-017
  -5.1353271666430885E-017
  -6.2874769257978754E-018
  -1.7336312816480208E-016
  -3.1266504377403784E-016
   9.0644162438500352E-018
  -5.4872163248998516E-017
   7.7344020017449758E-017
  -1.2661327215055619E-016
  -1.1140900234228451E-017
   9.2592120922869975E-017
  -2.5656619256798258E-017
  -6.3699777893741181E-017
   9.3181553319415284E-017
   1.1545893687285891E-016
   4.2801787171606670E-017
  -1.3814588239497406E-016
   5.3745366125177868E-017
   3.5108908812590331E-016
  -8.6079192184576366E-017
   1.8774268291584460E-017
   1.1013876588443330E-016
  -1.1616491776757758E-016
   1.8843311422303117E-016
   1.9578663873738684E-016
  -4.1356545913867238E-017
  -1.1166022778580882E-016
   1.7996889474919207E-016
  -8.7099999688556778E-017
  -9.1231467987204442E-018
  -1.6713529515637570E-016
   5.9687793076895834E-017
   2.1326000315950110E-017
   1.8845002628012776E-016
   6.8909997108985569E-017
   6.5145270313503921E-017
   5.8040101934636710E-017
   3.7226005513843669E-017
  -1.3472333641056247E-016
   3.4370345269850739E-016
  -1.3110570896385448E-016
   2.0535381884842218E-016
  -1.4073223586597786E-016
   1.9790088665641000E-016
   9.1501035753773525E-017
  -1.1962181053120461E-016
  -2.4185071643018485E-016
   2.6338490099173646E-017
   3.0750517173383763E-018
   7.0642160933705634E-017
   3.7549543318184372E-017
   4.7096878118893315E-017
  -1.8579376719417218E-016
   2.1236882720591665E-016
   7.9905814222746544E-017
   1.2511205640786211E-017
   1.4090155781213581E-016
   1.3049181587445766E-016
  -4.0975877636191386E-017
