  -1.5741074534314332E-032
   7.4907505984441184E-032
   2.7573193425494268E-032
  -1.2452182373304102E-031
  -1.1152734488732179E-032
   1.2240382546657986E-032
   2.0431143349078096E-032
   2.4397054869450180E-032
   6.6332836183217877E-032
   5.1312587193372584E-032
   5.4053269504916207E-032
  -1.6338012503501832E-032
   4.9944045971983919E-032
   5.2714291237696227E-032
  -6.0833137427729741E-032
  -8.6995486797116243E-032
  -2.7953467280279851E-032
  -2.6751403348014562E-032
  -3.3124669527132720E-032
  -3.1081270655191170E-032
  -1.7313913104248972E-032
  -5.8317522881112614E-032
   2.2564269514731042E-032
   1.0591556223619075E-031
   1.1175474460934957E-032
  -2.0960583255130366E-032
   1.2647723625703548E-032
   4.6730317935650341E-032
  -7.9794258026863689E-032
   7.3882986317940952E-033
   8.7769759645253637E-032
   1.5728880595828464E-031
   1.3085033359761246E-031
  -1.2310101159985649E-032
  -1.1262768438824567E-031
  -2.1465900918668654E-031
  -8.3819101103404418E-032
  -1.7077843289299629E-032
  -1.6400273488383181E-031
  -4.1622680444634952E-032
   5.5296620433806785E-032
   1.0537086605476940E-031
   1.8364734081200495E-031
   7.2385946803090881E-032
  -2.9464989266046878E-032
  -2.2613943480141971E-031
  -1.0059626499068062E-031
  -8.7002593122123308E-032
   5.7513686243694547E-032
   1.3280676992522308E-031
   3.2896929193211106E-033
   1.0847612715273731E-031
  -7.8706932508022888E-033
  -5.1214093961524261E-032
  -2.5120176085267329E-032
   7.3394384643902720E-032
   5.4569499082710855E-032
   6.4095052857262397E-032
  -1.7401833703053877E-031
  -9.5550845291903340E-032
   8.1636684262509070E-032
   1.7332514017956212E-031
   1.0166265505556312E-031
  -5.5082561909930787E-032
  -1.2239576616305850E-031
  -2.5667546701918172E-031
   1.2574925879329063E-031
  -5.5715982357616769E-032
  -5.9759710720749598E-033
   6.4892576230656394E-032
  -1.4618142207271010E-032
   2.6024474897116323E-032
   9.0610212304808896E-032
  -6.5910648583137097E-032
  -6.1065190118845990E-032
  -6.5498002200948180E-032
  -8.6818462532306929E-032
   6.6086843834122517E-032
   8.9102906076717162E-032
  -2.9730114398964600E-032
   1.4429893747789324E-031
  -1.8801688813118664E-032
  -4.7878108375772305E-032
   1.2680604597906808E-031
   1.2162087824117123E-031
   1.8840170079561698E-031
   2.3539365700461090E-032
  -1.9353924543336814E-031
  -2.2826422420865937E-031
  -3.5624836195132082E-032
   1.8467099138546032E-032
  -9.6762677755532265E-032
  -5.5671100002225526E-032
  -2.4127365415987007E-032
  -6.5750432813775692E-034
   1.5139547315609387E-031
   7.9692223647483782E-032
  -6.0711248894850308E-032
  -1.7334855805848872E-033
   1.0051418689065439E-031
  -1.3646340544161070E-032
  -1.2613739157042130E-031
  -1.2966047799046835E-032
   6.6534207335356883E-032
   4.6580243753923167E-032
  -3.1267374048204361E-032
   9.0843877610944037E-032
   6.5699247278916590E-032
   1.2277032115907302E-031
   1.2581795506161741E-031
  -3.3807015080623519E-032
  -4.9870265020426560E-032
   8.5539413874606104E-032
   2.0557414385605308E-033
  -4.1533071014439082E-032
  -1.4981174802497767E-032
  -7.2102831777666626E-032
  -4.4628813358273533E-032
   1.5949221484400059E-032
   1.5789534387179822E-031
   8.4530648629249251E-032
  -4.2760129343305495E-032
  -2.0278355714573272E-031
  -1.0390237515806643E-032
   3.7322170096043344E-033
   1.9233483392074091E-032
   1.0570982374026981E-031
  -8.8480156358045594E-032
   3.1581251268454641E-032
  -3.4876759620405375E-032
  -1.0667054731937392E-031
  -2.3114852069967303E-032
   3.1771842451462634E-032
   2.3198157741662880E-032
   1.5358314395488065E-032
  -3.9938401552950604E-032
  -1.7756971285344334E-032
  -3.4240999938065827E-032
   1.3110762762425544E-032
  -6.9783280135325022E-032
  -5.6378280366640075E-032
  -1.4802038909530742E-031
  -2.8462134384378637E-032
   4.9025773808587675E-032
   6.9324685530421587E-032
   2.1534899559038260E-032
   3.1298482210702745E-032
  -1.0584189118106895E-031
  -1.0574801667216531E-031
   1.8177790003884766E-031
   7.9585781577222989E-032
   4.2224876811396990E-032
  -2.3349995294058377E-032
  -6.9452675213604143E-032
   8.3916180017277826E-033
  -8.3843518593146744E-032
  -2.9936584588944009E-032
   3.7654049982417325E-032
  -8.4698154879164330E-032
  -6.5370933994273053E-032
  -6.1343890934078996E-032
  -6.0821634216193738E-032
  -2.9386283801409408E-032
   8.7567231842718416E-032
   3.3263279181583748E-032
   7.4956875273166988E-032
  -1.0955178386218118E-031
  -3.7182523146673809E-032
  -5.4483539630701782E-032
   5.1389337243281507E-032
   5.1538088531729621E-032
   9.4785978930996831E-032
  -1.9336095285632840E-032
  -8.7964869715092196E-032
  -1.3929083137037382E-031
  -4.0778325707564736E-032
  -2.4414722529523763E-032
   5.2383041644300146E-032
  -2.3121619005237995E-031
  -2.0658066816922112E-031
  -3.7993634961787289E-032
   1.3214131983835203E-031
  -3.2344310990449775E-032
  -4.6899207968109914E-032
  -2.0253704361035144E-032
   9.7379037651935839E-032
   5.1901381123174798E-032
  -4.5446505598846698E-032
  -1.5789199770900954E-031
  -1.9452452094017227E-032
  -2.5899108759558469E-032
   1.2233540313171314E-033
  -4.6244706915492756E-032
  -1.5636622228957246E-031
   4.5852377982167169E-032
  -1.0851539340235822E-031
  -1.4497914603753549E-031
  -1.3711321320803013E-031
   6.5302039082474276E-032
   6.1271327332321801E-032
  -1.6515648111084922E-032
  -1.7322730214468569E-032
  -1.0228566347098980E-031
  -3.3372443840416643E-033
   1.0425323522417391E-033
   5.6457405187684781E-032
   7.7576973741035442E-032
  -4.1655244726574591E-032
  -1.9044186110477491E-032
  -2.4130689123668435E-032
   4.1745386301289729E-032
   5.2005700501261795E-032
  -2.2336367837484588E-032
   2.2389647840361931E-032
  -5.3103359204689799E-032
  -4.7382618150755832E-032
   1.0258557355278779E-032
   7.1447708312160820E-033
  -3.5204377123379985E-033
   1.2673142220424745E-031
   2.4023603573896493E-032
  -8.9165656808344679E-033
  -8.1497319764089501E-032
  -9.9752629350327990E-033
  -4.0023332773550153E-032
  -2.2149685032477596E-032
   2.1797188044498229E-032
  -1.2121893317733684E-032
  -5.6348508633848627E-032
  -1.5941020888349498E-031
  -1.8053951998409237E-031
   9.4341277092762260E-032
   1.0582969390598744E-031
  -1.1143175962381935E-032
  -2.6732061067934683E-032
  -2.4082505086757335E-032
  -9.5659420542251724E-032
   1.3151966478500072E-032
   1.1944811281155908E-031
   7.6732691404160556E-032
   1.3085920197812093E-031
   2.4274458995424421E-031
   8.1793433244078668E-032
  -5.6593598914714234E-032
  -1.3066812092212304E-031
   9.1447204079281500E-032
   6.0226309982448997E-032
   8.0739467320748954E-034
  -2.0858889011869608E-032
  -2.6871665725360782E-032
  -1.3929519141546128E-032
  -2.0141469054863638E-032
  -1.5683555584688775E-031
  -5.6577370480081808E-032
   1.1499654251566559E-031
   2.1481472856784727E-031
  -1.3846173982595073E-031
  -1.9207837578540167E-031
  -5.6400715102785155E-032
   9.4164277361213702E-033
   7.3105588136274146E-032
   3.2306017015520075E-032
  -9.2357870738653942E-032
  -5.6041570821393839E-033
  -2.0540767220289240E-032
   1.7507739172790261E-031
   1.4059664380845024E-031
   2.3457328557307998E-031
   4.8903696052328601E-032
  -1.4190123872826988E-031
  -3.8353101081398263E-032
  -5.9207019537961506E-033
  -7.3561757026234009E-032
  -1.1214627475274121E-031
  -1.3239873982372416E-032
   8.8718795354720268E-032
   2.1334657706381730E-032
  -8.4766943944511790E-032
   1.8850544151548253E-032
  -1.2838399993252140E-031
  -4.2027524990813142E-032
   1.0581942998411953E-031
  -5.3192965572631079E-032
   7.3305919250879357E-032
   8.7023355180993756E-032
  -2.3292524326587847E-034
  -2.2275727661661958E-031
  -1.3265243649688836E-031
  -5.7179001797347700E-032
   6.6710524461663462E-032
  -4.7911931378662875E-032
  -1.0783785787320187E-031
  -6.1239323955645382E-032
   6.8851335731116281E-032
   1.0874728499885831E-031
   1.5252080898730674E-031
   7.7261724481976291E-032
   1.3439863399979629E-031
  -1.3267932189915246E-031
  -1.6953092852349339E-031
  -1.1177043667821052E-032
   7.6368550104423964E-032
   5.0098862554420775E-032
  -1.0042177981103941E-031
  -2.5674667977522544E-031
  -7.3666125326229288E-032
  -1.0468755491777761E-031
  -4.0459337476199794E-032
   2.5353265753364699E-032
  -2.7335037510643959E-033
   1.9963059925538758E-032
  -2.4310168025198090E-032
  -5.6768338471921227E-032
   7.7528986188980538E-032
   1.0725102189320648E-031
  -4.7664220546214536E-032
   3.0512303667334020E-032
   2.5348511084771554E-032
   1.0427214785466517E-031
   3.2427909716162458E-032
   1.4791985765595622E-031
   1.5751360712661173E-031
   1.0401894434510017E-031
  -8.4541154500433297E-032
  -7.1343738506219455E-032
   3.6930967958821995E-033
   3.4661673500292012E-032
   4.4093776724634996E-032
  -3.7202537981559192E-032
  -9.6896921090672233E-032
  -9.5351390996361090E-032
  -2.7457550906915414E-032
   1.5790662489553117E-032
   8.6099105599311036E-035
  -1.6901584475413146E-031
  -1.2907313196868736E-031
   1.0887636595995227E-031
   1.5740944800714602E-031
   3.7063928193609043E-032
  -4.1516693052791678E-032
   1.5041613970156937E-031
   1.8791815062573121E-031
   1.1916545352042241E-031
   5.3962765189878971E-032
  -1.0171835924201707E-031
   4.2930834554635577E-032
   6.9818242744366527E-032
   7.1618431616277594E-032
  -1.5410207017734579E-031
  -2.2441592712259953E-032
  -3.1501050327609109E-032
   7.6350242388172319E-032
  -9.9115148418242769E-033
  -6.6427586572031980E-032
   7.0533206704761325E-032
  -1.3003968462910699E-032
  -1.1003992354833006E-032
  -9.3313493236784799E-032
  -3.8983556023033542E-032
   5.7939121683321423E-033
   7.6970313037628606E-032
   4.6038890626687585E-032
  -8.2641077402242391E-032
   3.9314760219989495E-032
  -4.5285060635800500E-033
  -5.2097143838205509E-032
   6.1256554189867727E-032
  -7.8153798404422484E-032
   4.9878623650025978E-032
  -5.0440143255132330E-032
  -6.0154417255371419E-032
  -7.2064981189373734E-032
   9.6199712302393642E-032
  -2.1701621682401171E-032
  -3.8510316474929096E-032
   4.2416627105118896E-032
  -7.9755579045083581E-032
  -4.6167777706457198E-032
  -3.8904724197585435E-032
  -5.7554635475693538E-032
  -1.5434860390388937E-031
  -6.5678477528359202E-032
  -1.4179681058487301E-031
  -4.6700718527367723E-032
  -1.0598377645531839E-031
  -7.8473486119966153E-032
   1.8151489020722625E-032
  -9.8943677964706986E-033
  -6.4915538138740788E-032
  -1.6335600516180470E-031
  -4.9866696395478216E-032
  -7.5972068388079325E-032
  -8.2363485310261056E-032
  -6.5617417548467486E-032
  -1.2801807659861237E-031
  -3.0337081344472322E-032
   4.0254927996752643E-032
   3.7284770449193491E-032
  -1.8893063405049440E-031
   6.7761498361168247E-032
   1.6505946404003636E-031
  -3.0907982349762191E-033
  -1.3333854417347364E-031
  -2.9268423225837930E-031
  -7.0417261298042686E-032
   8.8331196804403917E-032
   1.8054895627164374E-032
   1.0543025679877033E-032
  -3.7048790741048580E-032
   1.4633877740532469E-031
  -3.9983323190262511E-032
  -1.4363709957980169E-031
  -2.1386740056535018E-032
   8.9651103553309816E-032
   1.5105021453442190E-031
  -7.6124767498849084E-032
   2.4732200034976975E-032
  -2.0661130975781583E-032
  -3.6953208015891346E-032
   2.4271661598290055E-032
  -1.0143934709106184E-033
  -3.3319865643458335E-032
  -1.0192477991581618E-031
   3.3259884286970661E-032
   6.3076437914911745E-032
   6.7125369892654561E-032
   1.6625053034955255E-031
   9.4603134287998586E-032
   2.0446445889476912E-032
   7.4239778291561038E-032
   9.0122138953534275E-032
  -3.6879088844730068E-032
  -8.7478258265563233E-032
  -5.2698966666049323E-033
   1.1242885488906994E-031
   7.4162335532251889E-032
  -1.4703945622402532E-031
  -4.6620933717439692E-032
  -1.0366095198391801E-031
   2.0599566423075232E-031
   2.7141363865023081E-031
  -5.3604220858865509E-033
  -8.0707401420802884E-032
  -1.2590626641117447E-031
  -3.8446556184329848E-032
   8.5097704630683320E-032
   1.1574965246021373E-031
   4.4143536626405412E-032
  -1.0410755655316304E-031
  -2.6371055117215427E-032
  -5.8229150322802812E-032
  -3.0366123822533413E-032
   8.5532046843741630E-033
   1.3601859821418070E-031
  -9.1726374955540693E-034
  -4.8300224767932398E-033
  -1.1925769108337623E-031
   9.7440884150054737E-032
   2.2374550052345757E-032
   4.4648837268742147E-032
  -2.4837327114534482E-032
   1.1831758537380074E-031
   9.3888272335396157E-032
   7.8903898224260120E-032
   4.1251246907044920E-032
  -7.1868543690909276E-032
  -2.2579802151064275E-031
   4.4500416751943096E-032
  -2.6261950855779403E-032
   8.5596707468426188E-032
  -1.0385214801514730E-031
  -3.9531492520024185E-032
   1.2905209082523671E-031
   4.0681351632481521E-032
  -6.3976598617689970E-032
  -5.1520934656081225E-033
  -3.5482597658342499E-032
   2.0630801499753289E-032
   2.6618980077126336E-032
   1.6918290028197951E-031
   6.2541801519828680E-032
   1.7391802349957378E-031
   8.2229289370230506E-032
  -7.0352322083058645E-032
  -7.6517001669402948E-032
   6.6254280377405334E-032
   5.1014286535654561E-032
   2.2723134455495119E-032
   2.8155776553237190E-032
   4.8948306732686181E-032
   6.7085852214898652E-032
  -1.3998168955267072E-031
  -1.9803552311949849E-031
  -6.0088200204178978E-032
  -3.0557441236726900E-032
  -5.9626272785447443E-032
  -7.6932072389770720E-032
  -1.7731123212227318E-031
   3.2382650246320789E-032
   5.2140480694129781E-032
   2.6253870118159194E-032
  -5.5010327803732321E-032
  -2.6680051503145595E-032
  -8.8577313507668013E-032
   2.9502500199593934E-032
   1.7015956928419019E-031
   1.0051636773937839E-031
   7.6095466869147475E-032
  -1.5116416229629708E-032
   3.1265021318954092E-032
   4.3256161905881728E-032
  -4.9649710143276161E-032
   1.2994849110321397E-031
   1.3758858575315024E-031
  -7.5156219436583093E-033
  -1.4373853691744612E-031
   4.4253450613671322E-032
   6.7560685837496681E-032
   1.3040221529317611E-031
  -1.5750705738881591E-031
   6.8557069213404253E-032
   3.4420656078462057E-032
  -7.6026091915322739E-032
  -2.6822984875815873E-032
   4.9665383119115815E-033
   1.2909490967606222E-031
  -3.7123361218618023E-032
  -1.1577222382387516E-032
   6.9843573296706068E-032
  -5.0961893095758476E-033
   5.2049448646745466E-032
   4.1885201521919801E-032
   2.2249528612041193E-032
  -1.3386636292536609E-031
  -9.7422643199740221E-032
   8.4227081966082514E-033
  -3.4700151837091080E-032
  -1.6414767018946368E-031
   7.8496401516869811E-032
   1.6188894937744245E-032
  -4.8831859847126537E-032
  -3.9817270917070923E-032
   5.0355216435656128E-032
  -4.6330769260031490E-032
  -9.8195420932820646E-032
  -6.4555801830587564E-032
  -2.7259933145404388E-032
   1.2734724612491571E-031
  -6.2197100091528843E-032
   1.5316689083289954E-031
   1.9745610163415904E-031
   9.2250273033658674E-032
  -4.9352164901472362E-032
  -1.0450456306942341E-031
  -4.0270475115641646E-032
   1.2327230662821150E-031
   5.5687262678038387E-032
   3.8831136220238516E-032
   6.1574204558245716E-033
  -1.3508773803393146E-031
   2.6474722318334633E-032
   1.2805837774226955E-031
   2.2496448676401694E-032
   6.8269537266599133E-032
  -4.2173456074805131E-034
   1.9148419773705887E-031
   8.9204897223495015E-032
  -1.0541638118938984E-032
  -1.3131949664479985E-031
  -1.4875338199515949E-031
  -1.0016608730012912E-031
   7.2932723323885849E-033
   3.7810291752444591E-032
  -1.4437082681934758E-032
   2.8228003148324323E-032
  -1.1781052513665122E-031
  -8.9300629124988822E-032
  -7.6597152988669657E-032
  -8.6556379335407492E-033
  -8.1964216311701624E-032
   7.8198989146177739E-032
  -5.5218547563288597E-032
   2.5555193538469108E-032
   1.0132774536052869E-033
  -1.2464875121472193E-032
   2.8921526708562436E-032
   1.0209585895352970E-031
  -1.4198829042617948E-032
  -9.4475999894686782E-032
   2.3748519741981854E-032
   6.3630889487032286E-032
   6.2808789831637916E-033
  -9.6259121213476766E-032
  -1.5447888724224550E-031
   2.7963926324359710E-031
   1.5289598963809669E-031
  -1.5611758581421157E-031
  -1.8663783282060274E-031
  -1.0626091344108168E-032
   3.8627551851962061E-032
   3.8130213189152719E-032
  -8.7333181722353699E-032
  -3.5301526727301798E-032
  -1.0855456539597899E-031
   2.6869448946268305E-032
  -1.1293233523182958E-031
  -1.3471868891099657E-031
   4.3683680961358506E-032
  -9.8076378416260711E-032
   4.5539880466816091E-032
  -1.2410081882297942E-032
   1.3976287066080806E-032
  -6.6946795704153296E-033
   3.2017558678391075E-032
   8.6944205548785430E-032
  -1.5588093076128948E-032
  -8.8278849302515418E-032
   9.8807877815640901E-032
  -1.3815403386701782E-032
   9.3141624172592073E-033
   5.4887789392663567E-032
   8.2862026801168156E-033
   1.5334210791361357E-032
  -4.8410397290765586E-033
  -9.2113460514734317E-033
   2.4308015866253001E-032
   8.4476078149799860E-032
  -1.6363812484670816E-032
   8.2020214098042623E-033
  -6.3975614848616856E-033
  -1.1752288046172189E-031
  -2.0019398430440763E-031
  -8.5746379804445099E-033
   2.1120643489776570E-032
  -1.5600151016195604E-032
  -3.7649640134795281E-033
   7.3024776924939954E-032
   1.4759950862586454E-031
  -9.9137205995275347E-034
   2.0790494913800470E-032
   1.2091493456115070E-031
  -5.2808771846925371E-032
  -2.2673804390578792E-031
  -1.0090949377322514E-031
   2.5944711156571090E-032
  -4.0021424579412443E-032
  -9.6915307201723671E-032
  -2.3924473742507121E-032
   1.3557703083053939E-031
   1.7152372761177903E-031
  -7.2915100130724764E-032
  -3.3609902286170471E-032
   1.1578411160485827E-031
   5.7270089038924565E-032
  -2.9611094738089604E-032
   3.1684124552895273E-032
   9.6092377143021242E-032
   7.8442999856835487E-032
  -7.8454659092242610E-032
  -5.2297372996753929E-032
  -4.8409348661339138E-032
   3.6851106067675991E-032
  -5.5295950567436766E-032
  -2.0074815894709364E-031
  -2.0326499769198677E-031
   3.5674821003231050E-032
  -5.8852476736070157E-032
  -6.2986648987159082E-032
  -1.1113929136165783E-031
   6.8858796374082490E-032
   5.3776947483791100E-032
  -7.7983712325577106E-032
  -7.6111292598429695E-032
   2.0823195776922335E-032
  -8.2577309979205668E-032
  -1.2769782869850725E-031
   3.7214401434369764E-032
   1.5270924324399091E-031
   3.6614817261356525E-032
  -5.0465767496598526E-032
  -4.6383456006338026E-032
   5.9856528383644584E-032
   1.2195589351817472E-031
  -5.0003164825952741E-032
  -6.7871071954949743E-032
  -1.7914338252445823E-032
  -6.9180316948291897E-033
  -3.1614082699762915E-032
  -2.1850645842382698E-032
  -1.6538843693663433E-031
  -1.9402453182987526E-031
  -1.2924592509785829E-031
   2.6406813103558937E-032
   8.2540423587213296E-032
  -3.3863332188778972E-032
  -1.0767871588326646E-031
   4.2694886290869254E-032
   9.7714638645472612E-032
  -1.2870903072077364E-032
  -3.2820706937607753E-032
   1.7717877353803198E-032
   8.4929998705397834E-032
  -8.1574634768127540E-033
  -5.0341972400629782E-032
   9.6507371369901915E-032
   3.6824827253558924E-032
  -8.9733709776495095E-032
  -2.9892038522179230E-032
   9.8631614025776946E-032
  -5.3332269647425160E-032
  -1.3666628904028661E-031
  -7.4558709768972698E-032
   8.1871185240848418E-032
  -2.9453747619168011E-032
  -2.3729004866857511E-032
  -6.3652133125816613E-032
   7.4417525893702836E-033
   1.3345567748254856E-031
  -7.1087399903954437E-032
  -3.7544106186382521E-032
  -1.0253408967649316E-031
   1.3982177400503742E-031
  -8.9997455881405798E-032
  -2.8810838615843750E-031
  -2.1156778319401418E-031
  -2.1650705139763366E-031
  -3.2430103039885003E-031
  -5.4777692118861469E-031
  -5.8391714824530798E-031
  -9.3541516469799951E-031
  -1.3048286696908577E-030
  -2.1533395346136319E-030
  -2.6542786982403750E-030
  -3.5231167390409302E-030
  -5.0617069574365834E-030
  -6.9437204332769900E-030
  -9.2903627108683309E-030
  -1.2543443238098210E-029
  -1.7293938772929721E-029
  -2.3489207987397407E-029
  -3.1977408022024848E-029
  -4.3295258879084243E-029
  -5.8841646254439977E-029
  -7.9942090946606453E-029
  -1.0836476533332219E-028
  -1.4675053370398097E-028
  -1.9888226896966073E-028
  -2.6924119792877961E-028
  -3.6424303282114892E-028
  -4.9234874269618523E-028
  -6.6514611694204678E-028
  -8.9808914333122910E-028
  -1.2113775773440162E-027
  -1.6331863176194735E-027
  -2.2003808356418330E-027
  -2.9625874449553051E-027
  -3.9861136898381394E-027
  -5.3596023365031448E-027
  -7.2016794859338651E-027
  -9.6700743869366284E-027
  -1.2975992900231399E-026
  -1.7400014431548754E-026
  -2.3316879495795135E-026
  -3.1224775850041663E-026
  -4.1786582945445745E-026
  -5.5882867000506864E-026
  -7.4684174277762951E-026
  -9.9743710954537644E-026
  -1.3312198936844004E-025
  -1.7754994345790728E-025
  -2.3664522602238306E-025
  -3.1519650048048230E-025
  -4.1953848161321799E-025
  -5.5804424991355017E-025
  -7.4177419650747919E-025
  -9.8532818525784021E-025
  -1.3079654280494628E-024
  -1.7350724306850434E-024
  -2.3000899973515691E-024
  -3.0470374193732619E-024
  -4.0338193805923647E-024
  -5.3365516767060420E-024
  -7.0552181309814472E-024
  -9.3210652046341950E-024
  -1.2306255071733850E-023
  -1.6236463719744655E-023
  -2.1407307041860887E-023
  -2.8205745065358287E-023
  -3.7137952679657073E-023
  -4.8865582284312287E-023
  -6.4252913626775407E-023
  -8.4428114701344911E-023
  -1.1086278008560522E-022
  -1.4547512437339656E-022
  -1.9076376962528077E-022
  -2.4998107342056865E-022
  -3.2735752145168873E-022
  -4.2839201534606319E-022
  -5.6022714201903222E-022
  -7.3213394529215862E-022
  -9.5613770545682578E-022
  -1.2478251491638278E-021
  -1.6273849452325269E-021
  -2.1209479285423621E-021
  -2.7623121413706502E-021
  -3.5951615692602018E-021
  -4.6759177910950822E-021
  -6.0774024201163070E-021
  -7.8935374333564914E-021
  -1.0245373124827397E-020
  -1.3288813026451291E-020
  -1.7224506297562591E-020
  -2.2310506476386490E-020
  -2.8878458349038554E-020
  -3.7354281102630313E-020
  -4.8284577351571796E-020
  -6.2370328448501239E-020
  -8.0509854820895488E-020
  -1.0385354865685721E-019
  -1.3387355362765965E-019
  -1.7245240827626567E-019
  -2.2199573106003973E-019
  -2.8557536195978371E-019
  -3.6711105828446806E-019
  -4.7160095861990770E-019
  -6.0541368842472056E-019
  -7.7665832042036726E-019
  -9.9565259327624724E-019
  -1.2755150457428772E-018
  -1.6329133049883066E-018
  -2.0890090066377461E-018
  -2.6706501290212950E-018
  -3.4118744034837161E-018
  -4.3558035467130150E-018
  -5.5570281314587911E-018
  -7.0846079369258552E-018
  -9.0258437978281498E-018
  -1.1491015783549758E-017
  -1.4619330817235414E-017
  -1.8586382849745980E-017
  -2.3613503224173357E-017
  -2.9979471340527790E-017
  -3.8035170390590196E-017
  -4.8221914988831583E-017
  -6.1094353380888583E-017
  -7.7349064433263539E-017
  -9.7860238452118463E-017
  -1.2372416288582549E-016
  -1.5631464364310764E-016
  -1.9735199786680903E-016
  -2.4898887626665279E-016
  -3.1391693908222427E-016
  -3.9549935183787989E-016
  -4.9793522481485329E-016
  -6.2646354181164794E-016
  -7.8761586800580176E-016
  -9.8952926501167718E-016
  -1.2423334604086347E-015
  -1.5586295245976748E-015
  -1.9540812278764481E-015
  -2.4481450403627414E-015
  -3.0649705849394842E-015
  -3.8345104864095343E-015
  -4.7938872538625572E-015
  -5.9890754205310264E-015
  -7.4769700477234954E-015
  -9.3279283611034638E-015
  -1.1628890312240611E-014
  -1.4487206948614321E-014
  -1.8035333476189965E-014
  -2.2436577825883685E-014
  -2.7892136607972038E-014
  -3.4649700019331920E-014
  -4.3013967310018590E-014
  -5.3359486916620340E-014
  -6.6146322840222219E-014
  -8.1939154286509967E-014
  -1.0143054257613533E-013
  -1.2546925214718095E-013
  -1.5509469619955047E-013
  -1.9157879823478273E-013
  -2.3647682563364484E-013
  -2.9168906905507612E-013
  -3.5953562200396853E-013
  -4.4284697046412189E-013
  -5.4507364731840930E-013
  -6.7041885729810572E-013
  -8.2399875542302074E-013
  -1.0120359889474781E-012
  -1.2420932176077737E-012
  -1.5233546423611074E-012
  -1.8669651375509339E-012
  -2.2864384411088779E-012
  -2.7981480655877483E-012
  -3.4219172124302454E-012
  -4.1817270767217786E-012
  -5.1065666062458600E-012
  -6.2314511282141620E-012
  -7.5986423979917927E-012
  -9.2591086948196277E-012
  -1.1274270751380642E-011
  -1.3718087745267356E-011
  -1.6679547520131089E-011
  -2.0265636897471664E-011
  -2.4604881682886575E-011
  -2.9851562106990580E-011
  -3.6190728369814823E-011
  -4.3844163140017250E-011
  -5.3077463830868722E-011
  -6.4208447850946021E-011
  -7.7617119521268113E-011
  -9.3757478783672721E-011
  -1.1317150014350390E-010
  -1.3650566658125206E-010
  -1.6453050868279108E-010
  -1.9816367541075196E-010
  -2.3849715141463764E-010
  -2.8682933843661576E-010
  -3.4470283736559792E-010
  -4.1394890528171976E-010
  -4.9673972121920443E-010
  -5.9564977855061864E-010
  -7.1372793449105084E-010
  -8.5458189236301068E-010
  -1.0224771746331947E-009
  -1.2224529696350564E-009
  -1.4604576083289738E-009
  -1.7435068562067451E-009
  -2.0798686971740286E-009
  -2.4792788495659231E-009
  -2.9531918990732078E-009
  -3.5150736701819156E-009
  -4.1807412989893522E-009
  -4.9687584296586118E-009
  -5.9008940496351483E-009
  -7.0026547221881942E-009
  -8.3039013879362981E-009
  -9.8395635110066428E-009
  -1.1650465163963257E-008
  -1.3784279704793771E-008
  -1.6296632028058137E-008
  -1.9252370002818758E-008
  -2.2727029677527753E-008
  -2.6808522175587050E-008
  -3.1599073967582958E-008
  -3.7217456434157426E-008
  -4.3801545378464374E-008
  -5.1511256465243056E-008
  -6.0531908515847855E-008
  -7.1078073241506811E-008
  -8.3397977422707120E-008
  -9.7778531818824180E-008
  -1.1455107030298856E-007
  -1.3409789295316360E-007
  -1.5685971818845273E-007
  -1.8334416162352830E-007
  -2.1413537323419149E-007
  -2.4990497980098796E-007
  -2.9142449654943856E-007
  -3.3957939056580434E-007
  -3.9538499907353608E-007
  -4.6000452815084990E-007
  -5.3476938210300085E-007
  -6.2120210062720807E-007
  -7.2104221028128543E-007
  -8.3627532874909488E-007
  -9.6916589514812407E-007
  -1.1222939373090353E-006
  -1.2985963277322238E-006
  -1.5014130239480468E-006
  -1.7345388364227448E-006
  -2.0022813180996933E-006
  -2.3095254242693548E-006
  -2.6618056498292598E-006
  -3.0653864132121928E-006
  -3.5273515223865244E-006
  -4.0557036283932672E-006
  -4.6594746458705308E-006
  -5.3488481978705133E-006
  -6.1352952238918500E-006
  -7.0317239752613929E-006
  -8.0526457105750344E-006
  -9.2143574955273558E-006
  -1.0535143605736597E-005
  -1.2035497127599554E-005
  -1.3738363450197553E-005
  -1.5669407440088767E-005
  -1.7857306189622829E-005
  -2.0334069327197282E-005
  -2.3135388973497954E-005
  -2.6301021519915029E-005
  -2.9875203492497976E-005
  -3.3907103845336917E-005
  -3.8451315099227189E-005
  -4.3568385802809161E-005
  -4.9325396841730144E-005
  -5.5796584154207061E-005
  -6.3064010425884526E-005
  -7.1218288330020512E-005
  -8.0359357847529448E-005
  -9.0597320141722689E-005
  -1.0205333037092032E-004
  -1.1486055169445658E-004
  -1.2916517255972783E-004
  -1.4512748914532336E-004
  -1.6292305457336700E-004
  -1.8274389618807028E-004
  -2.0479980182227896E-004
  -2.2931967553433834E-004
  -2.5655296278893463E-004
  -2.8677114447244931E-004
  -3.2026929847086519E-004
  -3.5736772679139772E-004
  -3.9841364537327844E-004
  -4.4378293280380039E-004
  -4.9388193312923431E-004
  -5.4914930682288868E-004
  -6.1005792274143155E-004
  -6.7711678256390979E-004
  -7.5087296776415937E-004
  -8.3191359761657286E-004
  -9.2086778507810942E-004
  -1.0184085756291083E-003
  -1.1252548522948517E-003
  -1.2421731881152394E-003
  -1.3699796252881384E-003
  -1.5095413580929887E-003
  -1.6617782945159028E-003
  -1.8276644692605570E-003
  -2.0082292785560448E-003
  -2.2045585048835361E-003
  -2.4177950974591132E-003
  -2.6491396720559031E-003
  -2.8998506915510506E-003
  -3.1712442864744571E-003
  -3.4646936728487897E-003
  -3.7816281227812444E-003
  -4.1235314416373601E-003
  -4.4919399042369773E-003
  -4.8884396014085424E-003
  -5.3146631474688425E-003
  -5.7722856988091957E-003
  -6.2630202338199697E-003
  -6.7886120449267631E-003
  -7.3508323945961447E-003
  -7.9514712888557413E-003
  -8.5923293242142224E-003
  -9.2752085669181149E-003
  -1.0001902427296214E-002
  -1.0774184496572059E-002
  -1.1593796319010592E-002
  -1.2462434078661783E-002
  -1.3381734187295312E-002
  -1.4353257768429373E-002
  -1.5378474041660376E-002
  -1.6458742621813946E-002
  -1.7595294758768750E-002
  -1.8789213556143391E-002
  -2.0041413220365609E-002
  -2.1352617405926741E-002
  -2.2723336737816759E-002
  -2.4153845608172207E-002
  -2.5644158360966736E-002
  -2.7194004996032580E-002
  -2.8802806541706475E-002
  -3.0469650263802047E-002
  -3.2193264897261577E-002
  -3.3971996105573506E-002
  -3.5803782391624704E-002
  -3.7686131701911797E-002
  -3.9616098983687502E-002
  -4.1590264971442192E-002
  -4.3604716494809161E-002
  -4.5655028614297377E-002
  -4.7736248903827008E-002
  -4.9842884209627417E-002
  -5.1968890223284790E-002
  -5.4107664212292822E-002
  -5.6252041254035483E-002
  -5.8394294318390445E-002
  -6.0526138539766128E-002
  -6.2638740011074265E-002
  -6.4722729419617833E-002
  -6.6768220827841118E-002
  -6.8764835880162634E-002
  -7.0701733690443941E-002
  -7.2567646632907101E-002
  -7.4350922222370983E-002
  -7.6039571227483241E-002
  -7.7621322113172186E-002
  -7.9083681855870377E-002
  -8.0414003117359578E-002
  -8.1599557700464009E-002
  -8.2627616142666921E-002
  -8.3485533232309617E-002
  -8.4160839156856931E-002
  -8.4641335914311305E-002
  -8.4915198537818148E-002
  -8.4971080600554874E-002
  -8.4798223383974067E-002
  -8.4386568008117765E-002
  -8.3726869739194951E-002
  -8.2810813607736233E-002
  -8.1631130391641715E-002
  -8.0181711943437872E-002
  -7.8457724771163903E-002
  -7.6455720718922787E-002
  -7.4173743537312320E-002
  -7.1611430087098735E-002
  -6.8770104882781402E-002
  -6.5652866657361489E-002
  -6.2264665616846814E-002
  -5.8612370053887433E-002
  -5.4704821005509163E-002
  -5.0552873671031770E-002
  -4.6169424353800302E-002
  -4.1569421754917506E-002
  -3.6769861529204736E-002
  -3.1789763113500652E-002
  -2.6650127955110313E-002
  -2.1373878403703087E-002
  -1.5985776682829727E-002
  -1.0512323526803246E-002
  -4.9816362542120908E-003
   5.7669375044675430E-004
   6.1317639619472078E-003
   1.1651543636034855E-002
   1.7103076082423431E-002
   2.2452699401396950E-002
   2.7666284548811877E-002
   3.2709489344364150E-002
   3.7548026788577001E-002
   4.2147945808090781E-002
   4.6475922309742471E-002
   5.0499558194949799E-002
   5.4187685770510384E-002
   5.7510674793504343E-002
   6.0440739210042775E-002
   6.2952240493568207E-002
   6.5021984361543453E-002
   6.6629507552854614E-002
   6.7757351285042955E-002
   6.8391317983264602E-002
   6.8520707884002149E-002
   6.8138532168091751E-002
   6.7241699371105440E-002
   6.5831171955757814E-002
   6.3912090111338693E-002
   6.1493860069381408E-002
   5.8590204492327110E-002
   5.5219172801752849E-002
   5.1403109663123003E-002
   4.7168580232685810E-002
   4.2546251195993971E-002
   3.7570727083172814E-002
   3.2280341829122046E-002
   2.6716906052647382E-002
   2.0925411051713846E-002
   1.4953691046784953E-002
   8.8520457442523501E-003
   2.6728258307112483E-003
  -3.5300154607607595E-003
  -9.7014010561740621E-003
  -1.5785634869698285E-002
  -2.1726928145747167E-002
  -2.7469942278829977E-002
  -3.2960342695590873E-002
  -3.8145358054362519E-002
  -4.2974338746148047E-002
  -4.7399308473082387E-002
  -5.1375502541460588E-002
  -5.4861886440894139E-002
  -5.7821648292899631E-002
  -6.0222658844128141E-002
  -6.2037892853349576E-002
  -6.3245805978190572E-002
  -6.3830661607160374E-002
  -6.3782802503394728E-002
  -6.3098862626157506E-002
  -6.1781915070878879E-002
  -5.9841552713343835E-002
  -5.7293898852643466E-002
  -5.4161545913439219E-002
  -5.0473421082861666E-002
  -4.6264578611703376E-002
  -4.1575919393583516E-002
  -3.6453839338565608E-002
  -3.0949808967965894E-002
  -2.5119887562917644E-002
  -1.9024176088389501E-002
  -1.2726213974461545E-002
  -6.2923256554216021E-003
   2.0907646765160298E-004
   6.7082252753198181E-003
   1.3134760400558918E-002
   1.9418509397119418E-002
   2.5490279641312372E-002
   3.1282651668864882E-002
   3.6730764426771347E-002
   4.1773082816692737E-002
   4.6352137925881706E-002
   5.0415230486538537E-002
   5.3915088376091526E-002
   5.6810469368430747E-002
   5.9066700867191492E-002
   6.0656148992498431E-002
   6.1558610146103684E-002
   6.1761619038804345E-002
   6.1260668118970234E-002
   6.0059334380889277E-002
   5.8169310644058468E-002
   5.5610339565625500E-002
   5.2410049863222688E-002
   4.8603695468447401E-002
   4.4233799585840665E-002
   3.9349706881340651E-002
   3.4007048250626316E-002
   2.8267123804240287E-002
   2.2196210835982371E-002
   1.5864804597247047E-002
   9.3468006671114049E-003
   2.7186285713613899E-003
  -3.9416529501903833E-003
  -1.0555288011717442E-002
  -1.7043771490821515E-002
  -2.3329800955892054E-002
  -2.9338220612694529E-002
  -3.4996945255072263E-002
  -4.0237852349118780E-002
  -4.4997630685393669E-002
  -4.9218574497321976E-002
  -5.2849312561019796E-002
  -5.5845462555521003E-002
  -5.8170201863524645E-002
  -5.9794747020146193E-002
  -6.0698735157575914E-002
  -6.0870502032151150E-002
  -6.0307252540742533E-002
  -5.9015121017758368E-002
  -5.7009120033723729E-002
  -5.4312977871771896E-002
  -5.0958866319340636E-002
  -4.6987021858662034E-002
  -4.2445264751101511E-002
  -3.7388421867208456E-002
  -3.1877660397374823E-002
  -2.5979740769172543E-002
  -1.9766198179813180E-002
  -1.3312463110384622E-002
  -6.6969320088953576E-003
  -1.4930131198789945E-014
   6.6969320088655568E-003
   1.3312463110353969E-002
   1.9766198179781241E-002
   2.5979740769141280E-002
   3.1877660397346394E-002
   3.7388421867183670E-002
   4.2445264751081846E-002
   4.6987021858649121E-002
   5.0958866319334786E-002
   5.4312977871771584E-002
   5.7009120033729120E-002
   5.9015121017769449E-002
   6.0307252540759478E-002
   6.0870502032174430E-002
   6.0698735157606494E-002
   5.9794747020184183E-002
   5.8170201863569485E-002
   5.5845462555573704E-002
   5.2849312561079560E-002
   4.9218574497388284E-002
   4.4997630685464862E-002
   4.0237852349195483E-002
   3.4996945255153171E-002
   2.9338220612777736E-002
   2.3329800955978350E-002
   1.7043771490908511E-002
   1.0555288011803698E-002
   3.9416529502746232E-003
  -2.7186285712802252E-003
  -9.3468006670353425E-003
  -1.5864804597177706E-002
  -2.2196210835921274E-002
  -2.8267123804186407E-002
  -3.4007048250580610E-002
  -3.9349706881303598E-002
  -4.4233799585812097E-002
  -4.8603695468429887E-002
  -5.2410049863216582E-002
  -5.5610339565631668E-002
  -5.8169310644076745E-002
  -6.0059334380919024E-002
  -6.1260668119009327E-002
  -6.1761619038854229E-002
  -6.1558610146163470E-002
  -6.0656148992567126E-002
  -5.9066700867269353E-002
  -5.6810469368516990E-002
  -5.3915088376186651E-002
  -5.0415230486641219E-002
  -4.6352137925994331E-002
  -4.1773082816815126E-002
  -3.6730764426900799E-002
  -3.1282651668998497E-002
  -2.5490279641448156E-002
  -1.9418509397257575E-002
  -1.3134760400698995E-002
  -6.7082252754606074E-003
  -2.0907646779024300E-004
   6.2923256552874177E-003
   1.2726213974332297E-002
   1.9024176088265881E-002
   2.5119887562801715E-002
   3.0949808967857637E-002
   3.6453839338467076E-002
   4.1575919393494989E-002
   4.6264578611624328E-002
   5.0473421082793075E-002
   5.4161545913382000E-002
   5.7293898852597891E-002
   5.9841552713310840E-002
   6.1781915070858485E-002
   6.3098862626148333E-002
   6.3782802503397046E-002
   6.3830661607174405E-002
   6.3245805978215261E-002
   6.2037892853385318E-002
   6.0222658844174388E-002
   5.7821648292957259E-002
   5.4861886440963764E-002
   5.1375502541540885E-002
   4.7399308473170830E-002
   4.2974338746243269E-002
   3.8145358054464430E-002
   3.2960342695699099E-002
   2.7469942278943438E-002
   2.1726928145865167E-002
   1.5785634869820764E-002
   9.7014010562994947E-003
   3.5300154608888519E-003
  -2.6728258305799744E-003
  -8.8520457441196229E-003
  -1.4953691046652746E-002
  -2.0925411051583496E-002
  -2.6716906052519789E-002
  -3.2280341828999241E-002
  -3.7570727083056699E-002
  -4.2546251195885565E-002
  -4.7168580232586708E-002
  -5.1403109663034088E-002
  -5.5219172801673932E-002
  -5.8590204492261599E-002
  -6.1493860069327701E-002
  -6.3912090111298323E-002
  -6.5831171955729795E-002
  -6.7241699371089217E-002
  -6.8138532168088531E-002
  -6.8520707884010351E-002
  -6.8391317983284863E-002
  -6.7757351285074721E-002
  -6.6629507552897177E-002
  -6.5021984361595134E-002
  -6.2952240493627881E-002
  -6.0440739210110617E-002
  -5.7510674793581101E-002
  -5.4187685770596059E-002
  -5.0499558195043363E-002
  -4.6475922309845492E-002
  -4.2147945808202351E-002
  -3.7548026788697987E-002
  -3.2709489344493504E-002
  -2.7666284548948844E-002
  -2.2452699401540089E-002
  -1.7103076082571372E-002
  -1.1651543636189074E-002
  -6.1317639621068206E-003
  -5.7669375061112109E-004
   4.9816362540447126E-003
   1.0512323526633350E-002
   1.5985776682657132E-002
   2.1373878403529799E-002
   2.6650127954936945E-002
   3.1789763113329005E-002
   3.6769861529034512E-002
   4.1569421754748467E-002
   4.6169424353632957E-002
   5.0552873670864619E-002
   5.4704821005343532E-002
   5.8612370053723425E-002
   6.2264665616685158E-002
   6.5652866657202213E-002
   6.8770104882622224E-002
   7.1611430086939973E-002
   7.4173743537154224E-002
   7.6455720718765816E-002
   7.8457724771006418E-002
   8.0181711943280179E-002
   8.1631130391485021E-002
   8.2810813607579623E-002
   8.3726869739042961E-002
   8.4386568007971924E-002
   8.4798223383837482E-002
   8.4971080600430335E-002
   8.4915198537703893E-002
   8.4641335914209234E-002
   8.4160839156767017E-002
   8.3485533232232345E-002
   8.2627616142599808E-002
   8.1599557700407568E-002
   8.0414003117314739E-002
   7.9083681855837265E-002
   7.7621322113150468E-002
   7.6039571227473082E-002
   7.4350922222372509E-002
   7.2567646632920757E-002
   7.0701733690468657E-002
   6.8764835880197661E-002
   6.6768220827885374E-002
   6.4722729419670597E-002
   6.2638740011133967E-002
   6.0526138539833081E-002
   5.8394294318463560E-002
   5.6252041254111984E-002
   5.4107664212373306E-002
   5.1968890223367412E-002
   4.9842884209710593E-002
   4.7736248903911038E-002
   4.5655028614381199E-002
   4.3604716494891227E-002
   4.1590264971521226E-002
   3.9616098983765641E-002
   3.7686131701987327E-002
   3.5803782391698867E-002
   3.3971996105645781E-002
   3.2193264897330945E-002
   3.0469650263867720E-002
   2.8802806541769154E-002
   2.7194004996093351E-002
   2.5644158361026504E-002
   2.4153845608229176E-002
   2.2723336737871292E-002
   2.1352617405979026E-002
   2.0041413220414844E-002
   1.8789213556189593E-002
   1.7595294758813187E-002
   1.6458742621857089E-002
   1.5378474041702261E-002
   1.4353257768470035E-002
   1.3381734187334324E-002
   1.2462434078699952E-002
   1.1593796319047398E-002
   1.0774184496607813E-002
   1.0001902427330277E-002
   9.2752085669504849E-003
   8.5923293242448021E-003
   7.9514712888846140E-003
   7.3508323946227215E-003
   6.7886120449522627E-003
   6.2630202338437198E-003
   5.7722856988314808E-003
   5.3146631474900981E-003
   4.8884396014283980E-003
   4.4919399042554174E-003
   4.1235314416542043E-003
   3.7816281227980590E-003
   3.4646936728649760E-003
   3.1712442864888866E-003
   2.8998506915643724E-003
   2.6491396720681798E-003
   2.4177950974711799E-003
   2.2045585048941041E-003
   2.0082292785655064E-003
   1.8276644692687249E-003
   1.6617782945245051E-003
   1.5095413581011530E-003
   1.3699796252949763E-003
   1.2421731881213484E-003
   1.1252548523006391E-003
   1.0184085756341573E-003
   9.2086778508440831E-004
   8.3191359762324613E-004
   7.5087296777137950E-004
   6.7711678257089292E-004
   6.1005792274834963E-004
   5.4914930682874760E-004
   4.9388193313397639E-004
   4.4378293280709707E-004
   3.9841364537694933E-004
   3.5736772679625424E-004
   3.2026929847614357E-004
   2.8677114447715849E-004
   2.5655296279314020E-004
   2.2931967553810543E-004
   2.0479980182586832E-004
   1.8274389619043682E-004
   1.6292305457535103E-004
   1.4512748914713707E-004
   1.2916517256077504E-004
   1.1486055169541298E-004
   1.0205333037234602E-004
   9.0597320143135824E-005
   8.0359357849195162E-005
   7.1218288332028590E-005
   6.3064010426888849E-005
   5.5796584155342085E-005
   4.9325396842168108E-005
   4.3568385802256902E-005
   3.8451315097860383E-005
   3.3907103843882304E-005
   2.9875203491293783E-005
   2.6301021519306554E-005
   2.3135388972606326E-005
   2.0334069325970155E-005
   1.7857306189041015E-005
   1.5669407440442257E-005
   1.3738363451575945E-005
   1.2035497129713272E-005
   1.0535143608187021E-005
   9.2143574972137696E-006
   8.0526457115366488E-006
   7.0317239751885006E-006
   6.1352952227727754E-006
   5.3488481965139468E-006
   4.6594746449082192E-006
   4.0557036286479938E-006
   3.5273515235714769E-006
   3.0653864147429203E-006
   2.6618056515479252E-006
   2.3095254258777056E-006
   2.0022813189304670E-006
   1.7345388364976583E-006
   1.5014130234912324E-006
   1.2985963267646784E-006
   1.1222939365409771E-006
   9.6916589508482339E-007
   8.3627532862809157E-007
   7.2104221036327356E-007
   6.2120210076625340E-007
   5.3476938209714425E-007
   4.6000452851110053E-007
   3.9538499940003038E-007
   3.3957939033830156E-007
   2.9142449574113652E-007
   2.4990497888936833E-007
   2.1413537254823639E-007
   1.8334416177797899E-007
   1.5685971884276845E-007
   1.3409789389038650E-007
   1.1455107079806403E-007
   9.7778532889609245E-008
   8.3397978694179198E-008
   7.1078074498335278E-008
   6.0531909757134829E-008
   5.1511257202809615E-008
   4.3801545855286041E-008
   3.7217456663060893E-008
   3.1599074026360414E-008
   2.6808521825175323E-008
   2.2727030170572770E-008
   1.9252370772744963E-008
   1.6296633026147800E-008
   1.3784280778384652E-008
   1.1650465994907831E-008
   9.8395639627355042E-009
   8.3039016759974532E-009
   7.0026542730257979E-009
   5.9008935174450821E-009
   4.9687578194451669E-009
   4.1807409985898156E-009
   3.5150733075003413E-009
   2.9531909153413732E-009
   2.4792774435126356E-009
   2.0798670916754442E-009
   1.7435061711498251E-009
   1.4604575381953886E-009
   1.2224531867111069E-009
   1.0224776709835741E-009
   8.5458288253911451E-010
   7.1372882439690542E-010
   5.9564972883557862E-010
   4.9673924998158060E-010
   4.1394847888988578E-010
   3.4470277893712418E-010
   2.8682958229314067E-010
   2.3849725957951235E-010
   1.9816333199954516E-010
   1.6453044067943896E-010
   1.3650599053752960E-010
   1.1317110745176834E-010
   9.3757291395625444E-011
   7.7617399984760125E-011
   6.4208146091361355E-011
   5.3077081840334504E-011
   4.3843592419590164E-011
   3.6191018775319754E-011
   2.9851976144016231E-011
   2.4605036107645715E-011
   2.0265729601889001E-011
   1.6678911628681317E-011
   1.3717665106929137E-011
   1.1274053105074463E-011
   9.2589108576091927E-012
   7.5982701622550004E-012
   6.2310984614398060E-012
   5.1060668527385632E-012
   4.1815073961194515E-012
   3.4216158594740341E-012
   2.7983189047066257E-012
   2.2867078061768068E-012
   1.8671372181086300E-012
   1.5232441381255693E-012
   1.2423875012698253E-012
   1.0122424139905519E-012
   8.2448058976115331E-013
   6.7039408552533052E-013
   5.4501233480050026E-013
   4.4281063653463819E-013
   3.5954172346682345E-013
   2.9137427504978088E-013
   2.3717016083997496E-013
   1.9203747268609768E-013
   1.5541520555912546E-013
   1.2493754555889692E-013
   1.0064110594453853E-013
   8.1732226563712454E-014
   6.5909204196059752E-014
   5.3345371119150550E-014
   4.3562648144741558E-014
   3.5443750130886128E-014
   2.8839476842710368E-014
   2.2559182577928047E-014
   1.8430474391068687E-014
   1.4843433901047172E-014
   1.1671198104756025E-014
   8.7462275547343280E-015
   6.9828142570916674E-015
   5.5566323853626820E-015
   4.6445267668327506E-015
   4.0623070051505944E-015
   2.9957371650185191E-015
   2.9269936187738210E-015
   1.8428060719470550E-015
   2.1718552959907890E-015
   1.4382254682772845E-015
   6.5614562293376140E-016
   7.8877924859658638E-016
   7.7488822391230614E-016
   4.5633902944103457E-016
  -5.6526396786717897E-017
  -5.6411386723200690E-016
   4.5177775398704392E-017
   4.3153115382136043E-016
   4.3759879715105598E-016
   3.3031712414003801E-016
   8.3764687389692848E-016
   5.6340629709648068E-016
   1.3928102106543177E-016
   4.2830028816600008E-016
   4.3022620366453583E-016
   4.8875068789223848E-016
  -9.6193257155121952E-017
  -1.0488203290996392E-016
  -4.0437116034773186E-017
   1.7387339085668819E-016
   8.5031870548424847E-017
  -3.7955264248171819E-016
  -8.6417052568160087E-016
  -4.3949343560953423E-016
  -1.8473716852020926E-017
   1.4093585267115317E-016
  -2.1025527489918873E-016
  -4.4059050696363329E-016
   1.2004369387716994E-017
   1.3156898689949329E-016
  -6.9006919993616622E-017
  -1.0278042062102725E-016
   4.7008244836762974E-016
   8.7374364333131563E-016
   8.6219502792470871E-016
   3.9714974000147256E-016
   3.8155041141145057E-016
  -2.8027898050075601E-016
  -5.6699179032477881E-016
  -2.6550133480395483E-016
  -3.6983322054022097E-016
  -3.4595394924048172E-016
  -8.2174560069602114E-017
   2.0853243570215801E-016
   2.7103177941652807E-016
   7.3582520650698756E-016
   4.8559530497631751E-016
   6.4158492932101062E-016
   5.6017588829326878E-016
   3.5278723522700672E-016
   4.1461931023939154E-017
  -1.3430992261617571E-017
  -5.8652784292937165E-016
  -2.8531421699636292E-016
  -3.0381587475968243E-016
  -4.6640167848797693E-016
  -6.2716810874481308E-016
  -5.0951216217841528E-017
   6.2535566069540930E-017
   1.1757103128163011E-016
  -4.7856877418512436E-016
  -1.8045236837491537E-016
  -3.4375213267254821E-016
   4.0525047793071597E-016
   5.4379107344668812E-016
   3.7325905644383796E-016
   4.5343551729808371E-017
  -2.6421353140919702E-016
  -2.9820805279613269E-016
  -2.5946363403081458E-016
  -6.1182143335922462E-016
  -3.8811078429602153E-016
  -2.0307298816492254E-017
  -2.2956584275383026E-016
   7.7914049107286250E-017
   7.0026653517462133E-016
   6.5047166577307145E-016
   2.0171090351403231E-016
   3.5626794038572980E-016
   3.7012114795779006E-016
   6.2123303004235146E-016
   1.7315630871678934E-016
  -7.5547812004217018E-016
  -4.4692644368946054E-016
  -9.1909743001269258E-017
  -2.5501516658321245E-017
  -2.1756112864896743E-016
  -6.8475312166032399E-016
  -5.9503657242258566E-016
  -1.7075003130121027E-016
   3.5403157480043586E-017
   1.7270480057817428E-016
  -6.2518779733593945E-017
  -3.6302910692544575E-017
   1.3067661887678935E-016
  -1.6140998832929858E-016
   1.3375794765119483E-016
   6.9726764635949135E-016
   3.1829596639135219E-016
   3.0954490625211509E-017
   7.7710742720207760E-017
  -2.0613886871662183E-016
   1.0235323906109656E-016
   5.5852307385895450E-016
   2.7003858599280438E-016
   2.4410032412125455E-017
   1.4989670631984440E-016
   2.3400529337240235E-016
   5.8606911839475842E-016
   4.8246853025485906E-016
   1.7335667366084207E-017
  -1.9351395111568772E-016
  -3.5742638513393000E-017
  -4.4974062607707249E-016
  -3.1433997193051983E-016
   2.0885434402838417E-016
   2.3315928706823508E-016
   1.1392297978073265E-016
  -3.2489131152490038E-016
  -5.2163960351067442E-017
   3.0999279103298345E-016
   1.1719899363918121E-016
   1.4237162096350886E-016
   2.5182511469634711E-016
  -5.4774883948268483E-016
  -5.2921471885973816E-016
  -1.9734428476497199E-016
   1.0617553339095103E-017
   1.7813204808477581E-016
   3.2258219590879533E-016
   5.4439306636656788E-017
   3.9062621316971277E-016
   3.5158019147740133E-016
   2.5160854022513925E-016
   6.9846474286642803E-018
   1.0191023217392951E-016
   1.2228793461818182E-016
   4.7913914396437341E-017
   1.6765614592770905E-016
  -1.0244079108354819E-016
   2.7521819042390993E-016
   1.6793057773579757E-016
   3.3446197517737217E-016
   3.7900331569270501E-016
  -1.0985683831571863E-017
  -1.7790871561670473E-016
  -2.1473197633687893E-016
   1.6580764428731437E-016
  -4.5765598129924628E-016
  -1.9102587857209651E-016
  -4.7102710570769502E-016
  -9.4487169903334291E-017
  -7.2907083236390050E-017
  -7.6605200713967982E-017
   3.0901744943105015E-016
   1.5758719547377445E-016
  -1.4113004685745160E-016
  -2.9844464232262411E-016
  -2.2182315852464480E-017
   1.8707778742544967E-016
  -1.5601242535556964E-016
   4.1177204500352496E-017
  -9.4244934356292105E-017
  -3.4116365774407385E-017
  -3.5208003318109022E-016
  -2.3777439942559287E-016
   5.0928022735237752E-016
   3.5704038685871644E-016
   1.9447617236990247E-016
   3.8865572528212197E-016
   8.6431591492794355E-017
  -1.1185686205177035E-016
  -2.5532205689035311E-016
   3.1284921551261951E-017
   5.3124782123807527E-017
  -2.8274322430722832E-016
   1.6028200340793704E-016
   1.5573619495119449E-016
   4.2018362419384188E-016
   4.1882409239253957E-016
  -3.7551753148019369E-016
  -3.4334400621658611E-016
  -3.0771956976638735E-016
  -2.5891492731871138E-016
  -2.5383891460885037E-016
  -4.2117181239293562E-016
  -4.1890480858260316E-017
  -2.8905212790590439E-017
   3.9875947661958981E-016
   3.7756281455317173E-016
   4.6372143717335105E-016
   2.6327389186626630E-016
   1.4597797532894792E-016
  -1.8130348044365493E-016
  -3.2315994382026311E-017
  -1.5324549609643686E-016
  -4.1078859459237740E-016
  -3.3242704802020934E-016
  -5.6203832426966110E-016
  -3.0491059956073098E-017
  -1.1590638354977525E-016
  -1.7271407519716536E-016
  -2.2202594142878613E-016
  -4.8304553275672393E-017
  -8.5950528410029053E-017
  -2.2912957011213147E-016
   6.2876210037376898E-017
   1.8833707671575290E-016
  -1.8796150971748697E-016
  -2.1791109718174585E-016
  -2.5314939019277041E-017
   5.6330564719796352E-017
   2.8941255986426463E-017
  -2.2246112839261634E-016
  -1.9487158708700416E-016
   9.9958652328392404E-017
   1.4399469121612204E-016
   1.2179551609718181E-016
   1.1351687070730727E-016
  -3.2768745376846692E-017
  -4.3059259884627489E-016
  -1.8769044764555777E-016
   3.6969789485192391E-016
   1.8466492411983838E-016
   1.3572797681967660E-016
   3.8941478041978284E-017
   3.6194329672199029E-016
  -2.2259017961149754E-016
  -2.4621324527016733E-016
   1.8727819945299984E-016
   2.5672286645159186E-016
   3.7210089680566475E-016
   7.4550096634218133E-018
  -2.1180001541225009E-016
   2.9355470468047539E-016
  -5.4895161276479626E-018
  -1.0899159320758812E-016
  -4.9192876412939162E-016
  -4.3501633205938355E-016
  -3.7448198172526524E-016
  -6.2301229726225332E-016
  -6.0652694858736949E-016
  -3.2573747594815758E-017
   4.2325483873248161E-016
   1.2368905650000601E-016
  -1.0383396099807817E-016
  -2.2754327530294536E-016
  -2.3436648586102407E-016
  -2.1816669938336341E-016
  -5.4956293886002626E-017
   1.6760369471205298E-016
   4.8366812191797682E-017
   1.2655572764276409E-016
   4.0239767829617086E-017
   1.2306115144738711E-016
   2.0936491408716153E-017
   4.3084238319216932E-016
  -4.3633173557091457E-017
  -1.8538018861303085E-016
  -2.8959354540692196E-016
  -1.7689005176596201E-016
   2.4044072388145488E-016
   2.3059952123515758E-017
  -7.3485993742113480E-017
   9.8807880059771815E-017
   4.7146635182890707E-016
   3.1122659553895209E-016
   2.2144976611068625E-016
   1.6929408227859148E-016
   8.7545947498927793E-017
   3.3535310911707877E-017
  -1.2291979129473157E-017
  -2.0287973211877124E-016
  -5.0894449832648801E-016
  -5.5136481943011965E-016
  -2.5233800725315915E-016
  -7.8514705191575779E-017
  -2.7054399334318989E-017
   1.5315585539230979E-016
   7.5861899487278245E-017
  -1.7321542857187251E-016
  -2.4411622560931311E-016
   2.8352295433971936E-016
  -7.0304331749628176E-018
  -1.6343675476226317E-016
  -2.1885690539909026E-016
   7.3266680802722287E-017
   2.0063186720302932E-016
   2.8034251601897782E-016
  -3.3443152717652178E-016
   2.4033741571614050E-016
   6.8102455721455368E-017
  -1.6513253884733368E-017
   5.7263886092242532E-017
   8.1524459080508094E-017
   2.3673294796432187E-016
   4.0156239333970380E-016
  -6.3482721368498828E-017
   1.3819608933991640E-017
  -3.2676115924429186E-016
  -2.5383925391763194E-016
  -4.0699970414672521E-016
  -2.9324658439628219E-016
  -7.2800751150989237E-017
  -1.3540398138539105E-016
   3.7328110274863134E-017
  -3.4063411761427820E-017
  -2.3932081447260576E-017
   1.1090629337709814E-016
   1.5483444628858656E-017
   3.7492792032303853E-017
   2.5045402105490047E-016
   3.9022577779979584E-016
   2.9339849715404684E-016
  -1.6473431528622209E-016
  -5.9457447751017774E-018
  -2.3899652023944105E-016
   4.1476928212092262E-016
   1.5067746065627928E-016
   9.4168732415050802E-017
   1.2640927175575036E-017
   2.0433944394013979E-016
  -2.4464557260793037E-016
  -6.3117909721239122E-017
  -1.1266298563908331E-016
   3.8952043552742963E-017
   2.7272256082758537E-017
   1.1612082239619434E-016
  -6.2434976532227268E-017
   1.7995840130940762E-016
  -1.6614047766557731E-016
  -2.3914484742893975E-016
  -1.2228565761753293E-016
  -4.0289609043748526E-016
  -3.1040047763808023E-016
  -3.5391312079948360E-016
  -1.3921517031784500E-016
   2.4601189909865550E-016
   3.1163173089214255E-016
  -7.4022891294097857E-017
  -5.7542243066685895E-017
   9.9674580685152531E-017
   1.3538761655553416E-016
  -4.7889639942857496E-017
  -1.8074795519091302E-016
  -1.4411401744635335E-016
   2.0454618447148275E-016
   2.5191353944531185E-016
  -4.1198810199799930E-017
   2.5774761469036527E-016
   1.5634769627455511E-016
  -9.8572326597516160E-017
  -8.5805928309903315E-017
   1.0041885426236536E-016
  -1.3145740152386800E-016
   3.7410991702291441E-017
   4.8361611747919024E-017
  -6.9820766172998822E-017
  -4.2752593814746544E-016
   1.0234976191966023E-016
  -1.1740541278825175E-016
  -2.7978242595244304E-016
  -3.2271513855239896E-016
  -2.6421300323137711E-016
  -4.4978878934161075E-016
   3.6863321239839770E-017
  -4.6510924710277998E-017
   2.8818463655240812E-017
   4.0451091065683554E-016
   2.8387741376182331E-016
   3.7182086652500365E-016
  -1.8605338931398732E-016
  -3.8648255522453287E-017
  -2.1246811517682408E-016
  -2.9526825161930564E-017
  -5.6039285331477627E-016
  -7.3869022130294441E-017
  -3.2203236781551600E-017
  -2.2738205044364328E-016
  -1.3387297102869280E-017
  -1.2388573103965922E-016
  -1.2446955023563555E-016
   2.3893951092832193E-017
   1.2643155247138021E-016
   1.5966165073214717E-016
   3.3038221501291015E-016
   3.4139288861054979E-016
   1.4288504581235762E-016
   2.2341970857382132E-016
   3.4644670473985427E-016
  -1.7130339765393940E-016
  -9.3273968703464304E-017
  -2.5044574522444920E-016
  -2.3873113316854322E-017
  -1.0816483512270885E-016
  -8.5630415087050096E-017
   5.9955912628429650E-017
   3.7001590945280929E-016
  -4.8665819858150223E-017
  -3.2580555972361461E-017
   3.6700955543762011E-017
   2.6155216123150775E-016
  -8.2325665350529680E-017
   2.0732720754916772E-016
   7.2069901316655248E-018
  -3.6245392340572206E-016
   2.0230327040558618E-017
  -1.0040517624109531E-018
   5.2720739834572293E-017
   7.5072320590949861E-017
   3.1617108319070991E-016
   2.3243371638595840E-017
  -2.6705550504788333E-016
  -5.9350465081038526E-018
   2.3783083407528025E-016
   5.2284005694788493E-017
  -2.0112354837755617E-016
   1.1367867444231887E-016
   1.9922501816986145E-016
   2.2799737173657437E-016
   8.7589221166576778E-017
   2.2009459517697316E-016
   2.2392600861518135E-016
   1.3504377907394014E-016
  -3.9308874058270477E-017
  -1.8618443624153231E-016
  -2.6355795761003309E-016
  -6.3876145130625745E-017
   4.0873975023265010E-017
   1.0185291992150649E-016
  -1.0167737170893359E-016
   7.4945783552048801E-017
   2.8349962677010940E-016
   3.5388691498714746E-016
   1.2088775168086144E-016
  -5.0591819556561975E-017
   4.4700990076701454E-016
   1.3215965467906130E-017
   2.3675971270782657E-016
  -2.8292761785216908E-016
  -7.7144131971663961E-017
  -1.9811800807446019E-016
  -9.6018466489471884E-018
  -8.4540314381741217E-017
  -1.5012943606367829E-020
  -4.8247142034035904E-016
  -3.8212886062904175E-016
  -1.9762706106347338E-016
  -1.0986002030361211E-016
   1.8705558924750357E-016
   1.9308886174359449E-016
   8.0663645159264223E-017
   2.5122670243580456E-016
   1.3449972261708699E-016
  -1.2407530457772943E-016
  -2.7964802896420722E-016
   9.4890945453430533E-017
   5.3717638936167717E-017
   8.2695398302490223E-017
   1.6411351394789976E-016
  -2.4418887313005925E-017
  -3.2891816195164904E-016
   3.8447633901904097E-016
   2.2361927491514692E-016
   2.8475491661671884E-017
  -3.3236206660540616E-016
  -9.3391194414647121E-017
  -3.3017269993942653E-016
  -4.3117714992390333E-016
  -2.3297224278785057E-016
  -5.0887497758895065E-017
  -5.5493894075592205E-017
   3.6868137475121895E-017
  -2.0547648864900182E-016
  -1.5010041616928369E-016
   1.4881340504672112E-017
  -4.5482547047993633E-017
   1.3361285868472042E-016
   3.2423817744090436E-016
   1.1040850124757959E-016
   8.6186587374060402E-017
  -7.0533257310488853E-017
  -4.4391284609509262E-017
   2.7625920143397043E-017
   2.0243630581644046E-016
   1.0501174091561490E-016
   1.9700880530969946E-017
  -1.5021500562347564E-016
   2.8272379821034967E-016
   4.1631181462400362E-017
   3.0115252088886511E-016
  -2.8569930973243326E-017
  -1.5086974789458585E-016
   7.8775068474550931E-017
  -7.5600947441069786E-017
   1.1095296477586734E-016
   6.9645152076774059E-017
  -3.8108327306932331E-016
  -2.3758528509266990E-016
  -1.0547836623619162E-016
   5.9300846551426838E-017
   3.5713084350513747E-016
   9.1690882772077183E-017
   3.1397191350129624E-017
  -2.2250961111077694E-017
   9.5373521826444666E-017
  -1.0995545984092877E-016
  -5.8867807141256501E-017
  -1.6041093214634602E-016
   4.8412927016884945E-017
   4.0533098616453385E-017
  -1.6809333481191909E-016
  -1.8854846906224942E-016
  -1.6788204026108723E-016
   3.6837534616410131E-016
   4.2496046274433035E-017
  -9.1406900289703763E-017
   2.2339281206569713E-017
  -2.8912244314075721E-016
  -2.3487166098336748E-016
  -2.0974640258329761E-017
  -1.1664545076021188E-016
  -1.3645660427182796E-017
   3.3497732866499350E-017
  -1.6002038368017737E-016
  -1.4677887402116470E-016
   1.9151060144255051E-016
   1.2421450760430788E-016
   1.9452933912511699E-016
  -8.5978782805749733E-017
   7.1612900747745723E-017
  -2.2966757044234871E-016
  -2.2781753441339438E-018
   1.0087754285069931E-016
  -5.1166785928174937E-017
  -8.3517210881113587E-018
   1.3830252461375181E-017
   1.7511631891060843E-016
  -6.1837685886126526E-017
  -6.7489643323859769E-018
  -1.2748081598521292E-016
  -8.3120361599937765E-017
  -3.1361943038027938E-016
  -3.5272238485431480E-017
   1.5317872925619858E-017
  -1.3433035583337043E-016
  -9.7664735600762413E-017
   2.6639192710118178E-017
  -1.9674964521098849E-017
  -3.7981559538658445E-017
   8.3434783444822560E-017
   4.5112875481597168E-017
   6.3193519121332721E-017
   3.1063121754226497E-017
  -2.5428625525636947E-017
  -2.1802588935174701E-016
  -4.9559502529225942E-017
  -2.0793560112509929E-017
  -7.5707122957476646E-018
  -1.5125004382137654E-016
  -6.2895653488791973E-017
  -5.4130710455109229E-018
   2.0802463383622324E-016
   8.3118110195996131E-017
   5.1309237731215850E-017
  -1.9224627358703419E-017
   1.4192129957987983E-016
   1.3989224930342629E-016
  -6.5228764409042937E-017
   3.8161674018479196E-017
   7.0502856444714318E-017
   2.0750747534272353E-016
  -1.7216286461065513E-016
  -1.6885301660155847E-016
  -2.2796413486214020E-016
  -1.4408386687558993E-016
  -1.2818139253671979E-017
   1.1703905576135303E-016
  -6.9273441840832646E-017
   2.0864340511134516E-016
   2.3074848833784959E-016
  -4.5601571668271757E-017
  -1.3650085855316625E-016
  -3.0206100085770336E-016
  -1.1299902745313662E-017
  -2.5225037578755134E-016
   2.4311165495354288E-017
   3.1736978353961387E-017
  -1.2107424921409832E-016
   1.2726251608002334E-016
   3.1895181440220994E-016
   4.6277787218263000E-016
  -9.3040471275456387E-017
   7.4456983990603137E-017
   7.3930393670545049E-018
   1.0113415267072861E-016
   1.6184187372946141E-016
  -2.1526898274743351E-017
  -7.7378075085628473E-017
  -5.5920849337349268E-018
   8.8998067098054816E-017
   1.7783251938294012E-016
  -6.0454242791763683E-017
   1.8661198632174335E-016
   6.4947120373307138E-017
   1.3626647516686989E-017
   1.5059561005383167E-016
  -2.8582348383394253E-016
   2.4912314211817044E-016
  -7.2259451955677534E-017
   3.8766141054163947E-017
  -6.1664074089655581E-017
  -2.3197476205141857E-016
   1.0701612378314315E-016
   2.6772557088828332E-017
   4.9840139734716991E-017
  -1.8520328367139603E-016
  -1.1645331173301299E-016
  -9.0014525483351217E-017
  -1.1815162953634953E-016
  -3.7233181752641797E-017
   1.1059406322254811E-016
   9.2152357383920891E-017
   4.3090514120190237E-017
   5.0779019716013969E-017
   3.0594904856622952E-016
   2.0256842988912811E-016
  -1.1224338967735184E-017
  -6.4814021517928043E-017
   1.6564065571694297E-016
   8.5418143708820436E-018
  -3.2885048639382757E-017
   1.0268249706432397E-018
  -1.6557432823093256E-016
   9.6706018561166232E-018
  -1.7467862312235703E-016
   7.5256730453430912E-017
  -2.9711118851896536E-016
  -7.7871023460936105E-017
  -4.0423617874020027E-017
  -1.1413860653448047E-016
  -1.6309095768704324E-016
  -1.8064128126939871E-016
  -1.1026682895573745E-016
   2.4847100596709632E-016
   2.8968302325654723E-017
   1.4684622604367646E-016
   4.1573316102532423E-017
   1.5541910132228967E-016
  -2.0965710607898880E-017
   3.8122502391361419E-017
  -2.5925419372823351E-016
   3.8963178415733192E-017
   1.1145053835388217E-016
  -4.5301663813928132E-018
  -2.5372810781876871E-016
  -5.4869036613865531E-017
   4.0121191662832094E-018
  -1.7294046495809080E-018
   1.1094028516466220E-016
  -8.0588497482999893E-017
  -9.2022412737864303E-017
  -6.1966157906943977E-018
   2.1146470320287695E-016
  -9.2521409218042444E-017
   5.1051200525359316E-018
   2.9227336981679868E-017
  -4.3958874498981382E-017
  -7.2890915276886931E-017
   3.4161180285239987E-017
  -2.2535881649736316E-016
  -1.0514306234256141E-016
   6.6388704967899775E-017
   2.4834070769416108E-016
  -6.1360316227963185E-019
   1.2540454676674363E-016
   7.1237809188805555E-017
  -6.7058722717489255E-017
  -1.3177898226456720E-016
   1.6805568739283394E-016
   2.0846081189592288E-017
  -7.7824704336255128E-018
  -2.9652529577756325E-016
  -1.7560640130483164E-016
  -2.2520983180904896E-016
   2.4083521038097378E-017
  -1.1089093918701070E-016
   4.9785742652602677E-017
   1.0115112381275334E-016
  -4.7130216769587191E-017
  -4.6679385033291786E-017
   2.0895329154834791E-016
   2.0938589036697002E-016
  -9.2415507884421756E-017
  -3.3443650146808105E-016
  -1.0447422644431157E-016
  -2.9939396418794510E-016
   5.9682519897785695E-017
  -2.1577030227369883E-016
   6.9652202734723916E-017
  -5.0107773109509387E-017
   4.1269696758501750E-016
  -7.0136294461276811E-017
   2.6241595649249754E-016
   1.4118254103180376E-017
  -2.7021838581453022E-017
  -1.9134343784637237E-016
  -2.4442411549624068E-016
   2.0373628829500452E-016
  -2.7354277410227565E-016
  -4.1963570912143188E-017
  -9.5036674550249216E-017
   1.0571090093096551E-016
  -1.3814101206169865E-016
   3.2473985896147126E-017
  -3.4975427618231453E-017
   9.9616930572395765E-018
   2.2100092631321630E-016
   1.1140356973442097E-016
  -4.7148014733764550E-018
  -1.3919807683703585E-016
   1.2133582229289791E-016
   2.1385398917399807E-017
   9.6589084321680595E-017
   1.4452163056283653E-017
   1.8788101520194252E-016
  -1.3861516832752680E-016
   7.4648403007432873E-017
  -1.4368836855957220E-016
  -6.7400402904943242E-017
   4.2951767438872200E-017
   9.1723290413618953E-017
  -1.3898463812807650E-016
   3.6228965144531786E-017
   1.8923191321305221E-016
   1.9364183628876481E-016
   8.0188476914431600E-017
   1.3815450678758468E-016
  -1.2318829563972034E-016
   1.2936204239012725E-016
  -1.1863383530390087E-016
  -9.1718719026846684E-018
   2.0330644624284160E-016
  -8.3989128173578258E-017
   1.5603710849873720E-016
  -2.9207943180920457E-016
   1.6049276113039258E-016
  -9.8392552050562995E-017
  -2.0144387782845379E-016
   3.2753510181636658E-017
  -2.1701183771348767E-016
   1.9418546858523243E-016
  -2.0996999319804432E-016
   2.2651914519134338E-016
  -4.7838451608570042E-018
   1.0681016095705044E-016
  -1.5427025117281262E-017
   9.7021416541438635E-017
  -3.3686372818644263E-017
   1.3254335386392337E-016
  -1.6543333294294227E-016
   2.9370627362820744E-016
   1.6565735648623973E-016
  -6.9195110284347318E-017
   1.2828595338859839E-016
   2.8041664979575794E-016
   2.3890488298948494E-016
  -7.5837714280033099E-017
   1.4434998000516336E-016
   2.5347594621666143E-016
   9.8369630687760407E-017
   4.4946169754867040E-017
   2.1498388683596133E-016
   2.1199561010862042E-016
  -1.9852521262112254E-017
   7.0503051503338198E-017
   2.2442845729121772E-016
  -1.7294125745679471E-016
   7.0250294931647302E-017
  -1.3840047692675862E-016
  -1.3211737859096318E-018
   1.6078842737724366E-016
  -4.4413509597418251E-018
  -2.4501536958493308E-016
  -9.7273905356387303E-017
  -5.5016946093037640E-017
   3.3412927607893104E-017
   1.0710461348719238E-016
   2.7865856370230527E-018
   9.3543113473516918E-017
  -7.8878165326270969E-018
  -4.4968633170265658E-017
  -1.8377922321186982E-016
   2.9625305068628372E-016
  -5.1349556338528971E-017
   1.7390231993061633E-016
   1.2065596994063497E-016
  -1.7015935913614998E-016
   7.7904117612360076E-017
  -7.9064338495077483E-017
  -4.7797949724618911E-018
   7.1260419740238368E-017
   6.0879634269158206E-017
   1.2789857614197874E-016
   1.6641147987124842E-016
   1.4296864352409467E-016
  -7.7907031182233678E-017
  -2.4452224050693743E-017
  -6.0564795392730079E-017
   1.6902908018681698E-016
  -1.9141444491741563E-016
   1.7533878051062757E-016
   1.1666532275345377E-016
   3.1477429909465616E-017
  -8.1038694211403481E-017
   1.7507010620061958E-017
   3.6281771879717126E-017
   1.7846600807516919E-017
  -1.4762460149918090E-016
   2.6862475857254204E-016
  -1.5623510439429299E-016
  -1.0511606208818747E-016
  -2.2490526656661988E-017
   1.4187682970627696E-016
  -1.0608049114914951E-016
   2.3789518291227988E-017
  -1.1698573888369241E-016
   1.8363819376429023E-016
   1.3342733041975732E-016
   1.4998823934926402E-016
  -3.2202906308772677E-016
   3.1935915354232717E-017
   7.3878967188103755E-017
   1.2337169648973361E-016
   2.7556274822528107E-016
  -8.4411521724391215E-017
   2.0945457333092001E-017
  -7.1736095432704489E-017
   6.9272100349107355E-017
  -3.9692476077047540E-016
  -2.3021349677064932E-017
   2.4618955832800955E-016
  -5.4766075620873017E-017
   9.8458981742213614E-019
  -2.0644623834699859E-016
  -2.0434805189867992E-016
  -5.0258219531633419E-017
   1.4430345222802622E-016
   1.9399780594773305E-016
  -4.9424355439144145E-017
  -2.0322067574933321E-016
   1.2950492925278583E-016
  -3.8101651343493217E-016
   4.9955529976278749E-018
  -1.1277399851881677E-016
   1.0722698169895749E-016
  -2.1394338384487503E-016
