   5.4294319865153105E-017
   1.0887010400036505E-016
   1.6400916141558053E-016
   2.1999509370289334E-016
   2.7711474061066503E-016
   3.3565963071585689E-016
   3.9592744449885335E-016
   4.5822349710021539E-016
   5.2286224805061630E-016
   5.9016884531301980E-016
   6.6048071105970615E-016
   7.3414917672581443E-016
   8.1154117503571553E-016
   8.9304099688888625E-016
   9.7905212121836058E-016
   1.0699991261979427E-015
   1.1663296904745212E-015
   1.2685166934404783E-015
   1.3770604239385019E-015
   1.4924909072091840E-015
   1.6153703603512821E-015
   1.7462957870671049E-015
   1.8859017230134323E-015
   2.0348631436724646E-015
   2.1938985473006149E-015
   2.3637732262074218E-015
   2.5453027403644270E-015
   2.7393566081481137E-015
   2.9468622298841032E-015
   3.1688090607848997E-015
   3.4062530508643319E-015
   3.6603213704716568E-015
   3.9322174412207917E-015
   4.2232262932995942E-015
   4.5347202714354243E-015
   4.8681651131691458E-015
   5.2251264245581626E-015
   5.6072765799924093E-015
   6.0164020744726340E-015
   6.4544113584745580E-015
   6.9233431874077972E-015
   7.4253755196892164E-015
   7.9628349995843799E-015
   8.5382070632429000E-015
   9.1541467087700764E-015
   9.8134899737423601E-015
   1.0519266166305092E-014
   1.1274710898888835E-014
   1.2083279976661716E-014
   1.2948664196108276E-014
   1.3874805112598952E-014
   1.4865911839507490E-014
   1.5926478945351539E-014
   1.7061305519592298E-014
   1.8275515482146454E-014
   1.9574579216353003E-014
   2.0964336610110990E-014
   2.2451021595188388E-014
   2.4041288280300934E-014
   2.5742238779507650E-014
   2.7561452843775297E-014
   2.9507019410253272E-014
   3.1587570190895475E-014
   3.3812315429592952E-014
   3.6191081964958466E-014
   3.8734353744367504E-014
   4.1453314943830856E-014
   4.4359895857786806E-014
   4.7466821732978740E-014
   5.0787664731278510E-014
   5.4336899217633719E-014
   5.8129960581326705E-014
   6.2183307811450345E-014
   6.6514490060985017E-014
   7.1142217448137616E-014
   7.6086436358729680E-014
   8.1368409529451318E-014
   8.7010801208763999E-014
   9.3037767710208865E-014
   9.9475053691926040E-014
   1.0635009451632503E-013
   1.1369212506521275E-013
   1.2153229540826216E-013
   1.2990379374663625E-013
   1.3884197707889918E-013
   1.4838451006315126E-013
   1.5857151257765576E-013
   1.6944571651231774E-013
   1.8105263235502868E-013
   1.9344072617058931E-013
   2.0666160760541931E-013
   2.2077022958889714E-013
   2.3582510044194488E-013
   2.5188850914554083E-013
   2.6902676456636903E-013
   2.8731044948384361E-013
   3.0681469031250962E-013
   3.2761944346644669E-013
   3.4980979936788627E-013
   3.7347630516107996E-013
   3.9871530725459546E-013
   4.2562931488084803E-013
   4.5432738593118709E-013
   4.8492553639806737E-013
   5.1754717483351954E-013
   5.5232356331481445E-013
   5.8939430649490376E-013
   6.2890787040646419E-013
   6.7102213278494361E-013
   7.1590496677799743E-013
   7.6373486001621401E-013
   8.1470157113384390E-013
   8.6900682594815440E-013
   9.2686505563283707E-013
   9.8850417935460233E-013
   1.0541664339832825E-012
   1.1241092536348456E-012
   1.1986062019639369E-012
   1.2779479602886308E-012
   1.3624433748050820E-012
   1.4524205663346535E-012
   1.5482281062409340E-012
   1.6502362623597849E-012
   1.7588383190024333E-012
   1.8744519753202226E-012
   1.9975208265611712E-012
   2.1285159330025733E-012
   2.2679374816123585E-012
   2.4163165457745740E-012
   2.5742169487123687E-012
   2.7422372365564332E-012
   2.9210127673375488E-012
   3.1112179225315454E-012
   3.3135684481523187E-012
   3.5288239327762435E-012
   3.7577904302900706E-012
   4.0013232355837982E-012
   4.2603298218642074E-012
   4.5357729487410398E-012
   4.8286739507415138E-012
   5.1401162164373861E-012
   5.4712488689269348E-012
   5.8232906590009080E-012
   6.1975340829392982E-012
   6.5953497375370119E-012
   7.0181909256401050E-012
   7.4675985261960678E-012
   7.9452061435796592E-012
   8.4527455517531970E-012
   8.9920524496622842E-012
   9.5650725451475740E-012
   1.0173867985587532E-011
   1.0820624154459577E-011
   1.1507656854041193E-011
   1.2237419895547018E-011
   1.3012513119142950E-011
   1.3835690867467716E-011
   1.4709870937552710E-011
   1.5638144037352997E-011
   1.6623783774489863E-011
   1.7670257206266948E-011
   1.8781235981556678E-011
   1.9960608106766244E-011
   2.1212490369787047E-011
   2.2541241457611601E-011
   2.3951475805175967E-011
   2.5448078214944125E-011
   2.7036219288821197E-011
   2.8721371716146632E-011
   3.0509327463795180E-011
   3.2406215916803997E-011
   3.4418523020455107E-011
   3.6553111477373762E-011
   3.8817242055973605E-011
   4.1218596069477321E-011
   4.3765299087793010E-011
   4.6465945947717967E-011
   4.9329627130303148E-011
   5.2365956577725468E-011
   5.5585101025712691E-011
   5.8997810931431638E-011
   6.2615453080824546E-011
   6.6450044963630336E-011
   7.0514291008797944E-011
   7.4821620777686000E-011
   7.9386229217355947E-011
   8.4223119081415140E-011
   8.9348145631259410E-011
   9.4778063736231142E-011
   1.0053057749714002E-010
   1.0662439252379239E-010
   1.1307927100370524E-010
   1.1991608970599216E-010
   1.2715690107155921E-010
   1.3482499754822611E-010
   1.4294497933724018E-010
   1.5154282572585910E-010
   1.6064597018926587E-010
   1.7028337945410010E-010
   1.8048563672529830E-010
   1.9128502928780882E-010
   2.0271564070508440E-010
   2.1481344784703914E-010
   2.2761642299150451E-010
   2.4116464125502920E-010
   2.5550039362123467E-010
   2.7066830584795469E-010
   2.8671546354787552E-010
   3.0369154375160198E-010
   3.2164895327689972E-010
   3.4064297424334562E-010
   3.6073191708784368E-010
   3.8197728145340777E-010
   4.0444392534133573E-010
   4.2820024293540221E-010
   4.5331835152603055E-010
   4.7987428798272610E-010
   5.0794821524403369E-010
   5.3762463931651208E-010
   5.6899263729717752E-010
   6.0214609695801521E-010
   6.3718396845636225E-010
   6.7421052876112464E-010
   7.1333565941237538E-010
   7.5467513826047493E-010
   7.9835094586074410E-010
   8.4449158723102903E-010
   8.9323242971201324E-010
   9.4471605770418218E-010
   9.9909264509093404E-010
   1.0565203461941963E-009
   1.1171657061477499E-009
   1.1812040916135930E-009
   1.2488201428088453E-009
   1.3202082478546465E-009
   1.3955730405039075E-009
   1.4751299223528984E-009
   1.5591056106909314E-009
   1.6477387131946813E-009
   1.7412803307272725E-009
   1.8399946895589810E-009
   1.9441598043846590E-009
   2.0540681735746114E-009
   2.1700275081588714E-009
   2.2923614961114882E-009
   2.4214106035705367E-009
   2.5575329147013909E-009
   2.7011050119860014E-009
   2.8525228987986245E-009
   3.0122029662102470E-009
   3.1805830060480215E-009
   3.3581232723243579E-009
   3.5453075932420044E-009
   3.7426445360765982E-009
   3.9506686273376521E-009
   4.1699416307121068E-009
   4.4010538854016723E-009
   4.6446257075773923E-009
   4.9013088577909962E-009
   5.1717880773021559E-009
   5.4567826964088871E-009
   5.7570483179961128E-009
   6.0733785796552140E-009
   6.4066069978670448E-009
   6.7576088978889650E-009
   7.1273034331365714E-009
   7.5166556980120367E-009
   7.9266789382919399E-009
   8.3584368633617088E-009
   8.8130460647581841E-009
   9.2916785456676770E-009
   9.7955643662174679E-009
   1.0325994409598125E-008
   1.0884323274257713E-008
   1.1471972297625930E-008
   1.2090432717045711E-008
   1.2741268973821743E-008
   1.3426122166531870E-008
   1.4146713659998918E-008
   1.4904848856573944E-008
   1.5702421136649548E-008
   1.6541415975600610E-008
   1.7423915244631609E-008
   1.8352101703311957E-008
   1.9328263691884401E-008
   2.0354800031753216E-008
   2.1434225142889225E-008
   2.2569174387229292E-008
   2.3762409647506362E-008
   2.5016825151309984E-008
   2.6335453550560255E-008
   2.7721472266971334E-008
   2.9178210114489211E-008
   3.0709154210110271E-008
   3.2317957184926915E-008
   3.4008444707693266E-008
   3.5784623333679916E-008
   3.7650688692064157E-008
   3.9611034025608414E-008
   4.1670259096894569E-008
   4.3833179475919868E-008
   4.6104836224412236E-008
   4.8490505992799752E-008
   5.0995711546355931E-008
   5.3626232737659766E-008
   5.6388117943136382E-008
   5.9287695982104924E-008
   6.2331588537429031E-008
   6.5526723097566207E-008
   6.8880346440528988E-008
   7.2400038681020411E-008
   7.6093727902768028E-008
   7.9969705398874547E-008
   8.4036641543828022E-008
   8.8303602321642862E-008
   9.2780066535491373E-008
   9.7475943725075407E-008
   1.0240159281890294E-007
   1.0756784154962182E-007
   1.1298600666150735E-007
   1.1866791494024623E-007
   1.2462592509619612E-007
   1.3087295053336978E-007
   1.3742248303752322E-007
   1.4428861741785130E-007
   1.5148607713799360E-007
   1.5903024097324431E-007
   1.6693717073213638E-007
   1.7522364008183794E-007
   1.8390716451812655E-007
   1.9300603252208738E-007
   2.0253933794704704E-007
   2.1252701368074474E-007
   2.2298986662919116E-007
   2.3394961407020326E-007
   2.4542892142617176E-007
   2.5745144150723902E-007
   2.7004185527769928E-007
   2.8322591420017917E-007
   2.9703048421382766E-007
   3.1148359140466410E-007
   3.2661446942793025E-007
   3.4245360874433180E-007
   3.5903280773387747E-007
   3.7638522575310222E-007
   3.9454543820347385E-007
   4.1354949368088675E-007
   4.3343497327830424E-007
   4.5424105211583162E-007
   4.7600856317471840E-007
   4.9878006351418774E-007
   5.2259990295230119E-007
   5.4751429529456346E-007
   5.7357139219637399E-007
   6.0082135974812714E-007
   6.2931645787421120E-007
   6.5911112264001447E-007
   6.9026205156365454E-007
   7.2282829203196143E-007
   7.5687133292322069E-007
   7.9245519954196846E-007
   8.2964655197420452E-007
   8.6851478697451435E-007
   9.0913214349954873E-007
   9.5157381200567142E-007
   9.9591804763179531E-007
   1.0422462873916712E-006
   1.0906432715035142E-006
   1.1411971689879687E-006
   1.1939997076693964E-006
   1.2491463087186751E-006
   1.3067362258796259E-006
   1.3668726895248427E-006
   1.4296630556904792E-006
   1.4952189602436169E-006
   1.5636564783394612E-006
   1.6350962893300849E-006
   1.7096638472900884E-006
   1.7874895573291191E-006
   1.8687089578650917E-006
   1.9534629090364284E-006
   2.0418977874361800E-006
   2.1341656873548496E-006
   2.2304246287237852E-006
   2.3308387719552947E-006
   2.4355786398803439E-006
   2.5448213469893479E-006
   2.6587508361865470E-006
   2.7775581232729239E-006
   2.9014415493780720E-006
   3.0306070415656929E-006
   3.1652683818430298E-006
   3.3056474848092490E-006
   3.4519746841831029E-006
   3.6044890284551840E-006
   3.7634385859154808E-006
   3.9290807593122007E-006
   4.1016826104031575E-006
   4.2815211946661372E-006
   4.4688839064404372E-006
   4.6640688347769318E-006
   4.8673851302798506E-006
   5.0791533832279217E-006
   5.2997060132700239E-006
   5.5293876709936852E-006
   5.7685556516720235E-006
   6.0175803214998899E-006
   6.2768455566348650E-006
   6.5467491953657372E-006
   6.8277035037346905E-006
   7.1201356549472841E-006
   7.4244882229081147E-006
   7.7412196902262829E-006
   8.0708049710402275E-006
   8.4137359490172569E-006
   8.7705220308876869E-006
   9.1416907158803277E-006
   9.5277881814297624E-006
   9.9293798855324491E-006
   1.0347051186133127E-005
   1.0781407977928553E-005
   1.1233077346981022E-005
   1.1702708243537039E-005
   1.2190972173454628E-005
   1.2698563908645268E-005
   1.3226202216940821E-005
   1.3774630611801743E-005
   1.4344618122286415E-005
   1.4936960083706012E-005
   1.5552478949391892E-005
   1.6192025124009105E-005
   1.6856477818850098E-005
   1.7546745929548077E-005
   1.8263768936653355E-005
   1.9008517829515888E-005
   1.9781996053923883E-005
   2.0585240483947236E-005
   2.1419322418439494E-005
   2.2285348602652259E-005
   2.3184462275419438E-005
   2.4117844242365479E-005
   2.5086713975600101E-005
   2.6092330740355242E-005
   2.7135994749024706E-005
   2.8219048343064820E-005
   2.9342877203215842E-005
   3.0508911588497870E-005
   3.1718627604442371E-005
   3.2973548501007178E-005
   3.4275246000632116E-005
   3.5625341656878643E-005
   3.7025508244102361E-005
   3.8477471178597865E-005
   3.9983009971651292E-005
   4.1543959714933817E-005
   4.3162212598660008E-005
   4.4839719462929380E-005
   4.6578491382666267E-005
   4.8380601286556537E-005
   5.0248185610383811E-005
   5.2183445985142973E-005
   5.4188650960316219E-005
   5.6266137762666095E-005
   5.8418314090913823E-005
   6.0647659946628416E-005
   6.2956729501668110E-005
   6.5348153002478388E-005
   6.7824638711549165E-005
   7.0388974886313770E-005
   7.3044031795756973E-005
   7.5792763774970673E-005
   7.8638211317903458E-005
   8.1583503208486430E-005
   8.4631858690348613E-005
   8.7786589675266667E-005
   9.1051102990504708E-005
   9.4428902665144357E-005
   9.7923592255512242E-005
   1.0153887720975814E-004
   1.0527856727161647E-004
   1.0914657892337040E-004
   1.1314693786797574E-004
   1.1728378155029381E-004
   1.2156136171735229E-004
   1.2598404701748102E-004
   1.3055632563819031E-004
   1.3528280798256312E-004
   1.4016822938393871E-004
   1.4521745285859579E-004
   1.5043547189611884E-004
   1.5582741328706970E-004
   1.6139853998755108E-004
   1.6715425402021546E-004
   1.7310009941118965E-004
   1.7924176516235293E-004
   1.8558508825838088E-004
   1.9213605670785863E-004
   1.9890081261774865E-004
   2.0588565530044490E-004
   2.1309704441255248E-004
   2.2054160312451077E-004
   2.2822612132007751E-004
   2.3615755882465408E-004
   2.4434304866136894E-004
   2.5278990033372913E-004
   2.6150560313362354E-004
   2.7049782947335683E-004
   2.7977443824036343E-004
   2.8934347817310399E-004
   2.9921319125664284E-004
   3.0939201613626905E-004
   3.1988859154748683E-004
   3.3071175976056476E-004
   3.4187057003781885E-004
   3.5337428210163540E-004
   3.6523236961123366E-004
   3.7745452364599467E-004
   3.9005065619313891E-004
   4.0303090363748783E-004
   4.1640563025077546E-004
   4.3018543167811700E-004
   4.4438113841892307E-004
   4.5900381929961083E-004
   4.7406478493521330E-004
   4.8957559117703800E-004
   5.0554804254326479E-004
   5.2199419562940364E-004
   5.3892636249528510E-004
   5.5635711402528612E-004
   5.7429928325822310E-004
   5.9276596868340810E-004
   6.1177053749909285E-004
   6.3132662882945420E-004
   6.5144815689621325E-004
   6.7214931414079349E-004
   6.9344457429281522E-004
   7.1534869538058079E-004
   7.3787672267920255E-004
   7.6104399159168808E-004
   7.8486613045835533E-004
   8.0935906328973917E-004
   8.3453901241802757E-004
   8.6042250106200863E-004
   8.8702635580019808E-004
   9.1436770894698816E-004
   9.4246400082616103E-004
   9.7133298193637682E-004
   1.0009927150027077E-003
   1.0314615769085587E-003
   1.0627582605018259E-003
   1.0949017762693519E-003
   1.1279114538732709E-003
   1.1618069435430402E-003
   1.1966082173165374E-003
   1.2323355701236893E-003
   1.2690096207058955E-003
   1.3066513123642651E-003
   1.3452819135299284E-003
   1.3849230181490542E-003
   1.4255965458755228E-003
   1.4673247420638274E-003
   1.5101301775548471E-003
   1.5540357482468580E-003
   1.5990646744441545E-003
   1.6452404999754387E-003
   1.6925870910742729E-003
   1.7411286350134038E-003
   1.7908896384849729E-003
   1.8418949257186367E-003
   1.8941696363290496E-003
   1.9477392228846081E-003
   2.0026294481888811E-003
   2.0588663822664610E-003
   2.1164763990444012E-003
   2.1754861727210071E-003
   2.2359226738128584E-003
   2.2978131648718090E-003
   2.3611851958628017E-003
   2.4260665991939546E-003
   2.4924854843899951E-003
   2.5604702324002232E-003
   2.6300494895320253E-003
   2.7012521610011264E-003
   2.7741074040898523E-003
   2.8486446209041805E-003
   2.9248934507209085E-003
   3.0028837619161890E-003
   3.0826456434664413E-003
   3.1642093960130677E-003
   3.2476055224818297E-003
   3.3328647182490571E-003
   3.4200178608451205E-003
   3.5090959991874609E-003
   3.6001303423343163E-003
   3.6931522477510513E-003
   3.7881932090808030E-003
   3.8852848434116553E-003
   3.9844588780318978E-003
   4.0857471366663638E-003
   4.1891815251854725E-003
   4.2947940167802094E-003
   4.4026166365954767E-003
   4.5126814458147984E-003
   4.6250205251899745E-003
   4.7396659580085923E-003
   4.8566498124936620E-003
   4.9760041236288867E-003
   5.0977608744039978E-003
   5.2219519764747377E-003
   5.3486092502324431E-003
   5.4777644042779570E-003
   5.6094490142960746E-003
   5.7436945013258998E-003
   5.8805321094234520E-003
   6.0199928827135273E-003
   6.1621076418276691E-003
   6.3069069597250331E-003
   6.4544211368960788E-003
   6.6046801759446902E-003
   6.7577137555503300E-003
   6.9135512038075034E-003
   7.0722214709440304E-003
   7.2337531014172026E-003
   7.3981742053900500E-003
   7.5655124295882260E-003
   7.7357949275402562E-003
   7.9090483292040097E-003
   8.0852987099818575E-003
   8.2645715591298761E-003
   8.4468917475643921E-003
   8.6322834950726141E-003
   8.8207703369320278E-003
   9.0123750899463433E-003
   9.2071198179049830E-003
   9.4050257964746111E-003
   9.6061134775311911E-003
   9.8104024529431962E-003
   1.0017911417815537E-002
   1.0228658133207166E-002
   1.0442659388332370E-002
   1.0659930962261336E-002
   1.0880487585131474E-002
   1.1104342898887055E-002
   1.1331509417559591E-002
   1.1561998487108989E-002
   1.1795820244840253E-002
   1.2032983578416366E-002
   1.2273496084485273E-002
   1.2517364026942285E-002
   1.2764592294848543E-002
   1.3015184360028978E-002
   1.3269142234372151E-002
   1.3526466426856527E-002
   1.3787155900328567E-002
   1.4051208028060085E-002
   1.4318618550110180E-002
   1.4589381529522624E-002
   1.4863489308386034E-002
   1.5140932463789260E-002
   1.5421699763702111E-002
   1.5705778122814682E-002
   1.5993152558370020E-002
   1.6283806146022241E-002
   1.6577719975758971E-002
   1.6874873107922985E-002
   1.7175242529371516E-002
   1.7478803109813267E-002
   1.7785527558360489E-002
   1.8095386380340684E-002
   1.8408347834406605E-002
   1.8724377889990110E-002
   1.9043440185143427E-002
   1.9365495984812138E-002
   1.9690504139586482E-002
   2.0018421044978033E-002
   2.0349200601270118E-002
   2.0682794173990056E-002
   2.1019150555054478E-002
   2.1358215924636742E-002
   2.1699933813809073E-002
   2.2044245068012489E-002
   2.2391087811406262E-002
   2.2740397412152315E-002
   2.3092106448689035E-002
   2.3446144677049200E-002
   2.3802438999280848E-002
   2.4160913433024556E-002
   2.4521489082306547E-002
   2.4884084109607230E-002
   2.5248613709261014E-002
   2.5614990082249111E-002
   2.5983122412443365E-002
   2.6352916844361324E-002
   2.6724276462494690E-002
   2.7097101272270871E-002
   2.7471288182706655E-002
   2.7846730990820891E-002
   2.8223320367860925E-002
   2.8600943847409827E-002
   2.8979485815431999E-002
   2.9358827502323336E-002
   2.9738846977022705E-002
   3.0119419143249348E-002
   3.0500415737926397E-002
   3.0881705331851302E-002
   3.1263153332673620E-002
   3.1644621990242136E-002
   3.2025970404379003E-002
   3.2407054535140777E-002
   3.2787727215625000E-002
   3.3167838167381655E-002
   3.3547234018483189E-002
   3.3925758324313091E-002
   3.4303251591124753E-002
   3.4679551302428314E-002
   3.5054491948256952E-002
   3.5427905057363804E-002
   3.5799619232399674E-002
   3.6169460188126758E-002
   3.6537250792707511E-002
   3.6902811112119814E-002
   3.7265958457745850E-002
   3.7626507437167500E-002
   3.7984270008223422E-002
   3.8339055536356303E-002
   3.8690670855288455E-002
   3.9038920331069094E-002
   3.9383605929515217E-002
   3.9724527287085497E-002
   4.0061481785211572E-002
   4.0394264628108370E-002
   4.0722668924097497E-002
   4.1046485770455221E-002
   4.1365504341804776E-002
   4.1679511982071066E-002
   4.1988294300006203E-002
   4.2291635268292355E-002
   4.2589317326242569E-002
   4.2881121486076562E-002
   4.3166827442798948E-002
   4.3446213687654466E-002
   4.3719057625165259E-002
   4.3985135693731019E-002
   4.4244223489782880E-002
   4.4496095895472210E-002
   4.4740527209869138E-002
   4.4977291283644652E-002
   4.5206161657212987E-002
   4.5426911702289907E-002
   4.5639314766836435E-002
   4.5843144323344784E-002
   4.6038174120411404E-002
   4.6224178337564557E-002
   4.6400931743270792E-002
   4.6568209856072865E-002
   4.6725789108794012E-002
   4.6873447015734919E-002
   4.7010962342796087E-002
   4.7138115280445474E-002
   4.7254687619448149E-002
   4.7360462929270090E-002
   4.7455226739071328E-002
   4.7538766721181881E-002
   4.7610872876965402E-002
   4.7671337724967983E-002
   4.7719956491232118E-002
   4.7756527301672014E-002
   4.7780851376376422E-002
   4.7792733225727566E-002
   4.7791980848200771E-002
   4.7778405929706218E-002
   4.7751824044344734E-002
   4.7712054856421757E-002
   4.7658922323579968E-002
   4.7592254900896330E-002
   4.7511885745781336E-002
   4.7417652923523963E-002
   4.7309399613317316E-002
   4.7186974314584330E-002
   4.7050231053443782E-002
   4.6899029589122926E-002
   4.6733235620143816E-002
   4.6552720990092153E-002
   4.6357363892778197E-002
   4.6147049076592131E-002
   4.5921668047863011E-002
   4.5681119273006561E-002
   4.5425308379272597E-002
   4.5154148353866379E-002
   4.4867559741245289E-002
   4.4565470838367441E-002
   4.4247817887681062E-002
   4.3914545267623652E-002
   4.3565605680422136E-002
   4.3200960336955349E-002
   4.2820579138459366E-002
   4.2424440854843336E-002
   4.2012533299388359E-002
   4.1584853499587855E-002
   4.1141407863901858E-002
   4.0682212344193912E-002
   4.0207292593604560E-002
   3.9716684119632042E-002
   3.9210432432178428E-002
   3.8688593186327301E-002
   3.8151232319613815E-002
   3.7598426183550665E-002
   3.7030261669172268E-002
   3.6446836326368706E-002
   3.5848258476759216E-002
   3.5234647319893397E-002
   3.4606133032527624E-002
   3.3962856860764196E-002
   3.3304971204817090E-002
   3.2632639696183748E-002
   3.1946037266996345E-002
   3.1245350211341959E-002
   3.0530776238329844E-002
   2.9802524516695700E-002
   2.9060815710742156E-002
   2.8305882007399780E-002
   2.7537967134228535E-002
   2.6757326368148891E-002
   2.5964226534725819E-002
   2.5158945997821473E-002
   2.4341774639437219E-002
   2.3513013829583932E-002
   2.2672976386005475E-002
   2.1821986523611198E-002
   2.0960379793456829E-002
   2.0088503011143333E-002
   1.9206714174494519E-002
   1.8315382370389616E-002
   1.7414887670632134E-002
   1.6505621016753947E-002
   1.5587984093643830E-002
   1.4662389191924755E-002
   1.3729259058988865E-002
   1.2789026738628671E-002
   1.1842135399201731E-002
   1.0889038150276668E-002
   9.9301978477286720E-003
   8.9660868872549222E-003
   7.9971869862916871E-003
   7.0239889543314239E-003
   6.0469924516516390E-003
   5.0667057364646014E-003
   4.0836454005305119E-003
   3.0983360932724724E-003
   2.1113102344552932E-003
   1.1231077154901918E-003
   1.3427558945796743E-004
  -8.5463225006258568E-004
  -1.8430554012452284E-003
  -2.8304272972209102E-003
  -3.8161755601107167E-003
  -4.7997223657233259E-003
  -5.7804848187631768E-003
  -6.7578753383665674E-003
  -7.7313020537745896E-003
  -8.7001692099357830E-003
  -9.6638775828226820E-003
  -1.0621824904221590E-002
  -1.1573406295755706E-002
  -1.2518014711868627E-002
  -1.3455041391503940E-002
  -1.4383876318181317E-002
  -1.5303908688168581E-002
  -1.6214527386431806E-002
  -1.7115121470030459E-002
  -1.8005080658611596E-002
  -1.8883795831645674E-002
  -1.9750659532031693E-002
  -2.0605066475684941E-002
  -2.1446414066707713E-002
  -2.2274102917736467E-002
  -2.3087537375030370E-002
  -2.3886126047881522E-002
  -2.4669282341883210E-002
  -2.5436424995608664E-002
  -2.6186978620215001E-002
  -2.6920374241505562E-002
  -2.7636049843944084E-002
  -2.8333450916125571E-002
  -2.9012030997184746E-002
  -2.9671252223621027E-002
  -3.0310585876010161E-002
  -3.0929512925056694E-002
  -3.1527524576441146E-002
  -3.2104122813899329E-002
  -3.2658820939979696E-002
  -3.3191144113895281E-002
  -3.3700629885903700E-002
  -3.4186828727620626E-002
  -3.4649304557688658E-002
  -3.5087635262205673E-002
  -3.5501413209308080E-002
  -3.5890245757324725E-002
  -3.6253755755881224E-002
  -3.6591582039363413E-002
  -3.6903379912124563E-002
  -3.7188821624837602E-002
  -3.7447596841376059E-002
  -3.7679413095626904E-002
  -3.7883996237621835E-002
  -3.8061090868394612E-002
  -3.8210460762948283E-002
  -3.8331889280757446E-002
  -3.8425179763194074E-002
  -3.8490155917300414E-002
  -3.8526662185327874E-002
  -3.8534564099458726E-002
  -3.8513748621155905E-002
  -3.8464124464571960E-002
  -3.8385622403472541E-002
  -3.8278195561131607E-002
  -3.8141819682669956E-002
  -3.7976493389314817E-002
  -3.7782238414082313E-002
  -3.7559099818376677E-002
  -3.7307146189041351E-002
  -3.7026469815378195E-002
  -3.6717186845704339E-002
  -3.6379437422993273E-002
  -3.6013385799193366E-002
  -3.5619220427822632E-002
  -3.5197154034452192E-002
  -3.4747423664719529E-002
  -3.4270290709523338E-002
  -3.3766040907079770E-002
  -3.3234984321535634E-002
  -3.2677455297859578E-002
  -3.2093812392746619E-002
  -3.1484438281307252E-002
  -3.0849739639322676E-002
  -3.0190147000883592E-002
  -2.9506114591244227E-002
  -2.8798120134754888E-002
  -2.8066664637759187E-002
  -2.7312272146375854E-002
  -2.6535489479095418E-002
  -2.5736885934170999E-002
  -2.4917052971790293E-002
  -2.4076603871055337E-002
  -2.3216173361823526E-002
  -2.2336417231487903E-002
  -2.1438011906809915E-002
  -2.0521654010946157E-002
  -1.9588059895827323E-002
  -1.8637965150105084E-002
  -1.7672124082879513E-002
  -1.6691309183478598E-002
  -1.5696310557572375E-002
  -1.4687935339946757E-002
  -1.3667007084284113E-002
  -1.2634365130331601E-002
  -1.1590863948871415E-002
  -1.0537372464929752E-002
  -9.4747733597016475E-003
  -8.4039623516901363E-003
  -7.3258474575936599E-003
  -6.2413482334980766E-003
  -5.1513949969740026E-003
  -4.0569280306850140E-003
  -2.9588967681697244E-003
  -1.8582589624618257E-003
  -7.5597983826071534E-004
   3.4696877162035546E-004
   1.4496093047654736E-003
   2.5509593618474355E-003
   3.6500326126845291E-003
   4.7458397148320555E-003
   5.8373892438421905E-003
   6.9236886343171048E-003
   8.0037451308414467E-003
   9.0765667478743244E-003
   1.0141163237645199E-002
   1.1196547065088082E-002
   1.2241734388823576E-002
   1.3275746047182499E-002
   1.4297608548249010E-002
   1.5306355062876725E-002
   1.6301026419628693E-002
   1.7280672100566243E-002
   1.8244351236807125E-002
   1.9191133602753433E-002
   2.0120100607887582E-002
   2.1030346285022261E-002
   2.1920978273872530E-002
   2.2791118798830185E-002
   2.3639905639798488E-002
   2.4466493094946046E-002
   2.5270052934241005E-002
   2.6049775342617449E-002
   2.6804869851626945E-002
   2.7534566258436102E-002
   2.8238115531025273E-002
   2.8914790698451688E-002
   2.9563887725043436E-002
   3.0184726367402812E-002
   3.0776651013099381E-002
   3.1339031499944270E-002
   3.1871263914758148E-002
   3.2372771370538317E-002
   3.2843004760967395E-002
   3.3281443491201851E-002
   3.3687596183911261E-002
   3.4061001359548912E-002
   3.4401228089855664E-002
   3.4707876623627662E-002
   3.4980578983785551E-002
   3.5218999534828516E-002
   3.5422835519766695E-002
   3.5591817565654313E-002
   3.5725710156884506E-002
   3.5824312075424289E-002
   3.5887456807208847E-002
   3.5915012913944985E-002
   3.5906884369596374E-002
   3.5863010860882470E-002
   3.5783368051132081E-002
   3.5667967806888155E-002
   3.5516858386699865E-002
   3.5330124591554032E-002
   3.5107887876479581E-002
   3.4850306422859030E-002
   3.4557575171053657E-002
   3.4229925812974064E-002
   3.3867626744286089E-002
   3.3470982975977101E-002
   3.3040336005061163E-002
   3.2576063644247075E-002
   3.2078579810433501E-002
   3.1548334271961791E-002
   3.0985812354578091E-002
   3.0391534606139976E-002
   2.9766056420119539E-002
   2.9109967618031012E-002
   2.8423891990944861E-002
   2.7708486800310763E-002
   2.6964442238356191E-002
   2.6192480848385068E-002
   2.5393356905348136E-002
   2.4567855757104962E-002
   2.3716793126858982E-002
   2.2841014377286979E-002
   2.1941393736938774E-002
   2.1018833489540471E-002
   2.0074263126872053E-002
   1.9108638465950199E-002
   1.8122940731294369E-002
   1.7118175603094917E-002
   1.6095372232167032E-002
   1.5055582222606322E-002
   1.3999878583107139E-002
   1.2929354647973391E-002
   1.1845122968863522E-002
   1.0748314178385203E-002
   9.6400758266784632E-003
   8.5215711921756733E-003
   7.3939780677705876E-003
   6.2584875236590337E-003
   5.1163026481602309E-003
   3.9686372678598546E-003
   2.8167146484563898E-003
   1.6617661777180600E-003
   5.0503003199873944E-004
  -6.5225017221309778E-004
  -1.8088267402113895E-003
  -2.9634492729138486E-003
  -4.1148660510808678E-003
  -5.2618254283230189E-003
  -6.4030772312974344E-003
  -7.5373741654686400E-003
  -8.6634732247865519E-003
  -9.7801371036307667E-003
  -1.0886135609345199E-002
  -1.1980247073674155E-002
  -1.3061259761413148E-002
  -1.4127973274560928E-002
  -1.5179199950273992E-002
  -1.6213766250903927E-002
  -1.7230514144406975E-002
  -1.8228302473405348E-002
  -1.9206008311202030E-002
  -2.0162528303028959E-002
  -2.1096779990842411E-002
  -2.2007703119966564E-002
  -2.2894260925917953E-002
  -2.3755441399737509E-002
  -2.4590258530196245E-002
  -2.5397753521232101E-002
  -2.6176995983026283E-002
  -2.6927085095123437E-002
  -2.7647150740037384E-002
  -2.8336354605822039E-002
  -2.8993891256095871E-002
  -2.9618989166050932E-002
  -3.0210911723015665E-002
  -3.0768958190168151E-002
  -3.1292464632038816E-002
  -3.1780804800480511E-002
  -3.2233390979828171E-002
  -3.2649674790009867E-002
  -3.3029147946425079E-002
  -3.3371342975439471E-002
  -3.3675833884412525E-002
  -3.3942236785211848E-002
  -3.4170210470229195E-002
  -3.4359456939962424E-002
  -3.4509721881286676E-002
  -3.4620795095595645E-002
  -3.4692510876052747E-002
  -3.4724748333247207E-002
  -3.4717431668625835E-002
  -3.4670530395114876E-002
  -3.4584059504424926E-002
  -3.4458079580587664E-002
  -3.4292696859350956E-002
  -3.4088063233111990E-002
  -3.3844376201143653E-002
  -3.3561878764934772E-002
  -3.3240859268538668E-002
  -3.2881651183883601E-002
  -3.2484632841082065E-002
  -3.2050227103833595E-002
  -3.1578900990097240E-002
  -3.1071165238268816E-002
  -3.0527573819179057E-002
  -2.9948723394291547E-002
  -2.9335252720560097E-002
  -2.8687842002460343E-002
  -2.8007212191798008E-002
  -2.7294124235944732E-002
  -2.6549378275245977E-002
  -2.5773812790389535E-002
  -2.4968303700610438E-002
  -2.4133763413661923E-002
  -2.3271139828553698E-002
  -2.2381415292123470E-002
  -2.1465605510570290E-002
  -2.0524758417139136E-002
  -1.9559952997209699E-002
  -1.8572298072107061E-002
  -1.7562931042996652E-002
  -1.6533016596299400E-002
  -1.5483745372100911E-002
  -1.4416332597102387E-002
  -1.3332016683692275E-002
  -1.2232057796782058E-002
  -1.1117736390089061E-002
  -9.9903517135995698E-003
  -8.8512202939872078E-003
  -7.7016743898048155E-003
  -6.5430604233054262E-003
  -5.3767373907829107E-003
  -4.2040752533646069E-003
  -3.0264533102137242E-003
  -1.8452585561315341E-003
  -6.6188402557777520E-004
   5.2227287485205002E-004
   1.7058120434278504E-003
   2.8873323676786309E-003
   4.0654334140821091E-003
   5.2387171209405548E-003
   6.4057894923100966E-003
   7.5652622908588879E-003
   8.7157547275094286E-003
   9.8558951457298361E-003
   1.0984322698328988E-002
   1.2099689014622432E-002
   1.3200659855833673E-002
   1.4285916756612574E-002
   1.5354158650553116E-002
   1.6404103477620967E-002
   1.7434489771406166E-002
   1.8444078224149368E-002
   1.9431653227497018E-002
   2.0396024386982656E-002
   2.1336028008248725E-002
   2.2250528553061609E-002
   2.3138420063201826E-002
   2.3998627550353473E-002
   2.4830108350148618E-002
   2.5631853438573687E-002
   2.6402888708980631E-002
   2.7142276207998754E-002
   2.7849115328690995E-002
   2.8522543959346038E-002
   2.9161739586356764E-002
   2.9765920349692734E-002
   3.0334346049525288E-002
   3.0866319102631608E-002
   3.1361185447267875E-002
   3.1818335395252972E-002
   3.2237204430088338E-002
   3.2617273949994946E-002
   3.2958071954821769E-002
   3.3259173675857671E-002
   3.3520202147630331E-002
   3.3740828720886545E-002
   3.3920773515978622E-002
   3.4059805816000550E-002
   3.4157744399059033E-002
   3.4214457809178936E-002
   3.4229864565383288E-002
   3.4203933308600304E-002
   3.4136682886114177E-002
   3.4028182373360742E-002
   3.3878551032954583E-002
   3.3687958210910723E-002
   3.3456623170110195E-002
   3.3184814861137765E-002
   3.2872851630706995E-002
   3.2521100867965259E-002
   3.2129978589055468E-002
   3.1699948960393187E-002
   3.1231523761197342E-002
   3.0725261785893267E-002
   3.0181768187085355E-002
   2.9601693759883370E-002
   2.8985734168429415E-002
   2.8334629115563094E-002
   2.7649161456630697E-002
   2.6930156258521683E-002
   2.6178479805087553E-002
   2.5395038550172052E-002
   2.4580778019541689E-002
   2.3736681663094297E-002
   2.2863769658765652E-002
   2.1963097669638641E-002
   2.1035755555805669E-002
   2.0082866042613553E-002
   1.9105583346960272E-002
   1.8105091763387884E-002
   1.7082604211745785E-002
   1.6039360748279444E-002
   1.4976627042027185E-002
   1.3895692818456042E-002
   1.2797870272325798E-002
   1.1684492451798825E-002
   1.0556911615851485E-002
   9.4164975670928980E-003
   8.2646359621101687E-003
   7.1027266015071663E-003
   5.9321817018206406E-003
   4.7544241515249394E-003
   3.5708857533560423E-003
   2.3830054552151318E-003
   1.1922275719071203E-003
   6.9219445148052606E-016
  -1.1922275719057805E-003
  -2.3830054552137427E-003
  -3.5708857533546480E-003
  -4.7544241515226652E-003
  -5.9321817018180090E-003
  -7.1027266015036804E-003
  -8.2646359621062326E-003
  -9.4164975670888527E-003
  -1.0556911615847046E-002
  -1.1684492451795083E-002
  -1.2797870272323215E-002
  -1.3895692818454146E-002
  -1.4976627042027017E-002
  -1.6039360748280926E-002
  -1.7082604211748668E-002
  -1.8105091763391999E-002
  -1.9105583346965788E-002
  -2.0082866042618785E-002
  -2.1035755555811241E-002
  -2.1963097669644226E-002
  -2.2863769658771183E-002
  -2.3736681663099682E-002
  -2.4580778019547386E-002
  -2.5395038550177770E-002
  -2.6178479805093722E-002
  -2.6930156258527311E-002
  -2.7649161456635065E-002
  -2.8334629115565422E-002
  -2.8985734168429613E-002
  -2.9601693759881059E-002
  -3.0181768187080505E-002
  -3.0725261785886152E-002
  -3.1231523761189390E-002
  -3.1699948960384541E-002
  -3.2129978589046003E-002
  -3.2521100867955163E-002
  -3.2872851630696691E-002
  -3.3184814861127385E-002
  -3.3456623170099668E-002
  -3.3687958210900266E-002
  -3.3878551032944480E-002
  -3.4028182373351271E-002
  -3.4136682886105357E-002
  -3.4203933308592283E-002
  -3.4229864565376009E-002
  -3.4214457809172816E-002
  -3.4157744399053926E-002
  -3.4059805815997039E-002
  -3.3920773515977616E-002
  -3.3740828720887128E-002
  -3.3520202147632842E-002
  -3.3259173675861349E-002
  -3.2958071954828416E-002
  -3.2617273950004369E-002
  -3.2237204430101481E-002
  -3.1818335395269744E-002
  -3.1361185447287797E-002
  -3.0866319102654506E-002
  -3.0334346049551146E-002
  -2.9765920349722235E-002
  -2.9161739586390234E-002
  -2.8522543959383608E-002
  -2.7849115328732816E-002
  -2.7142276208045123E-002
  -2.6402888709031676E-002
  -2.5631853438630704E-002
  -2.4830108350211440E-002
  -2.3998627550421817E-002
  -2.3138420063276394E-002
  -2.2250528553142038E-002
  -2.1336028008334874E-002
  -2.0396024387074486E-002
  -1.9431653227593996E-002
  -1.8444078224251485E-002
  -1.7434489771512750E-002
  -1.6404103477731670E-002
  -1.5354158650668359E-002
  -1.4285916756731881E-002
  -1.3200659855956691E-002
  -1.2099689014747990E-002
  -1.0984322698457803E-002
  -9.8558951458618642E-003
  -8.7157547276448255E-003
  -7.5652622909965954E-003
  -6.4057894924503204E-003
  -5.2387171210829114E-003
  -4.0654334142264702E-003
  -2.8873323678258720E-003
  -1.7058120435786135E-003
  -5.2227287500523716E-004
   6.6188402542241760E-004
   1.8452585559739223E-003
   3.0264533100539145E-003
   4.2040752532038293E-003
   5.3767373906206308E-003
   6.5430604231419666E-003
   7.7016743896400766E-003
   8.8512202938219077E-003
   9.9903517134343305E-003
   1.1117736389924851E-002
   1.2232057796618193E-002
   1.3332016683529105E-002
   1.4416332596939424E-002
   1.5483745371938305E-002
   1.6533016596137016E-002
   1.7562931042834396E-002
   1.8572298071944333E-002
   1.9559952997047745E-002
   2.0524758416978577E-002
   2.1465605510411795E-002
   2.2381415291967143E-002
   2.3271139828399880E-002
   2.4133763413511623E-002
   2.4968303700463226E-002
   2.5773812790245560E-002
   2.6549378275105655E-002
   2.7294124235808827E-002
   2.8007212191666287E-002
   2.8687842002333690E-002
   2.9335252720438375E-002
   2.9948723394175439E-002
   3.0527573819067538E-002
   3.1071165238161062E-002
   3.1578900989992872E-002
   3.2050227103732613E-002
   3.2484632840984948E-002
   3.2881651183791709E-002
   3.3240859268451953E-002
   3.3561878764853066E-002
   3.3844376201066104E-002
   3.4088063233039229E-002
   3.4292696859281768E-002
   3.4458079580522112E-002
   3.4584059504362601E-002
   3.4670530395055799E-002
   3.4717431668569262E-002
   3.4724748333193847E-002
   3.4692510876004730E-002
   3.4620795095552964E-002
   3.4509721881248172E-002
   3.4359456939927209E-002
   3.4170210470196145E-002
   3.3942236785179804E-002
   3.3675833884380953E-002
   3.3371342975407843E-002
   3.3029147946392896E-002
   3.2649674789977649E-002
   3.2233390979795822E-002
   3.1780804800449057E-002
   3.1292464632007466E-002
   3.0768958190137020E-002
   3.0210911722984259E-002
   2.9618989166018919E-002
   2.8993891256063286E-002
   2.8336354605788726E-002
   2.7647150740003564E-002
   2.6927085095089349E-002
   2.6176995982991565E-002
   2.5397753521195839E-002
   2.4590258530158646E-002
   2.3755441399699762E-002
   2.2894260925879106E-002
   2.2007703119927152E-002
   2.1096779990801732E-002
   2.0162528302988668E-002
   1.9206008311161891E-002
   1.8228302473366566E-002
   1.7230514144369401E-002
   1.6213766250867432E-002
   1.5179199950238300E-002
   1.4127973274526162E-002
   1.3061259761379312E-002
   1.1980247073640716E-002
   1.0886135609311048E-002
   9.7801371035970783E-003
   8.6634732247527005E-003
   7.5373741654359188E-003
   6.4030772312656248E-003
   5.2618254282926725E-003
   4.1148660510518468E-003
   2.9634492728872024E-003
   1.8088267401863000E-003
   6.5225017218997837E-004
  -5.0503003202081098E-004
  -1.6617661777378345E-003
  -2.8167146484739764E-003
  -3.9686372678759052E-003
  -5.1163026481746907E-003
  -6.2584875236726357E-003
  -7.3939780677832363E-003
  -8.5215711921874868E-003
  -9.6400758266894822E-003
  -1.0748314178395313E-002
  -1.1845122968871479E-002
  -1.2929354647979285E-002
  -1.3999878583110531E-002
  -1.5055582222607139E-002
  -1.6095372232166165E-002
  -1.7118175603092606E-002
  -1.8122940731291056E-002
  -1.9108638465946612E-002
  -2.0074263126868021E-002
  -2.1018833489536780E-002
  -2.1941393736935447E-002
  -2.2841014377284221E-002
  -2.3716793126857399E-002
  -2.4567855757104320E-002
  -2.5393356905348607E-002
  -2.6192480848386282E-002
  -2.6964442238358022E-002
  -2.7708486800313490E-002
  -2.8423891990949194E-002
  -2.9109967618036688E-002
  -2.9766056420127075E-002
  -3.0391534606148594E-002
  -3.0985812354588096E-002
  -3.1548334271972352E-002
  -3.2078579810445207E-002
  -3.2576063644258059E-002
  -3.3040336005072744E-002
  -3.3470982975988099E-002
  -3.3867626744297580E-002
  -3.4229925812984792E-002
  -3.4557575171064087E-002
  -3.4850306422868724E-002
  -3.5107887876489025E-002
  -3.5330124591563185E-002
  -3.5516858386708497E-002
  -3.5667967806896031E-002
  -3.5783368051137333E-002
  -3.5863010860885960E-002
  -3.5906884369597360E-002
  -3.5915012913943070E-002
  -3.5887456807204253E-002
  -3.5824312075416143E-002
  -3.5725710156873473E-002
  -3.5591817565639172E-002
  -3.5422835519746919E-002
  -3.5218999534802703E-002
  -3.4980578983753542E-002
  -3.4707876623588686E-002
  -3.4401228089809499E-002
  -3.4061001359494768E-002
  -3.3687596183849769E-002
  -3.3281443491133336E-002
  -3.2843004760892122E-002
  -3.2372771370456459E-002
  -3.1871263914669871E-002
  -3.1339031499850768E-002
  -3.0776651013000218E-002
  -3.0184726367298832E-002
  -2.9563887724933850E-002
  -2.8914790698336551E-002
  -2.8238115530904589E-002
  -2.7534566258310546E-002
  -2.6804869851497368E-002
  -2.6049775342485031E-002
  -2.5270052934105624E-002
  -2.4466493094807931E-002
  -2.3639905639657743E-002
  -2.2791118798687213E-002
  -2.1920978273726469E-002
  -2.1030346284873009E-002
  -2.0120100607735492E-002
  -1.9191133602598803E-002
  -1.8244351236650875E-002
  -1.7280672100408116E-002
  -1.6301026419468206E-002
  -1.5306355062714343E-002
  -1.4297608548085382E-002
  -1.3275746047016692E-002
  -1.2241734388655711E-002
  -1.1196547064918303E-002
  -1.0141163237472984E-002
  -9.0765667476998043E-003
  -8.0037451306652248E-003
  -6.9236886341392592E-003
  -5.8373892436623170E-003
  -4.7458397146499191E-003
  -3.6500326125006536E-003
  -2.5509593616616223E-003
  -1.4496093045784687E-003
  -3.4696877143277933E-004
   7.5597983844917570E-004
   1.8582589626509041E-003
   2.9588967683582992E-003
   4.0569280308731170E-003
   5.1513949971613961E-003
   6.2413482336856098E-003
   7.3258474577809415E-003
   8.4039623518775940E-003
   9.4747733598889838E-003
   1.0537372465116572E-002
   1.1590863949057567E-002
   1.2634365130516988E-002
   1.3667007084467673E-002
   1.4687935340127875E-002
   1.5696310557751211E-002
   1.6691309183655044E-002
   1.7672124083053423E-002
   1.8637965150274990E-002
   1.9588059895993184E-002
   2.0521654011107723E-002
   2.1438011906968101E-002
   2.2336417231642588E-002
   2.3216173361974606E-002
   2.4076603871202234E-002
   2.4917052971932151E-002
   2.5736885934306716E-002
   2.6535489479225377E-002
   2.7312272146500803E-002
   2.8066664637878665E-002
   2.8798120134867551E-002
   2.9506114591351322E-002
   3.0190147000983578E-002
   3.0849739639416181E-002
   3.1484438281395175E-002
   3.2093812392829393E-002
   3.2677455297937308E-002
   3.3234984321608679E-002
   3.3766040907147875E-002
   3.4270290709587738E-002
   3.4747423664780348E-002
   3.5197154034509306E-002
   3.5619220427875388E-002
   3.6013385799242223E-002
   3.6379437423038133E-002
   3.6717186845745924E-002
   3.7026469815415290E-002
   3.7307146189073326E-002
   3.7559099818404884E-002
   3.7782238414106176E-002
   3.7976493389334794E-002
   3.8141819682685714E-002
   3.8278195561143695E-002
   3.8385622403481430E-002
   3.8464124464578010E-002
   3.8513748621159687E-002
   3.8534564099459698E-002
   3.8526662185326334E-002
   3.8490155917294343E-002
   3.8425179763182937E-002
   3.8331889280741424E-002
   3.8210460762927771E-002
   3.8061090868369202E-002
   3.7883996237592150E-002
   3.7679413095592591E-002
   3.7447596841337631E-002
   3.7188821624794512E-002
   3.6903379912077192E-002
   3.6591582039310393E-002
   3.6253755755824055E-002
   3.5890245757262913E-002
   3.5501413209243202E-002
   3.5087635262138109E-002
   3.4649304557619540E-002
   3.4186828727549710E-002
   3.3700629885831321E-002
   3.3191144113821333E-002
   3.2658820939904278E-002
   3.2104122813823528E-002
   3.1527524576365373E-002
   3.0929512924980883E-002
   3.0310585875933924E-002
   2.9671252223544230E-002
   2.9012030997106579E-002
   2.8333450916047692E-002
   2.7636049843865456E-002
   2.6920374241425914E-002
   2.6186978620134464E-002
   2.5436424995527146E-002
   2.4669282341801026E-002
   2.3886126047797437E-002
   2.3087537374944071E-002
   2.2274102917647764E-002
   2.1446414066616647E-002
   2.0605066475589934E-002
   1.9750659531933695E-002
   1.8883795831544564E-002
   1.8005080658508178E-002
   1.7115121469924385E-002
   1.6214527386322970E-002
   1.5303908688057309E-002
   1.4383876318068402E-002
   1.3455041391389887E-002
   1.2518014711753846E-002
   1.1573406295640990E-002
   1.0621824904107537E-002
   9.6638775827083325E-003
   8.7001692098212565E-003
   7.7313020536598212E-003
   6.7578753382508683E-003
   5.7804848186468229E-003
   4.7997223656064238E-003
   3.8161755599937040E-003
   2.8304272971040726E-003
   1.8430554011277592E-003
   8.5463224994532271E-004
  -1.3427558957604047E-004
  -1.1231077156072598E-003
  -2.1113102345713904E-003
  -3.0983360933876641E-003
  -4.0836454006455657E-003
  -5.0667057365802138E-003
  -6.0469924517677119E-003
  -7.0239889544476304E-003
  -7.9971869864077436E-003
  -8.9660868873708555E-003
  -9.9301978478438802E-003
  -1.0889038150391212E-002
  -1.1842135399315244E-002
  -1.2789026738741370E-002
  -1.3729259059100161E-002
  -1.4662389192035576E-002
  -1.5587984093753563E-002
  -1.6505621016862121E-002
  -1.7414887670738614E-002
  -1.8315382370493547E-002
  -1.9206714174596285E-002
  -2.0088503011243587E-002
  -2.0960379793555268E-002
  -2.1821986523708217E-002
  -2.2672976386101228E-002
  -2.3513013829679023E-002
  -2.4341774639532632E-002
  -2.5158945997917726E-002
  -2.5964226534823255E-002
  -2.6757326368246515E-002
  -2.7537967134325318E-002
  -2.8305882007495366E-002
  -2.9060815710836893E-002
  -2.9802524516790659E-002
  -3.0530776238425074E-002
  -3.1245350211438649E-002
  -3.1946037267094544E-002
  -3.2632639696282655E-002
  -3.3304971204918099E-002
  -3.3962856860866510E-002
  -3.4606133032631992E-002
  -3.5234647319999583E-002
  -3.5848258476867290E-002
  -3.6446836326478251E-002
  -3.7030261669284088E-002
  -3.7598426183664033E-002
  -3.8151232319729500E-002
  -3.8688593186444312E-002
  -3.9210432432296077E-002
  -3.9716684119750052E-002
  -4.0207292593722632E-002
  -4.0682212344312532E-002
  -4.1141407864020853E-002
  -4.1584853499708349E-002
  -4.2012533299511108E-002
  -4.2424440854966675E-002
  -4.2820579138582789E-002
  -4.3200960337078820E-002
  -4.3565605680544739E-002
  -4.3914545267744416E-002
  -4.4247817887799447E-002
  -4.4565470838484035E-002
  -4.4867559741359635E-002
  -4.5154148353978775E-002
  -4.5425308379383383E-002
  -4.5681119273115543E-002
  -4.5921668047969690E-002
  -4.6147049076696256E-002
  -4.6357363892878693E-002
  -4.6552720990188999E-002
  -4.6733235620236631E-002
  -4.6899029589211445E-002
  -4.7050231053528631E-002
  -4.7186974314665578E-002
  -4.7309399613394726E-002
  -4.7417652923599014E-002
  -4.7511885745854347E-002
  -4.7592254900968280E-002
  -4.7658922323651105E-002
  -4.7712054856491992E-002
  -4.7751824044414970E-002
  -4.7778405929775433E-002
  -4.7791980848268675E-002
  -4.7792733225794123E-002
  -4.7780851376441856E-002
  -4.7756527301735574E-002
  -4.7719956491294110E-002
  -4.7671337725026783E-002
  -4.7610872877022738E-002
  -4.7538766721237580E-002
  -4.7455226739125334E-002
  -4.7360462929322410E-002
  -4.7254687619499226E-002
  -4.7138115280497536E-002
  -4.7010962342849794E-002
  -4.6873447015790583E-002
  -4.6725789108852667E-002
  -4.6568209856133455E-002
  -4.6400931743334012E-002
  -4.6224178337629152E-002
  -4.6038174120477074E-002
  -4.5843144323410766E-002
  -4.5639314766903742E-002
  -4.5426911702356881E-002
  -4.5206161657279774E-002
  -4.4977291283711411E-002
  -4.4740527209936688E-002
  -4.4496095895541758E-002
  -4.4244223489853934E-002
  -4.3985135693802517E-002
  -4.3719057625236687E-002
  -4.3446213687724479E-002
  -4.3166827442866512E-002
  -4.2881121486141247E-002
  -4.2589317326305276E-002
  -4.2291635268352341E-002
  -4.1988294300062221E-002
  -4.1679511982124620E-002
  -4.1365504341855736E-002
  -4.1046485770504675E-002
  -4.0722668924145736E-002
  -4.0394264628157490E-002
  -4.0061481785263586E-002
  -3.9724527287140828E-002
  -3.9383605929572373E-002
  -3.9038920331129122E-002
  -3.8690670855351855E-002
  -3.8339055536423056E-002
  -3.7984270008293096E-002
  -3.7626507437239977E-002
  -3.7265958457822330E-002
  -3.6902811112200971E-002
  -3.6537250792792297E-002
  -3.6169460188215950E-002
  -3.5799619232492558E-002
  -3.5427905057460352E-002
  -3.5054491948358288E-002
  -3.4679551302532169E-002
  -3.4303251591230932E-002
  -3.3925758324422739E-002
  -3.3547234018596640E-002
  -3.3167838167498763E-002
  -3.2787727215744945E-002
  -3.2407054535264067E-002
  -3.2025970404504916E-002
  -3.1644621990370610E-002
  -3.1263153332803023E-002
  -3.0881705331981982E-002
  -3.0500415738058929E-002
  -3.0119419143383851E-002
  -2.9738846977159540E-002
  -2.9358827502462773E-002
  -2.8979485815574912E-002
  -2.8600943847556525E-002
  -2.8223320368010431E-002
  -2.7846730990973484E-002
  -2.7471288182861160E-002
  -2.7097101272427392E-002
  -2.6724276462652147E-002
  -2.6352916844519424E-002
  -2.5983122412602044E-002
  -2.5614990082408313E-002
  -2.5248613709421486E-002
  -2.4884084109768206E-002
  -2.4521489082468772E-002
  -2.4160913433187711E-002
  -2.3802438999444533E-002
  -2.3446144677213045E-002
  -2.3092106448852952E-002
  -2.2740397412316316E-002
  -2.2391087811570835E-002
  -2.2044245068176437E-002
  -2.1699933813972463E-002
  -2.1358215924799369E-002
  -2.1019150555216401E-002
  -2.0682794174150573E-002
  -2.0349200601429872E-002
  -2.0018421045136851E-002
  -1.9690504139743624E-002
  -1.9365495984967358E-002
  -1.9043440185297193E-002
  -1.8724377890140441E-002
  -1.8408347834554299E-002
  -1.8095386380486113E-002
  -1.7785527558504374E-002
  -1.7478803109955036E-002
  -1.7175242529511858E-002
  -1.6874873108061579E-002
  -1.6577719975895445E-002
  -1.6283806146155790E-002
  -1.5993152558500871E-002
  -1.5705778122943367E-002
  -1.5421699763828456E-002
  -1.5140932463913397E-002
  -1.4863489308507508E-002
  -1.4589381529642047E-002
  -1.4318618550226966E-002
  -1.4051208028174327E-002
  -1.3787155900439533E-002
  -1.3526466426964199E-002
  -1.3269142234477437E-002
  -1.3015184360131783E-002
  -1.2764592294949336E-002
  -1.2517364027040123E-002
  -1.2273496084580374E-002
  -1.2032983578508955E-002
  -1.1795820244930725E-002
  -1.1561998487197085E-002
  -1.1331509417645744E-002
  -1.1104342898971022E-002
  -1.0880487585213514E-002
  -1.0659930962341546E-002
  -1.0442659388411378E-002
  -1.0228658133284331E-002
  -1.0017911417891412E-002
  -9.8104024530167779E-003
  -9.6061134776029844E-003
  -9.4050257965445309E-003
  -9.2071198179729617E-003
  -9.0123750900124484E-003
  -8.8207703369970313E-003
  -8.6322834951368822E-003
  -8.4468917476276020E-003
  -8.2645715591922689E-003
  -8.0852987100435442E-003
  -7.9090483292644145E-003
  -7.7357949275991527E-003
  -7.5655124296470557E-003
  -7.3981742054479525E-003
  -7.2337531014746151E-003
  -7.0722214710000142E-003
  -6.9135512038623189E-003
  -6.7577137556037890E-003
  -6.6046801759975576E-003
  -6.4544211369478282E-003
  -6.3069069597750721E-003
  -6.1621076418758346E-003
  -6.0199928827608896E-003
  -5.8805321094702470E-003
  -5.7436945013722603E-003
  -5.6094490143415469E-003
  -5.4777644043226843E-003
  -5.3486092502757097E-003
  -5.2219519765166166E-003
  -5.0977608744450153E-003
  -4.9760041236681348E-003
  -4.8566498125317261E-003
  -4.7396659580459634E-003
  -4.6250205252259379E-003
  -4.5126814458497973E-003
  -4.4026166366298849E-003
  -4.2947940168135360E-003
  -4.1891815252174461E-003
  -4.0857471366967709E-003
  -3.9844588780612328E-003
  -3.8852848434399985E-003
  -3.7881932091084749E-003
  -3.6931522477781330E-003
  -3.6001303423603389E-003
  -3.5090959992126825E-003
  -3.4200178608699686E-003
  -3.3328647182730652E-003
  -3.2476055225050906E-003
  -3.1642093960356529E-003
  -3.0826456434882472E-003
  -3.0028837619379017E-003
  -2.9248934507415361E-003
  -2.8486446209242287E-003
  -2.7741074041093979E-003
  -2.7012521610196207E-003
  -2.6300494895495339E-003
  -2.5604702324166779E-003
  -2.4924854844063354E-003
  -2.4260665992097549E-003
  -2.3611851958784541E-003
  -2.2978131648862411E-003
  -2.2359226738269153E-003
  -2.1754861727345939E-003
  -2.1164763990575218E-003
  -2.0588663822788383E-003
  -2.0026294482007505E-003
  -1.9477392228961245E-003
  -1.8941696363401440E-003
  -1.8418949257291699E-003
  -1.7908896384949914E-003
  -1.7411286350226241E-003
  -1.6925870910830480E-003
  -1.6452404999839612E-003
  -1.5990646744521747E-003
  -1.5540357482548288E-003
  -1.5101301775622060E-003
  -1.4673247420711915E-003
  -1.4255965458823793E-003
  -1.3849230181559135E-003
  -1.3452819135365297E-003
  -1.3066513123709553E-003
  -1.2690096207130341E-003
  -1.2323355701300838E-003
  -1.1966082173224530E-003
  -1.1618069435489081E-003
  -1.1279114538787461E-003
  -1.0949017762751985E-003
  -1.0627582605073549E-003
  -1.0314615769141413E-003
  -1.0009927150076978E-003
  -9.7133298194089436E-004
  -9.4246400083005473E-004
  -9.1436770895053556E-004
  -8.8702635580376564E-004
  -8.6042250106552665E-004
  -8.3453901242193905E-004
  -8.0935906329314790E-004
  -7.8486613046189633E-004
  -7.6104399159483758E-004
  -7.3787672268221729E-004
  -7.1534869538389476E-004
  -6.9344457429585933E-004
  -6.7214931414352199E-004
  -6.5144815689846178E-004
  -6.3132662883214833E-004
  -6.1177053750212872E-004
  -5.9276596868577773E-004
  -5.7429928326039670E-004
  -5.5635711402747176E-004
  -5.3892636249766362E-004
  -5.2199419563191607E-004
  -5.0554804254580063E-004
  -4.8957559117983882E-004
  -4.7406478493777803E-004
  -4.5900381930243810E-004
  -4.4438113842115143E-004
  -4.3018543168018951E-004
  -4.1640563025299900E-004
  -4.0303090363970361E-004
  -3.9005065619530683E-004
  -3.7745452364794222E-004
  -3.6523236961322208E-004
  -3.5337428210335326E-004
  -3.4187057003942585E-004
  -3.3071175976179387E-004
  -3.1988859154869560E-004
  -3.0939201613737520E-004
  -2.9921319125777074E-004
  -2.8934347817398387E-004
  -2.7977443824143055E-004
  -2.7049782947471512E-004
  -2.6150560313451871E-004
  -2.5278990033460500E-004
  -2.4434304866256389E-004
  -2.3615755882596339E-004
  -2.2822612132126292E-004
  -2.2054160312519593E-004
  -2.1309704441312079E-004
  -2.0588565530131972E-004
  -1.9890081261860181E-004
  -1.9213605670917737E-004
  -1.8558508825992497E-004
  -1.7924176516358371E-004
  -1.7310009941238003E-004
  -1.6715425402111930E-004
  -1.6139853998856871E-004
  -1.5582741328793481E-004
  -1.5043547189722063E-004
  -1.4521745285965755E-004
  -1.4016822938458200E-004
  -1.3528280798336839E-004
  -1.3055632563901970E-004
  -1.2598404701831404E-004
  -1.2156136171802712E-004
  -1.1728378155082209E-004
  -1.1314693786884325E-004
  -1.0914657892447721E-004
  -1.0527856727220008E-004
  -1.0153887721017311E-004
  -9.7923592255922301E-005
  -9.4428902665280817E-005
  -9.1051102990877145E-005
  -8.7786589675370588E-005
  -8.4631858690427286E-005
  -8.1583503209087173E-005
  -7.8638211318608108E-005
  -7.5792763776181293E-005
  -7.3044031796464415E-005
  -7.0388974887224405E-005
  -6.7824638712169139E-005
  -6.5348153002574408E-005
  -6.2956729501918032E-005
  -6.0647659947527633E-005
  -5.8418314091537693E-005
  -5.6266137762927591E-005
  -5.4188650960718303E-005
  -5.2183445985186673E-005
  -5.0248185610786971E-005
  -4.8380601286839873E-005
  -4.6578491382659619E-005
  -4.4839719463095690E-005
  -4.3162212598866081E-005
  -4.1543959715121642E-005
  -3.9983009971960303E-005
  -3.8477471178949587E-005
  -3.7025508244188243E-005
  -3.5625341657210863E-005
  -3.4275246000670632E-005
  -3.2973548500917806E-005
  -3.1718627604501907E-005
  -3.0508911588784699E-005
  -2.9342877203140697E-005
  -2.8219048343149290E-005
  -2.7135994749323515E-005
  -2.6092330740180926E-005
  -2.5086713975691970E-005
  -2.4117844242479429E-005
  -2.3184462275081611E-005
  -2.2285348602665493E-005
  -2.1419322418160058E-005
  -2.0585240483369147E-005
  -1.9781996053308276E-005
  -1.9008517829274914E-005
  -1.8263768936345604E-005
  -1.7546745929448730E-005
  -1.6856477818843475E-005
  -1.6192025124496268E-005
  -1.5552478949701947E-005
  -1.4936960083885462E-005
  -1.4344618122279861E-005
  -1.3774630611460176E-005
  -1.3226202216780870E-005
  -1.2698563908419837E-005
  -1.2190972173540645E-005
  -1.1702708243341865E-005
  -1.1233077347056522E-005
  -1.0781407978135002E-005
  -1.0347051186654990E-005
  -9.9293798855578719E-006
  -9.5277881814487088E-006
  -9.1416907156451117E-006
  -8.7705220300171929E-006
  -8.4137359485885938E-006
  -8.0708049706149255E-006
  -7.7412196901414847E-006
  -7.4244882228106381E-006
  -7.1201356549572021E-006
  -6.8277035038287628E-006
  -6.5467491953502144E-006
  -6.2768455565861649E-006
  -6.0175803213200801E-006
  -5.7685556516201741E-006
  -5.5293876710134049E-006
  -5.2997060133882087E-006
  -5.0791533834247705E-006
  -4.8673851304383813E-006
  -4.6640688348215705E-006
  -4.4688839066003053E-006
  -4.2815211948431612E-006
  -4.1016826109526633E-006
  -3.9290807597422198E-006
  -3.7634385858225994E-006
  -3.6044890281309119E-006
  -3.4519746838594741E-006
  -3.3056474851118917E-006
  -3.1652683819681633E-006
  -3.0306070416443200E-006
  -2.9014415491744360E-006
  -2.7775581231511028E-006
  -2.6587508359828355E-006
  -2.5448213467865246E-006
  -2.4355786401020718E-006
  -2.3308387720283538E-006
  -2.2304246287406196E-006
  -2.1341656874958099E-006
  -2.0418977875247052E-006
  -1.9534629092882856E-006
  -1.8687089584356590E-006
  -1.7874895574517078E-006
  -1.7096638473365244E-006
  -1.6350962893822514E-006
  -1.5636564782801884E-006
  -1.4952189605184215E-006
  -1.4296630561134980E-006
  -1.3668726897478464E-006
  -1.3067362259311955E-006
  -1.2491463086426484E-006
  -1.1939997075830905E-006
  -1.1411971690084460E-006
  -1.0906432713018770E-006
  -1.0422462875854444E-006
  -9.9591804748899529E-007
  -9.5157381210203528E-007
  -9.0913214369377592E-007
  -8.6851478722344918E-007
  -8.2964655196634405E-007
  -7.9245519958893475E-007
  -7.5687133289514049E-007
  -7.2282829199415740E-007
  -6.9026205171383952E-007
  -6.5911112276118581E-007
  -6.2931645793341150E-007
  -6.0082135950990527E-007
  -5.7357139175960939E-007
  -5.4751429539463066E-007
  -5.2259990328462610E-007
  -4.9878006350342618E-007
  -4.7600856325730999E-007
  -4.5424105209421630E-007
  -4.3343497345602896E-007
  -4.1354949412572744E-007
  -3.9454543812578467E-007
  -3.7638522570009294E-007
  -3.5903280754343667E-007
  -3.4245360885807964E-007
  -3.2661446980712186E-007
  -3.1148359177980403E-007
  -2.9703048443774315E-007
  -2.8322591413762462E-007
  -2.7004185545608966E-007
  -2.5745144141911773E-007
  -2.4542892145697374E-007
  -2.3394961406236894E-007
  -2.2298986666698000E-007
  -2.1252701396981750E-007
  -2.0253933796974964E-007
  -1.9300603265478517E-007
  -1.8390716471084807E-007
  -1.7522364029733548E-007
  -1.6693717076833121E-007
  -1.5903024088376600E-007
  -1.5148607690840810E-007
  -1.4428861727622503E-007
  -1.3742248285965059E-007
  -1.3087295057424447E-007
  -1.2462592482890269E-007
  -1.1866791462986678E-007
  -1.1298600637609100E-007
  -1.0756784120088725E-007
  -1.0240159268585209E-007
  -9.7475943798115151E-008
  -9.2780066275624457E-008
  -8.8303602205949199E-008
  -8.4036641571631535E-008
  -7.9969705434560946E-008
  -7.6093727808756397E-008
  -7.2400038520600404E-008
  -6.8880346678968286E-008
  -6.5526723304143541E-008
  -6.2331588367958517E-008
  -5.9287696116556972E-008
  -5.6388117780719852E-008
  -5.3626232339281940E-008
  -5.0995711356521838E-008
  -4.8490505824465136E-008
  -4.6104836657454006E-008
  -4.3833179918583760E-008
  -4.1670259503188103E-008
  -3.9611034076493945E-008
  -3.7650688846503245E-008
  -3.5784623307952719E-008
  -3.4008444496935018E-008
  -3.2317957056031324E-008
  -3.0709154183589782E-008
  -2.9178210014986986E-008
  -2.7721472300463572E-008
  -2.6335453786412192E-008
  -2.5016825228287766E-008
  -2.3762409829161329E-008
  -2.2569174383763597E-008
  -2.1434225062855242E-008
  -2.0354799771147214E-008
  -1.9328263344623078E-008
  -1.8352101503091563E-008
  -1.7423915260081394E-008
  -1.6541416040143478E-008
  -1.5702420739315713E-008
  -1.4904848625862121E-008
  -1.4146713625236853E-008
  -1.3426121760788342E-008
  -1.2741268654616067E-008
  -1.2090432286391463E-008
  -1.1471972026392168E-008
  -1.0884323311622765E-008
  -1.0325994414027148E-008
  -9.7955644787893444E-009
  -9.2916784434681359E-009
  -8.8130461523824041E-009
  -8.3584365204538783E-009
  -7.9266790352583609E-009
  -7.5166559497187560E-009
  -7.1273038147099455E-009
  -6.7576092233131992E-009
  -6.4066072172365195E-009
  -6.0733787245298706E-009
  -5.7570485199516109E-009
  -5.4567823051693302E-009
  -5.1717881170409838E-009
  -4.9013091278490152E-009
  -4.6446253149419408E-009
  -4.4010535953188887E-009
  -4.1699414686457485E-009
  -3.9506685743626556E-009
  -3.7426443520212638E-009
  -3.5453071750339144E-009
  -3.3581230868755464E-009
  -3.1805829786149339E-009
  -3.0122028159366628E-009
  -2.8525230300941373E-009
  -2.7011050116300792E-009
  -2.5575330786849760E-009
  -2.4214106342425059E-009
  -2.2923616856554311E-009
  -2.1700275194589824E-009
  -2.0540683204262984E-009
  -1.9441596127492826E-009
  -1.8399948536055765E-009
  -1.7412802714165687E-009
  -1.6477386254569550E-009
  -1.5591053072712877E-009
  -1.4751298323128912E-009
  -1.3955728214653946E-009
  -1.3202080876387041E-009
  -1.2488199708766600E-009
  -1.1812043461859469E-009
  -1.1171657786551189E-009
  -1.0565204621252536E-009
  -9.9909279367223083E-010
  -9.4471621255077716E-010
  -8.9323236010282650E-010
  -8.4449152458496649E-010
  -7.9835091969276899E-010
  -7.5467496033664132E-010
  -7.1333570685844998E-010
  -6.7421038051757966E-010
  -6.3718414156676208E-010
  -6.0214574935895573E-010
  -5.6899286004794002E-010
  -5.3762456639393708E-010
  -5.0794825998506525E-010
  -4.7987442151912687E-010
  -4.5331832214611240E-010
  -4.2820033210783927E-010
  -4.0444404725315079E-010
  -3.8197733152536950E-010
  -3.6073172452741878E-010
  -3.4064314011685984E-010
  -3.2164921254306957E-010
  -3.0369177912511447E-010
  -2.8671541981265500E-010
  -2.7066820750619205E-010
  -2.5550043713832808E-010
  -2.4116492126742249E-010
  -2.2761659113556432E-010
  -2.1481320548827067E-010
  -2.0271564019817900E-010
  -1.9128508491446517E-010
  -1.8048584972885755E-010
  -1.7028327590299969E-010
  -1.6064600033437954E-010
  -1.5154296285698806E-010
  -1.4294491667589767E-010
  -1.3482476689654227E-010
  -1.2715701281289555E-010
  -1.1991615141609994E-010
  -1.1307907675193260E-010
  -1.0662437917396354E-010
  -1.0053043535979671E-010
  -9.4778111309190481E-011
  -8.9348279564552773E-011
  -8.4223188708273360E-011
  -7.9386053922297038E-011
  -7.4821556250650938E-011
  -7.0514307472607351E-011
  -6.6449913889464051E-011
  -6.2615335254886918E-011
  -5.8997761116966566E-011
  -5.5585467892791227E-011
  -5.2365986692801347E-011
  -4.9329703808993498E-011
  -4.6465920976643877E-011
  -4.3765259255238344E-011
  -4.1218800485876340E-011
  -3.8817125160000398E-011
  -3.6552638155332166E-011
  -3.4418427893126927E-011
  -3.2406070117964706E-011
  -3.0509248181878546E-011
  -2.8721218331050012E-011
  -2.7035851507970839E-011
  -2.5447864213452915E-011
  -2.3951650967613519E-011
  -2.2541438597963398E-011
  -2.1212666101389603E-011
  -1.9960511441832316E-011
  -1.8781400498355955E-011
  -1.7670181948993837E-011
  -1.6623505757787646E-011
  -1.5637976663678224E-011
  -1.4709750273296443E-011
  -1.3835725058256466E-011
  -1.3012380439879561E-011
  -1.2237005441757339E-011
  -1.1507427430210512E-011
  -1.0820589943213746E-011
  -1.0173798471765326E-011
  -9.5650400595011906E-012
  -8.9920763675536928E-012
  -8.4526792175932069E-012
  -7.9453300274897624E-012
  -7.4675557255377366E-012
  -7.0182779563283395E-012
  -6.5950380278394778E-012
  -6.1976021388753931E-012
  -5.8234360157756811E-012
  -5.4711800227064052E-012
  -5.1401796557085372E-012
  -4.8286879411407613E-012
  -4.5359259852741496E-012
  -4.2604974368543888E-012
  -4.0012907715009107E-012
  -3.7577450267157363E-012
  -3.5285060781839345E-012
  -3.3136523850328315E-012
  -3.1109993925980240E-012
  -2.9209084530205795E-012
  -2.7423095837868497E-012
  -2.5744879335266067E-012
  -2.4162418540878204E-012
  -2.2678018418200153E-012
  -2.1286168119927130E-012
  -1.9974316043577571E-012
  -1.8745623271160053E-012
  -1.7590120736367942E-012
  -1.6504497951784123E-012
  -1.5481564669686136E-012
  -1.4525039911608229E-012
  -1.3625419731384863E-012
  -1.2778821719208146E-012
  -1.1987082570317158E-012
  -1.1241485991772990E-012
  -1.0542257520956332E-012
  -9.8833420398437300E-013
  -9.2678440099324028E-013
  -8.6901428903459200E-013
  -8.1461922933081555E-013
  -7.6373525669786582E-013
  -7.1590717416280225E-013
  -6.7116262247942946E-013
  -6.2898500955432843E-013
  -5.8943452668592680E-013
  -5.5258126870734686E-013
  -5.1782433198552228E-013
  -4.8514443372899640E-013
  -4.5447630463265424E-013
  -4.2610869426554238E-013
  -3.9890872968221914E-013
  -3.7350414870855538E-013
  -3.4969128841169105E-013
  -3.2743691017107056E-013
  -3.0643621300079959E-013
  -2.8701978489155990E-013
  -2.6917029922409052E-013
  -2.5186491988200950E-013
  -2.3603767487997823E-013
  -2.2072277362903881E-013
  -2.0659685180094458E-013
  -1.9330515532188994E-013
  -1.8092087593781779E-013
  -1.6944567425168645E-013
  -1.5868542199778986E-013
  -1.4838111225858971E-013
  -1.3875364142023003E-013
  -1.2967263051465052E-013
  -1.2107746569141843E-013
  -1.1355360037101314E-013
  -1.0645935176028381E-013
  -9.9491110339611994E-014
  -9.2970415702883487E-014
  -8.7179941275669796E-014
  -8.1163809396234022E-014
  -7.5820485137574622E-014
  -7.1108285266950188E-014
  -6.6479032647896973E-014
  -6.2200777275492210E-014
  -5.7919984230753677E-014
  -5.4210315707699030E-014
  -5.1024186026196389E-014
  -4.7276069165844862E-014
  -4.4266566887095069E-014
  -4.1276499696060281E-014
  -3.8701083747913284E-014
  -3.6347805797505403E-014
  -3.3831438050876208E-014
  -3.1608708456715997E-014
  -2.9252046934875120E-014
  -2.7246282376253006E-014
  -2.5775797627649506E-014
  -2.4113475432214243E-014
  -2.2349799961282254E-014
  -2.0981793041298309E-014
  -1.9572230414417157E-014
  -1.8043459561881765E-014
  -1.6816975998715400E-014
  -1.5769021457979214E-014
  -1.4671649164952792E-014
  -1.3906679564793334E-014
  -1.2789181067067592E-014
  -1.1881505229305007E-014
  -1.1126854364218029E-014
  -1.0826508910615921E-014
  -9.5656494732003405E-015
  -9.4525673130499447E-015
  -8.3961070973810429E-015
  -7.8429858655370337E-015
  -7.2549534393119305E-015
  -6.9861357920376375E-015
  -6.3739372696766326E-015
  -5.6678364966505874E-015
  -5.3753218885285894E-015
  -5.3432349207295628E-015
  -4.7358056667804046E-015
  -4.5058017290545948E-015
  -4.3476955766823319E-015
  -3.9434567008743933E-015
  -3.4445954607657221E-015
  -3.4655114677600586E-015
  -3.2656147264587728E-015
  -2.8154966836272778E-015
  -2.5621479239381680E-015
  -2.6893115580131032E-015
  -2.6712681383710682E-015
  -2.3849702492364250E-015
  -2.1217915411475696E-015
  -2.1334784849590897E-015
  -1.6940905868173245E-015
  -1.6820058864968190E-015
  -1.3128061723430335E-015
  -1.5412528008312301E-015
  -1.3325304034395301E-015
  -1.3195239223513915E-015
  -1.0566370396203568E-015
  -1.1373442174461726E-015
  -8.1983704146459054E-016
  -6.6385206043778482E-016
  -4.3980001158710942E-016
  -8.1271453654849621E-016
  -2.9699235207670536E-016
  -5.9572205581422739E-016
  -1.8360561160205900E-016
  -5.6970926555551681E-016
  -3.0959293779199127E-016
  -3.6133406637400154E-016
  -4.2718373073359754E-016
  -1.9767596654701604E-016
  -2.4464392714002990E-016
  -3.3537133360664383E-016
