  -5.9278915992812848E-032
  -3.7883352076143384E-032
  -6.6367851720132424E-033
  -7.9245987996699665E-033
   1.7977625265257872E-032
  -1.5857585582394814E-033
  -1.0561104827341524E-033
  -9.1631432686813659E-033
   9.4183822520179810E-033
   4.5985274714158017E-033
   3.1552600072027010E-032
   1.2863897296395851E-032
  -5.4729928293373124E-033
  -1.1655027452978696E-032
   7.0217784368497215E-032
   2.5276578692492180E-033
  -1.0475764530795394E-032
  -3.4487335208157860E-032
   5.6915314047036391E-032
  -4.6407676228700820E-033
  -1.2063021181555901E-032
  -4.1165439240782846E-033
   5.8888999115677100E-032
   2.5263633670478445E-032
  -5.4892423213495974E-033
   1.8619079566142236E-033
   6.9577810449258881E-033
  -7.7804281954208742E-033
  -4.5068402363186568E-032
   3.8619528450308497E-032
   1.3192943888888459E-033
  -1.2257324956990086E-032
  -1.6119817404528516E-032
   3.6643602971924628E-032
   1.8809122357918680E-032
   3.7571243594309581E-033
   1.0563590522884742E-032
  -2.4111682971781067E-032
  -8.2419741643113005E-033
   6.2724586059665730E-032
  -4.6297107763294262E-033
  -1.8151563472629374E-032
  -3.1329631468679337E-032
   6.6416056676387816E-033
  -2.5468322419414597E-032
  -1.0802208390243924E-032
   5.1872363731494988E-033
  -1.0365583331691234E-032
   4.3612758475571287E-033
  -4.7471602058590981E-033
  -2.7710732801299505E-033
  -1.3832974040400556E-032
   3.4128040655588237E-033
   1.7260411559519757E-032
   1.5091555301723519E-032
  -1.1178561850429041E-032
  -3.0742151612268502E-032
   1.7264505087857347E-032
   3.9864807508684014E-032
  -3.7479180465272356E-033
  -1.1800967455750743E-032
   2.2009976775778269E-032
  -8.3083019328848515E-033
  -4.3314507505418694E-032
  -1.9753514858103101E-032
   3.2093841822072555E-032
   3.2475428110480034E-032
  -6.9881072890750083E-033
   6.4486026077404213E-033
   2.1991750910935882E-032
   2.1930475008132963E-032
  -1.3839254927819124E-032
  -3.3339700227533408E-032
   5.6118038583193114E-033
  -1.1199099745831939E-032
  -8.3926891644015714E-033
  -1.6899186158880816E-032
  -4.3439582910397468E-032
   5.0649160429435034E-033
  -3.1823611051588523E-034
   1.6497368228590316E-033
  -6.8690416411271135E-032
  -1.0950426271952109E-032
   1.7688316160198535E-032
  -1.4363420183936094E-032
  -2.8162127163982116E-032
   1.7913532283468913E-032
  -7.8841531566685783E-033
  -3.4059579657011876E-033
  -2.4157570829258774E-034
  -1.2545267150603069E-032
  -2.5864907423579773E-032
  -1.3937401532708740E-032
  -9.0587852893974990E-033
  -3.0119869719246706E-032
  -9.9899345889654460E-033
   3.0481268813208854E-032
  -3.1444316942406506E-033
   1.7959019511549814E-033
  -2.2691266653281941E-034
   1.5283973438956961E-033
  -9.2586627806608221E-033
  -2.9230354163283964E-032
   4.4363627316457427E-034
  -2.9089056832804674E-032
   3.3767280161519247E-032
   3.2707415656473001E-033
   2.7235655328825780E-032
  -3.0012949519345297E-032
   2.2287712431675289E-033
   2.9990641353053637E-032
   2.3346076401104647E-033
  -1.0457353384301511E-033
   1.1621293191887540E-032
   9.7643087612745888E-033
  -2.3221933513659093E-032
  -1.7936981192267307E-033
  -1.9194973569907206E-032
   4.6925687960157440E-032
   6.3244365897324913E-033
  -2.5788735952669083E-034
   3.7978894907645803E-032
  -2.6024195368704057E-032
  -1.5770712069732247E-032
  -1.0083354884533482E-032
   2.4536483550575733E-033
   3.7730444599356965E-032
   3.2702233076573256E-034
  -5.5518845389431919E-033
   2.4900769887182038E-032
   2.4424185559935384E-032
   1.9696696784088809E-032
  -1.3502592582460420E-032
  -3.5199071925207446E-033
   2.5492507661367525E-032
   3.5768966442054125E-032
  -2.3304184703358339E-033
   8.7966065830589208E-033
   1.6048783314441569E-032
   6.7169784018870741E-032
   2.9452269882360310E-032
  -2.1877221498019902E-032
   2.7328207793845579E-032
  -2.5764631682665130E-032
   2.6004722428163231E-032
   2.1147759945458360E-033
   1.6987601223724468E-032
   8.3231023560893809E-033
  -1.0922781801507981E-032
   4.2821539213689336E-033
   2.4400721593873071E-032
  -2.1339866864520494E-032
  -3.1685433474988014E-032
  -2.2021905629418337E-032
   8.3082693075074917E-033
   2.6737312492296656E-032
  -2.3555161509396820E-033
   1.3004921568489115E-032
   1.3468482866891286E-032
  -8.5585793954734127E-033
  -2.2344515650070779E-032
  -8.1675011623952224E-032
  -1.1173238029974542E-033
   1.3225560048560137E-032
   2.0683191345285613E-032
   1.7093940767826422E-032
  -2.7139386681252776E-032
   2.3891342361292779E-034
   3.2354422859927229E-033
  -1.7373587653643665E-032
  -3.9285750940969032E-033
  -8.6770146277226120E-034
  -3.8117020849169415E-032
  -2.2421876317291487E-032
   2.9022075923154732E-032
   8.4052580206859225E-033
  -1.2091816930141459E-032
   8.2124159634790690E-033
   5.1786037267916071E-032
   2.5972646178262217E-032
  -4.5254759786069711E-032
  -6.3884676363536454E-033
   2.0159619812433835E-032
  -2.6249312303213823E-032
  -5.1341855428027056E-032
  -2.7306557157590252E-032
   7.3538366666001647E-033
  -3.8819185684841500E-032
   3.0408583232229083E-033
   4.0319097128023144E-033
  -2.2782762209133215E-032
  -3.2834320125895567E-033
   6.6521964750512714E-033
  -2.9064838766301627E-032
  -4.0146434149494567E-032
   3.3385350071330824E-032
  -2.9934157956789545E-033
  -2.2845110971524580E-032
   3.2997836201106752E-033
   2.2727723953970820E-032
   1.4125985868952954E-033
  -3.0551865261514620E-032
   4.5692298238659773E-033
   5.0099292288435373E-032
  -2.0488533237086795E-032
  -2.1325896809110417E-032
  -1.5763388142901213E-032
   4.1755992671863904E-033
  -4.5127731204099002E-033
   1.1091200205728850E-032
   1.3994689155086200E-032
  -6.3533083561124247E-033
   2.0698162985264448E-033
  -1.9680575344653661E-032
  -6.3900115125300832E-033
  -3.9959968040378789E-032
   2.3228675171415729E-032
  -1.1224525066940203E-032
  -4.5947795457111794E-033
  -1.4987584430252455E-033
   1.9883698814808543E-033
   1.2494402035931135E-032
   9.1340891113614054E-033
   2.6343834227182012E-032
  -2.1818232601719440E-032
   2.1152156226431811E-033
   6.1288849847369990E-033
  -1.4781590841878771E-032
  -9.6990247535373129E-033
   1.2773428020819137E-032
  -4.2478547142016458E-032
  -3.7175772971610900E-032
  -4.9127835853536985E-033
   8.9623249882555051E-033
  -8.8155375098618962E-033
   4.2143863298712994E-034
   3.9891896130321840E-032
   1.1234978755209398E-032
   4.7611755985805085E-033
  -1.8816170870330444E-033
  -7.4810210410362806E-033
   3.3401440495926031E-033
  -4.8934559033708169E-032
  -1.4241753565015393E-032
   1.0750325522241508E-032
   1.8240494340748923E-032
  -2.1610553316863155E-032
  -1.1699448445084643E-033
   5.3415428871793560E-032
  -9.0347513565688332E-033
  -3.7402173394624978E-033
   1.6249495844863894E-034
  -1.2932673976385867E-032
  -9.3192337502993658E-033
   6.2648064638017027E-034
   1.8260519387732526E-032
  -1.5524733106352756E-032
   8.4508288321346643E-033
   1.1988172069376457E-032
   3.1853644338038592E-032
  -4.5295564396942976E-032
  -2.7525993461563012E-033
   2.9133455392948456E-032
  -4.6701135578493237E-033
   1.0894152354362172E-032
   1.4068194697035833E-032
   2.2269469225460988E-032
  -1.2005169166025201E-032
  -1.9380298509048246E-032
   2.3310034169269009E-033
  -2.3633548003725266E-032
  -1.0749324441281572E-033
   2.0060763291096369E-032
   4.1195740946619808E-033
  -3.4752133455540614E-032
  -5.6412636235049872E-033
   2.3477949437486662E-032
   3.1800205428603274E-032
  -3.9336298157257359E-033
   1.2891123186602834E-032
  -2.1501742453235970E-032
  -7.3149643024979567E-033
   4.5206688477789017E-032
  -7.1200699285325402E-034
  -4.7421735188777476E-032
  -1.2343208879102772E-032
  -1.6412767232262489E-032
  -3.5695762998805645E-032
   4.0616224737971173E-032
   2.4890249816985859E-032
  -2.2918010186514060E-033
  -2.7517564858566314E-032
  -9.2963459111764047E-033
  -3.0217630547133295E-034
   3.7912368889441499E-032
  -1.3983971024254643E-033
  -2.7875610795285451E-032
  -2.0960098781778554E-032
  -3.3486602633471597E-032
   1.2183660079050062E-032
   3.4498655366618097E-033
   1.5156361821879265E-032
  -1.2067953185164981E-033
  -5.9466936923713139E-033
  -3.2797506078702893E-032
   1.7865900013510951E-032
   3.5976976984773932E-032
  -3.6345572482976967E-032
  -4.7850861228930093E-032
  -9.1178652292202696E-034
   5.9168396374183045E-033
  -1.5425883941857429E-033
  -1.4627550746747802E-032
  -2.8045348012093563E-033
  -1.8031943701836402E-032
  -1.4060021503548908E-032
   2.3715887573568435E-035
   2.1195190083470064E-032
   2.8895400158258641E-033
  -1.7090368275383270E-032
  -1.9736124591042969E-032
  -2.3298293012402533E-032
  -1.5628895234366343E-032
   7.6530995125930256E-033
   1.7582410520821243E-032
   8.5247310257647051E-033
  -1.7634270442004222E-033
   7.7121479833168382E-034
   5.8731528915790611E-032
  -1.3041061182056298E-032
  -3.4506313234477583E-032
  -3.4651066731491031E-032
   5.5229383146569788E-032
   2.7646550179035600E-032
  -3.5049136494494556E-032
  -3.0952341071078956E-032
   8.4373927057073999E-033
   1.0855620782018171E-032
   1.8556296697972752E-032
   2.1424312367413657E-032
  -2.5464606798173158E-032
  -1.1392017046641620E-032
   4.5820957236099142E-033
   3.3920023740283182E-032
   7.6451534008329533E-033
  -1.8525025061081411E-032
   6.0106103514456143E-035
   2.4218697222723838E-033
  -1.5898431767538386E-032
  -2.9590350573635852E-033
   1.5124591092378979E-032
   1.2236713279838326E-032
   3.8606785190129734E-033
  -2.9042250447239831E-032
  -6.0065672021377431E-033
   5.0719462456617385E-032
  -9.5518104894019862E-032
  -4.6861285863511369E-033
   5.2137518161916316E-032
   1.4356330228989515E-032
  -1.5743546909997188E-032
  -9.0984117146339652E-033
   3.3941683526214641E-032
  -2.6246908857267108E-032
   2.3008335697800907E-032
   2.4626388565127693E-032
  -2.0339509283358724E-035
  -2.1272869386345456E-032
   8.9113437998933917E-033
  -3.3531572791914515E-034
  -2.8106649173347954E-032
   2.1765250337099105E-032
   2.7659754839956517E-032
  -2.2200104849285571E-032
   8.7392892212963766E-033
  -8.8961433865313133E-033
   1.1068981911325467E-033
  -9.1599356698615895E-033
   1.3968337086163111E-032
   5.3672432707716109E-034
   8.0850578985401087E-033
   8.3319248632138889E-033
   3.4061290028147506E-032
  -1.8174927862337675E-032
   4.1966662487449830E-033
  -1.6447595044129015E-032
  -3.8856367373613687E-032
   2.5863155101031402E-032
   2.8054463065208546E-032
  -6.1950314616021847E-032
  -5.1144019173900162E-033
   7.7184721016069317E-033
   1.0713548377398778E-032
  -2.4183718882859422E-032
  -3.5938858168040038E-033
   5.4992694918881428E-032
   5.5417980996786306E-033
   1.7548627476306154E-033
   6.1560058101158977E-033
   3.4162448723302198E-032
  -5.6782625676141668E-032
  -3.0970847189458417E-033
  -1.8525180560681712E-032
   5.5110132219744853E-033
  -3.4742824134348731E-032
   5.6203889073050740E-034
  -3.1699617088084863E-032
   1.7420423707932325E-032
   1.4333599027142740E-032
  -2.4354315743191454E-032
   1.2537623272832379E-032
  -3.6941190862897632E-032
  -1.8308623319501960E-033
  -7.3189857495500419E-033
  -3.6120672251387096E-032
   2.1902136932119483E-032
  -2.6220401798541986E-032
  -1.4331259074787079E-033
   2.6683356131912115E-033
  -1.0180804310489615E-032
   2.7815127446715571E-032
  -9.6486508481192835E-033
   6.3600764380758091E-033
   3.6994864874404873E-033
  -1.4821857695494063E-032
  -5.9559935210861706E-032
  -1.3693755547160951E-032
   1.5220335891544911E-032
  -2.5733175152298562E-032
  -6.6828021517208581E-032
  -1.1839097892986991E-032
   2.3364232058772223E-032
  -3.6426302070838123E-032
  -2.1823076086865542E-032
   3.2243313307648306E-033
   3.2871780331350446E-032
   2.1772927799514588E-032
  -7.4852216441491733E-033
   2.4503807657217204E-032
  -9.2125375462682629E-034
  -3.5167677145486819E-032
  -2.8100847267909330E-033
  -1.7192899478471730E-032
  -1.0384495657595460E-032
  -4.1835245439817872E-033
  -3.9905152467335894E-033
   6.8329085914072408E-033
   9.6553873685581470E-033
   1.2796044507453220E-032
  -5.1180755623089921E-032
  -1.9166526169896512E-032
   4.9699888914286643E-032
   3.7183781425504122E-033
  -6.9655859027312896E-032
  -2.9158492226070204E-032
   3.5549459446176462E-032
  -3.8203718106269377E-034
  -5.6176199010109663E-032
  -5.0388168301088998E-032
   9.5179370098566690E-033
   2.4993152397661270E-032
  -6.4388319787068659E-033
  -1.2616178150555786E-032
   4.6264586952605126E-033
  -9.7251910537436640E-033
  -8.3485035038615039E-033
   7.4936597839506656E-033
   3.4078272536856863E-032
   2.5490941761953164E-032
  -2.1429399325468514E-033
  -1.6517823567905712E-033
   4.0470602151269861E-032
   2.2389858473975198E-032
  -1.4782651785166996E-032
   1.8543483500344608E-032
   1.2828600150709400E-032
  -6.6752952767941739E-033
  -4.1599676425461417E-032
  -1.6087517652502101E-032
   5.1606461099226088E-034
   1.0216601433120729E-032
   1.7162832022407535E-032
  -1.4193589808711671E-032
   1.1146282796439541E-032
   1.5899680910205783E-032
   5.9851758758353012E-032
   1.1648023473174323E-032
  -1.1966173084142667E-032
   2.5231452872094089E-032
   2.8792636971396695E-032
  -1.5108553305592368E-032
  -3.0690968812242378E-032
  -1.8172494465760279E-032
   3.4805344895187405E-032
   1.0858726561197165E-032
   1.6835549531057010E-033
   2.2899790662113409E-032
   5.7780725240208243E-032
   1.0380679679229856E-032
   2.6520777424622194E-032
   8.3689150638888712E-032
   7.5274605648994374E-032
   9.4280364050443365E-032
   8.4085341707688268E-032
   1.0498892149801290E-031
   1.2071465857087675E-031
   1.5663532724521196E-031
   2.3967792974796421E-031
   2.5903334223382250E-031
   3.3485500573377424E-031
   4.0199408354933527E-031
   5.2617283380155308E-031
   6.2746067894025656E-031
   7.5454617895958834E-031
   9.5691683841490413E-031
   1.1787029470270123E-030
   1.5439859604293214E-030
   1.9389196512236252E-030
   2.3743682027505768E-030
   2.9721826512317911E-030
   3.7378834481740856E-030
   4.5886374888627958E-030
   5.7521959306644718E-030
   7.2013431287067576E-030
   8.9868341591658847E-030
   1.1141163301046881E-029
   1.3867293467390104E-029
   1.7287396640596298E-029
   2.1521286349376570E-029
   2.6695783060676327E-029
   3.3170916022137696E-029
   4.1217254938104038E-029
   5.1174348326577587E-029
   6.3532923423635326E-029
   7.8859844130851245E-029
   9.7910793568418494E-029
   1.2137323889316849E-028
   1.5044012364191929E-028
   1.8650697576635379E-028
   2.3109116460880482E-028
   2.8622737960039348E-028
   3.5435218845262726E-028
   4.3869009979813478E-028
   5.4281584598826003E-028
   6.7137046620550161E-028
   8.3014533791790242E-028
   1.0261579669421736E-027
   1.2679654188065236E-027
   1.5661804266071325E-027
   1.9340478153886350E-027
   2.3873834717046994E-027
   2.9460928612278360E-027
   3.6342165071200552E-027
   4.4815916342850008E-027
   5.5246001884127886E-027
   6.8081097116374647E-027
   8.3869871994699828E-027
   1.0328524727638365E-026
   1.2715216247900366E-026
   1.5648079534864262E-026
   1.9250952931934914E-026
   2.3675306371215520E-026
   2.9106650022648225E-026
   3.5771872545040108E-026
   4.3948471109689870E-026
   5.3975776145459765E-026
   6.6268459396809003E-026
   8.1333076539677917E-026
   9.9788428191737440E-026
   1.2239002667322209E-025
   1.5005981189195612E-025
   1.8392264005230336E-025
   2.2535057716501684E-025
   2.7601630951105217E-025
   3.3795840612676442E-025
   4.1366054874892212E-025
   5.0614790933564242E-025
   6.1910346240343810E-025
   7.5700949513655391E-025
   9.2531954694785966E-025
   1.1306663466141399E-024
   1.3811137835148970E-024
   1.6864623836216598E-024
   2.0586193437930097E-024
   2.5120460676647961E-024
   3.0642998790925721E-024
   3.7366896046750805E-024
   4.5550677294148117E-024
   5.5507883927500286E-024
   6.7618649071105642E-024
   8.2343677383577982E-024
   1.0024112805886861E-023
   1.2198698875748606E-023
   1.4839966580582430E-023
   1.8046963745250055E-023
   2.1939521081773715E-023
   2.6662562156067655E-023
   3.2391295779993871E-023
   3.9337470467829762E-023
   4.7756904641142114E-023
   5.7958549181121077E-023
   7.0315391524606066E-023
   8.5277569528165377E-023
   1.0338813831776231E-022
   1.2530201762980005E-022
   1.5180875672142314E-022
   1.8385987320283636E-022
   2.2260167358157717E-022
   2.6941464023972223E-022
   3.2596068278102826E-022
   3.9423980168413277E-022
   4.7665801529228799E-022
   5.7610875877564929E-022
   6.9607039372084935E-022
   8.4072297107145505E-022
   1.0150880006054082E-021
   1.2251956982166238E-021
   1.4782850412278675E-021
   1.7830429775623096E-021
   2.1498903506733241E-021
   2.5913235365527782E-021
   3.1223224999321531E-021
   3.7608380049424708E-021
   4.5283731201759018E-021
   5.4506770166897637E-021
   6.5585724376815727E-021
   7.8889422346478943E-021
   9.4859051157787408E-021
   1.1402216382661126E-020
   1.3700936097309769E-020
   1.6457415006928227E-020
   1.9761657886881882E-020
   2.3721134994701763E-020
   2.8464125371584164E-020
   3.4143691138359212E-020
   4.0942400137375304E-020
   4.9077935763809258E-020
   5.8809758195839701E-020
   7.0447011160624434E-020
   8.4357903666645202E-020
   1.0098083773743859E-019
   1.2083760221285384E-019
   1.4454901043627186E-019
   1.7285342765015815E-019
   2.0662871396622398E-019
   2.4691820295176887E-019
   2.9496144663622509E-019
   3.5223058795763986E-019
   4.2047337470030859E-019
   5.0176400874172760E-019
   5.9856323552470068E-019
   7.1378932645830547E-019
   8.5090189768878381E-019
   1.0140008496899430E-018
   1.2079431119209961E-018
   1.4384803453538049E-018
   1.7124213045776476E-018
   2.0378232039799682E-018
   2.4242171849338487E-018
   2.8828738613470096E-018
   3.4271159507154592E-018
   4.0726862018276558E-018
   4.8381802374043598E-018
   5.7455555738481897E-018
   6.8207299999917865E-018
   8.0942847376447383E-018
   9.6022904215650479E-018
   1.1387276986372172E-017
   1.3499372103857391E-017
   1.5997636958423068E-017
   1.8951632976409014E-017
   2.2443258747392478E-017
   2.6568902920219274E-017
   3.1441966471782385E-017
   3.7195816603974301E-017
   4.3987244822242882E-017
   5.2000513717258335E-017
   6.1452090874550106E-017
   7.2596184482015633E-017
   8.5731213945737350E-017
   1.0120737056904066E-016
   1.1943544856937337E-016
   1.4089715594593413E-016
   1.6615714859449256E-016
   1.9587707031658295E-016
   2.3083192681972313E-016
   2.7192917441093140E-016
   3.2023096494941726E-016
   3.7698005901331960E-016
   4.4363000060691341E-016
   5.2188024076394648E-016
   6.1371700601352720E-016
   7.2146083307683732E-016
   8.4782183589201936E-016
   9.9596393803011275E-016
   1.1695794961038863E-015
   1.3729759617082383E-015
   1.6111764851477548E-015
   1.8900366587232042E-015
   2.2163799364086736E-015
   2.5981546569295839E-015
   3.0446160460670611E-015
   3.5665370900620324E-015
   4.1764527650954306E-015
   4.8889427891967696E-015
   5.7209588453925246E-015
   6.6922031230615325E-015
   7.8255660549910801E-015
   9.1476323095312568E-015
   1.0689265452188603E-014
   1.2486283243653959E-014
   1.4580237319723243E-014
   1.7019313034803360E-014
   1.9859367581077947E-014
   2.3165127161275087E-014
   2.7011567041331918E-014
   3.1485501793461557E-014
   3.6687417020804008E-014
   4.2733578400763558E-014
   4.9758459073319731E-014
   5.7917532321512351E-014
   6.7390483244184988E-014
   7.8384900819475844E-014
   9.1140520530070767E-014
   1.0593409771333533E-013
   1.2308500317571619E-013
   1.4296164555734240E-013
   1.6598883965975734E-013
   1.9265625669477083E-013
   2.2352811144354491E-013
   2.5925426293487144E-013
   3.0058292980132856E-013
   3.4837524933636771E-013
   4.0362194088773017E-013
   4.6746237007121288E-013
   5.4120635092307882E-013
   6.2635906914757695E-013
   7.2464956175346424E-013
   8.3806324739134470E-013
   9.6887906848015886E-013
   1.1197118817316869E-012
   1.2935608190533480E-012
   1.4938644372718938E-012
   1.7245635840663128E-012
   1.9901730304852906E-012
   2.2958630592002267E-012
   2.6475523541626100E-012
   3.0520137137831459E-012
   3.5169943085739112E-012
   4.0513524281282310E-012
   4.6652129144104356E-012
   5.3701437619974758E-012
   6.1793566849637913E-012
   7.1079348087709720E-012
   8.1730910485503160E-012
   9.3944611878145772E-012
   1.0794436179781404E-011
   1.2398538763663224E-011
   1.4235850127746523E-011
   1.6339493067927083E-011
   1.8747178893559995E-011
   2.1501826232002956E-011
   2.4652260890130940E-011
   2.8254007057668052E-011
   3.2370181397017970E-011
   3.7072502972461004E-011
   4.2442433544825509E-011
   4.8572464514507802E-011
   5.5567568756470177E-011
   6.3546837778171847E-011
   7.2645327070273684E-011
   8.3016135237976993E-011
   9.4832745528424261E-011
   1.0829166174031086E-010
   1.2361537425267699E-010
   1.4105569608156365E-010
   1.6089751351069321E-010
   1.8346300099492514E-010
   2.0911635575723028E-010
   2.3826911385100434E-010
   2.7138611650521063E-010
   3.0899220338196016E-010
   3.5167971803365769E-010
   4.0011692043617744E-010
   4.5505741209033237E-010
   5.1735069092994793E-010
   5.8795396626448702E-010
   6.6794537834138267E-010
   7.5853878297349633E-010
   8.6110027918850497E-010
   9.7716667718046900E-010
   1.1084661251559008E-009
   1.2569411371584935E-009
   1.4247742898372449E-009
   1.6144168846191917E-009
   1.8286209031070200E-009
   2.0704746180117946E-009
   2.3434422598431712E-009
   2.6514081812295765E-009
   2.9987260064711452E-009
   3.3902733041100118E-009
   3.8315123753371328E-009
   4.3285578113758402E-009
   4.8882515390593283E-009
   5.5182461461592706E-009
   6.2270973571706283E-009
   7.0243666168040591E-009
   7.9207348330156487E-009
   8.9281284346965343E-009
   1.0059859011887332E-008
   1.1330777929360231E-008
   1.2757447438474013E-008
   1.4358329958259457E-008
   1.6153997355704689E-008
   1.8167362228227075E-008
   2.0423933379446875E-008
   2.2952097883803780E-008
   2.5783432357557262E-008
   2.8953046294621081E-008
   3.2499960586950217E-008
   3.6467524632349217E-008
   4.0903875739222021E-008
   4.5862444869667348E-008
   5.1402513121259656E-008
   5.7589823735772279E-008
   6.4497254842047940E-008
   7.2205558592344569E-008
   8.0804172839059974E-008
   9.0392112024172232E-008
   1.0107894451949339E-007
   1.1298586426461810E-007
   1.2624686520397921E-007
   1.4101002772759475E-007
   1.5743892707493702E-007
   1.7571417447100686E-007
   1.9603510263145099E-007
   2.1862160820275612E-007
   2.4371616469780313E-007
   2.7158602054988196E-007
   3.0252559804355482E-007
   3.3685911009218351E-007
   3.7494341312365970E-007
   4.1717111571170815E-007
   4.6397396405445890E-007
   5.1582652695871390E-007
   5.7325020464185549E-007
   6.3681758741793785E-007
   7.0715719219425728E-007
   7.8495860667404392E-007
   8.7097807324402647E-007
   9.6604454672648635E-007
   1.0710662624983262E-006
   1.1870378539282308E-006
   1.3150480606612096E-006
   1.4562880719909927E-006
   1.6120605524080772E-006
   1.7837893993978022E-006
   1.9730302866911856E-006
   2.1814820494429336E-006
   2.4109989712288298E-006
   2.6636040363176666E-006
   2.9415032143842151E-006
   3.2471008486852906E-006
   3.5830162227238100E-006
   3.9521013845695964E-006
   4.3574603122910391E-006
   4.8024695083710437E-006
   5.2908001155320332E-006
   5.8264416510672225E-006
   6.4137274615646166E-006
   7.0573620048034770E-006
   7.7624500705896715E-006
   8.5345280573639199E-006
   9.3795974265480444E-006
   1.0304160461771398E-005
   1.1315258465327331E-005
   1.2420512529415752E-005
   1.3628167024919004E-005
   1.4947135955598099E-005
   1.6387052330655943E-005
   1.7958320713565117E-005
   1.9672173109853374E-005
   2.1540728361146512E-005
   2.3577055217145416E-005
   2.5795239261295668E-005
   2.8210453869671843E-005
   3.0839035385955363E-005
   3.3698562698306869E-005
   3.6807941406328633E-005
   4.0187492768131021E-005
   4.3859047618684903E-005
   4.7846045451058501E-005
   5.2173638851761589E-005
   5.6868803480120950E-005
   6.1960453779332330E-005
   6.7479564603460321E-005
   7.3459298940092924E-005
   7.9935141902498188E-005
   8.6945041157870178E-005
   9.4529553949462638E-005
   1.0273200086000324E-004
   1.1159862645159940E-004
   1.2117876690329301E-004
   1.3152502475136316E-004
   1.4269345081927790E-004
   1.5474373340370749E-004
   1.6773939476016824E-004
   1.8174799490642201E-004
   1.9684134273368657E-004
   2.1309571438482534E-004
   2.3059207882483533E-004
   2.4941633049207492E-004
   2.6965952887855488E-004
   2.9141814484419745E-004
   3.1479431342317681E-004
   3.3989609282993863E-004
   3.6683772931861614E-004
   3.9573992749163340E-004
   4.2673012559178985E-004
   4.5994277524660727E-004
   4.9551962506431133E-004
   5.3361000740743199E-004
   5.7437112759262685E-004
   6.1796835468397901E-004
   6.6457551296170993E-004
   7.1437517305893421E-004
   7.6755894166614816E-004
   8.2432774860620017E-004
   8.8489212998219316E-004
   9.4947250599683268E-004
   1.0182994519348056E-003
   1.0916139606896957E-003
   1.1696676951040918E-003
   1.2527232282766698E-003
   1.3410542698726971E-003
   1.4349458763557397E-003
   1.5346946429387240E-003
   1.6406088749314882E-003
   1.7530087360421690E-003
   1.8722263710690831E-003
   1.9986060003015023E-003
   2.1325039828306342E-003
   2.2742888458580990E-003
   2.4243412769788582E-003
   2.5830540763091070E-003
   2.7508320652296883E-003
   2.9280919484202710E-003
   3.1152621257742462E-003
   3.3127824507046726E-003
   3.5211039312843945E-003
   3.7406883706056051E-003
   3.9720079426986436E-003
   4.2155447003190440E-003
   4.4717900108942835E-003
   4.7412439169222075E-003
   5.0244144171293541E-003
   5.3218166647346962E-003
   5.6339720792209841E-003
   5.9614073680948542E-003
   6.3046534552189731E-003
   6.6642443124281447E-003
   7.0407156912934586E-003
   7.4346037520815348E-003
   7.8464435871660240E-003
   8.2767676363895981E-003
   8.7261039921482809E-003
   9.1949745922741792E-003
   9.6838932991346969E-003
   1.0193363863739206E-002
   1.0723877774054773E-002
   1.1275911987181274E-002
   1.1849926545517919E-002
   1.2446362077576692E-002
   1.3065637184658233E-002
   1.3708145715199604E-002
   1.4374253929243092E-002
   1.5064297556143367E-002
   1.5778578749340504E-002
   1.6517362942771289E-002
   1.7280875614267999E-002
   1.8069298962107436E-002
   1.8882768501714185E-002
   1.9721369590393539E-002
   2.0585133888869060E-002
   2.1474035769320863E-002
   2.2387988680562323E-002
   2.3326841481950134E-002
   2.4290374758604103E-002
   2.5278297131477816E-002
   2.6290241576825888E-002
   2.7325761770580791E-002
   2.8384328474142406E-002
   2.9465325979041602E-002
   3.0568048628892997E-002
   3.1691697437970935E-002
   3.2835376826634607E-002
   3.3998091494686238E-002
   3.5178743454544220E-002
   3.6376129246877859E-002
   3.7588937362030332E-002
   3.8815745891186582E-002
   4.0055020431783314E-002
   4.1305112272110450E-002
   4.2564256880430085E-002
   4.3830572724173338E-002
   4.5102060444945004E-002
   4.6376602415072986E-002
   4.7651962701343122E-002
   4.8925787461318572E-002
   5.0195605797243761E-002
   5.1458831092008793E-002
   5.2712762850938691E-002
   5.3954589072295972E-002
   5.5181389168361614E-002
   5.6390137457718106E-002
   5.7577707247966813E-002
   5.8740875526508536E-002
   5.9876328275231185E-002
   6.0980666422976129E-002
   6.2050412447465744E-002
   6.3082017636013121E-002
   6.4071870011763427E-002
   6.5016302929456329E-002
   6.5911604341746560E-002
   6.6754026733992292E-002
   6.7539797722094411E-002
   6.8265131304494145E-002
   6.8926239755787086E-002
   6.9519346145608299E-002
   7.0040697462504575E-002
   7.0486578318449594E-002
   7.0853325205475937E-002
   7.1137341271643742E-002
   7.1335111579202984E-002
   7.1443218803431283E-002
   7.1458359326186355E-002
   7.1377359673793384E-002
   7.1197193244436172E-002
   7.0914997265880728E-002
   7.0528089920024434E-002
   7.0033987566561137E-002
   6.9430421993983721E-002
   6.8715357622200546E-002
   6.7887008577333915E-002
   6.6943855555746501E-002
   6.5884662391091947E-002
   6.4708492235228759E-002
   6.3414723261177405E-002
   6.2003063794036438E-002
   6.0473566773845779E-002
   5.8826643452933348E-002
   5.7063076229219904E-002
   5.5184030516427410E-002
   5.3191065552089543E-002
   5.1086144044755893E-002
   4.8871640562835460E-002
   4.6550348569179847E-002
   4.4125486007733195E-002
   4.1600699351469837E-002
   3.8980066024333786E-002
   3.6268095114065105E-002
   3.3469726297616895E-002
   3.0590326906352085E-002
   2.7635687064356554E-002
   2.4612012840022488E-002
   2.1525917358519584E-002
   1.8384409830876958E-002
   1.5194882464146931E-002
   1.1965095226439662E-002
   8.7031584505531303E-003
   5.4175132703710984E-003
   2.1169098951798315E-003
  -1.1896162614975774E-003
  -4.4927705701080112E-003
  -7.7830272496138813E-003
  -1.1050659455157322E-002
  -1.4285771322795232E-002
  -1.7478331892278154E-002
  -2.0618210815734374E-002
  -2.3695215746965707E-002
  -2.6699131292934643E-002
  -2.9619759396011150E-002
  -3.2446961002733199E-002
  -3.5170698862303021E-002
  -3.7781081285861676E-002
  -4.0268406685905596E-002
  -4.2623208704033050E-002
  -4.4836301724703771E-002
  -4.6898826562921075E-002
  -4.8802296104782684E-002
  -5.0538640671807293E-002
  -5.2100252872901445E-002
  -5.3480031701868075E-002
  -5.4671425633566167E-002
  -5.5668474468270036E-002
  -5.6465849671546831E-002
  -5.7058892956091109E-002
  -5.7443652852545712E-002
  -5.7616919018393394E-002
  -5.7576254037620046E-002
  -5.7320022469013854E-002
  -5.6847416907769545E-002
  -5.6158480833444394E-002
  -5.5254128027362098E-002
  -5.4136158354229746E-002
  -5.2807269716008166E-002
  -5.1271066000955615E-002
  -4.9532060867210168E-002
  -4.7595677218236397E-002
  -4.5468242246854730E-002
  -4.3156977945400764E-002
  -4.0669987001653279E-002
  -3.8016234023505804E-002
  -3.5205522059778421E-002
  -3.2248464410016692E-002
  -2.9156451742410692E-002
  -2.5941614566000273E-002
  -2.2616781130966990E-002
  -1.9195430858866640E-002
  -1.5691643432959784E-002
  -1.2120043707253909E-002
  -8.4957426211883513E-003
  -4.8342743349988572E-003
  -1.1515298284173038E-003
   2.5363127676141001E-003
   6.2128608103972152E-003
   9.8615824351026855E-003
   1.3465884149655358E-002
   1.7009190367436939E-002
   2.0475024489435185E-002
   2.3847091128295184E-002
   2.7109359049539462E-002
   3.0246144390116969E-002
   3.3242193701637175E-002
   3.6082766355261899E-002
   3.8753715837409802E-002
   4.1241569460287342E-002
   4.3533606008930838E-002
   4.5617930846997501E-002
   4.7483548007060290E-002
   4.9120428797703286E-002
   5.0519576469334658E-002
   5.1673086493310511E-002
   5.2574202024751215E-002
   5.3217364138269253E-002
   5.3598256447678655E-002
   5.3713843745572767E-002
   5.3562404326340900E-002
   5.3143555686616509E-002
   5.2458273330244443E-002
   5.1508902440358328E-002
   5.0299162219052590E-002
   4.8834142735044710E-002
   4.7120294161631264E-002
   4.5165408330708756E-002
   4.2978592573630937E-002
   4.0570235865735875E-002
   3.7951967338381971E-002
   3.5136607269880299E-002
   3.2138110714582224E-002
   2.8971503977193572E-002
   2.5652814186888275E-002
   2.2198992272603510E-002
   1.8627829686735917E-002
   1.4957869268968043E-002
   1.1208310684827267E-002
   7.3989109144879358E-003
   3.5498803059833724E-003
  -3.1822525697044638E-004
  -4.1846154891189069E-003
  -8.0283795263308387E-003
  -1.1828601796682164E-002
  -1.5564479276891490E-002
  -1.9215439451928409E-002
  -2.2761258280585252E-002
  -2.6182177459027539E-002
  -2.9459020267967675E-002
  -3.2573305287257520E-002
  -3.5507357264462559E-002
  -3.8244414431426822E-002
  -4.0768731574983480E-002
  -4.3065678184845496E-002
  -4.5121831023209380E-002
  -4.6925060486769851E-002
  -4.8464610162435744E-002
  -4.9731169013057248E-002
  -5.0716935668638871E-002
  -5.1415674341697803E-002
  -5.1822761932353967E-002
  -5.1935225939182927E-002
  -5.1751772845480340E-002
  -5.1272806707132336E-002
  -5.0500437727327922E-002
  -4.9438480664616188E-002
  -4.8092442983810497E-002
  -4.6469502723679716E-002
  -4.4578476120714070E-002
  -4.2429775094155193E-002
  -4.0035354763466903E-002
  -3.7408651235003261E-002
  -3.4564509959446446E-002
  -3.1519105025066267E-002
  -2.8289849813651121E-002
  -2.4895299505545324E-002
  -2.1355045977253122E-002
  -1.7689605689027620E-002
  -1.3920301210404528E-002
  -1.0069137078383991E-002
  -6.1586707254930031E-003
  -2.2118792530242222E-003
   1.7479771420640465E-003
   5.6974942499472920E-003
   9.6132645810387152E-003
   1.3472018872747581E-002
   1.7250767481727939E-002
   2.0926940767780913E-002
   2.4478527575816516E-002
   2.7884210928553047E-002
   3.1123500054831939E-002
   3.4176857896651369E-002
   3.7025823262047466E-002
   3.9653126820793534E-002
   4.2042800175268492E-002
   4.4180277279631704E-002
   4.6052487526376230E-002
   4.7647939870071702E-002
   4.8956797413433159E-002
   4.9970941940322477E-002
   5.0684027943552853E-002
   5.1091525762006380E-002
   5.1190753511118514E-002
   5.0980897562851069E-002
   5.0463021405212118E-002
   4.9640062786905491E-002
   4.8516819129056400E-002
   4.7099921262831669E-002
   4.5397795628494227E-002
   4.3420615147512144E-002
   4.1180239054285944E-002
   3.8690142047250083E-002
   3.5965333190129553E-002
   3.3022265062430410E-002
   2.9878733723330914E-002
   2.6553770114604611E-002
   2.3067523585545421E-002
   1.9441138275731011E-002
   1.5696623139433194E-002
   1.1856716438238076E-002
   7.9447455656940450E-003
   3.9844830992310492E-003
   4.3414864285926910E-014
  -3.9844830991433216E-003
  -7.9447455656065803E-003
  -1.1856716438150373E-002
  -1.5696623139346163E-002
  -1.9441138275644979E-002
  -2.3067523585461023E-002
  -2.6553770114523648E-002
  -2.9878733723254745E-002
  -3.3022265062358044E-002
  -3.5965333190061066E-002
  -3.8690142047185905E-002
  -4.1180239054227873E-002
  -4.3420615147460560E-002
  -4.5397795628449179E-002
  -4.7099921262792485E-002
  -4.8516819129022004E-002
  -4.9640062786876049E-002
  -5.0463021405188553E-002
  -5.0980897562834381E-002
  -5.1190753511109674E-002
  -5.1091525762005541E-002
  -5.0684027943561312E-002
  -4.9970941940339603E-002
  -4.8956797413460283E-002
  -4.7647939870108964E-002
  -4.6052487526421951E-002
  -4.4180277279684925E-002
  -4.2042800175329527E-002
  -3.9653126820864672E-002
  -3.7025823262127007E-002
  -3.4176857896739028E-002
  -3.1123500054927214E-002
  -2.7884210928654084E-002
  -2.4478527575922112E-002
  -2.0926940767889066E-002
  -1.7250767481840172E-002
  -1.3472018872863851E-002
  -9.6132645811585829E-003
  -5.6974942500705094E-003
  -1.7479771421897233E-003
   2.2118792528970869E-003
   6.1586707253632085E-003
   1.0069137078253076E-002
   1.3920301210273335E-002
   1.7689605688895774E-002
   2.1355045977120984E-002
   2.4895299505412485E-002
   2.8289849813519240E-002
   3.1519105024935976E-002
   3.4564509959318417E-002
   3.7408651234878638E-002
   4.0035354763346860E-002
   4.2429775094039633E-002
   4.4578476120601895E-002
   4.6469502723571976E-002
   4.8092442983708544E-002
   4.9438480664520751E-002
   5.0500437727238646E-002
   5.1272806707048028E-002
   5.1751772845402222E-002
   5.1935225939109791E-002
   5.1822761932286548E-002
   5.1415674341635291E-002
   5.0716935668582493E-002
   4.9731169013007177E-002
   4.8464610162392716E-002
   4.6925060486733526E-002
   4.5121831023179834E-002
   4.3065678184822438E-002
   4.0768731574968728E-002
   3.8244414431419384E-002
   3.5507357264463732E-002
   3.2573305287265868E-002
   2.9459020267983665E-002
   2.6182177459050562E-002
   2.2761258280615378E-002
   1.9215439451965546E-002
   1.5564479276935814E-002
   1.1828601796734103E-002
   8.0283795263902148E-003
   4.1846154891846468E-003
   3.1822525704166529E-004
  -3.5498803059062791E-003
  -7.3989109144059137E-003
  -1.1208310684740558E-002
  -1.4957869268877554E-002
  -1.8627829686641589E-002
  -2.2198992272506227E-002
  -2.5652814186787960E-002
  -2.8971503977089808E-002
  -3.2138110714475698E-002
  -3.5136607269770935E-002
  -3.7951967338270297E-002
  -4.0570235865624089E-002
  -4.2978592573520269E-002
  -4.5165408330600648E-002
  -4.7120294161526195E-002
  -4.8834142734943846E-002
  -5.0299162218955640E-002
  -5.1508902440266909E-002
  -5.2458273330158477E-002
  -5.3143555686536614E-002
  -5.3562404326266855E-002
  -5.3713843745505502E-002
  -5.3598256447618807E-002
  -5.3217364138216788E-002
  -5.2574202024706466E-002
  -5.1673086493274338E-002
  -5.0519576469307791E-002
  -4.9120428797685703E-002
  -4.7483548007052380E-002
  -4.5617930846999909E-002
  -4.3533606008943584E-002
  -4.1241569460309602E-002
  -3.8753715837442179E-002
  -3.6082766355302665E-002
  -3.3242193701686330E-002
  -3.0246144390174839E-002
  -2.7109359049605632E-002
  -2.3847091128369937E-002
  -2.0475024489518760E-002
  -1.7009190367528609E-002
  -1.3465884149753709E-002
  -9.8615824352079866E-003
  -6.2128608105093512E-003
  -2.5363127677331021E-003
   1.1515298282912653E-003
   4.8342743348662636E-003
   8.4957426210505744E-003
   1.2120043707110879E-002
   1.5691643432812489E-002
   1.9195430858715341E-002
   2.2616781130811801E-002
   2.5941614565841337E-002
   2.9156451742250181E-002
   3.2248464409855293E-002
   3.5205522059617023E-002
   3.8016234023345558E-002
   4.0669987001495274E-002
   4.3156977945244618E-002
   4.5468242246701693E-002
   4.7595677218087301E-002
   4.9532060867065755E-002
   5.1271066000815359E-002
   5.2807269715872109E-002
   5.4136158354097227E-002
   5.5254128027233562E-002
   5.6158480833319813E-002
   5.6847416907649703E-002
   5.7320022468899397E-002
   5.7576254037511862E-002
   5.7616919018291232E-002
   5.7443652852448089E-002
   5.7058892955997614E-002
   5.6465849671456306E-002
   5.5668474468182405E-002
   5.4671425633482748E-002
   5.3480031701789131E-002
   5.2100252872827039E-002
   5.0538640671737502E-002
   4.8802296104718375E-002
   4.6898826562862629E-002
   4.4836301724650314E-002
   4.2623208703985498E-002
   4.0268406685863720E-002
   3.7781081285824955E-002
   3.5170698862271171E-002
   3.2446961002707442E-002
   2.9619759395990420E-002
   2.6699131292919953E-002
   2.3695215746955451E-002
   2.0618210815727872E-002
   1.7478331892274303E-002
   1.4285771322793484E-002
   1.1050659455158849E-002
   7.7830272496194047E-003
   4.4927705701187370E-003
   1.1896162615121827E-003
  -2.1169098951619690E-003
  -5.4175132703505168E-003
  -8.7031584505294877E-003
  -1.1965095226413407E-002
  -1.5194882464117567E-002
  -1.8384409830845213E-002
  -2.1525917358486475E-002
  -2.4612012839987926E-002
  -2.7635687064320801E-002
  -3.0590326906314566E-002
  -3.3469726297577974E-002
  -3.6268095114023638E-002
  -3.8980066024289800E-002
  -4.1600699351423659E-002
  -4.4125486007685892E-002
  -4.6550348569132628E-002
  -4.8871640562788435E-002
  -5.1086144044710374E-002
  -5.3191065552047383E-002
  -5.5184030516388469E-002
  -5.7063076229184551E-002
  -5.8826643452900743E-002
  -6.0473566773815123E-002
  -6.2003063794007988E-002
  -6.3414723261151398E-002
  -6.4708492235205042E-002
  -6.5884662391070867E-002
  -6.6943855555727433E-002
  -6.7887008577316513E-002
  -6.8715357622184517E-002
  -6.9430421993968344E-002
  -7.0033987566545386E-002
  -7.0528089920009071E-002
  -7.0914997265866545E-002
  -7.1197193244423376E-002
  -7.1377359673783683E-002
  -7.1458359326179444E-002
  -7.1443218803426786E-002
  -7.1335111579201915E-002
  -7.1137341271645504E-002
  -7.0853325205479684E-002
  -7.0486578318455964E-002
  -7.0040697462513749E-002
  -6.9519346145620303E-002
  -6.8926239755802060E-002
  -6.8265131304511839E-002
  -6.7539797722116379E-002
  -6.6754026734017202E-002
  -6.5911604341773775E-002
  -6.5016302929487194E-002
  -6.4071870011798940E-002
  -6.3082017636052715E-002
  -6.2050412447511062E-002
  -6.0980666423027255E-002
  -5.9876328275287126E-002
  -5.8740875526569820E-002
  -5.7577707248033030E-002
  -5.6390137457788994E-002
  -5.5181389168436276E-002
  -5.3954589072374860E-002
  -5.2712762851020535E-002
  -5.1458831092092455E-002
  -5.0195605797328770E-002
  -4.8925787461405051E-002
  -4.7651962701430434E-002
  -4.6376602415159431E-002
  -4.5102060445032184E-002
  -4.3830572724261656E-002
  -4.2564256880518160E-002
  -4.1305112272199032E-002
  -4.0055020431871591E-002
  -3.8815745891273845E-002
  -3.7588937362115410E-002
  -3.6376129246960945E-002
  -3.5178743454626953E-002
  -3.3998091494767547E-002
  -3.2835376826714585E-002
  -3.1691697438048810E-002
  -3.0568048628969537E-002
  -2.9465325979115917E-002
  -2.8384328474215154E-002
  -2.7325761770651741E-002
  -2.6290241576895513E-002
  -2.5278297131544475E-002
  -2.4290374758668451E-002
  -2.3326841482011581E-002
  -2.2387988680621754E-002
  -2.1474035769377849E-002
  -2.0585133888923579E-002
  -1.9721369590446531E-002
  -1.8882768501765311E-002
  -1.8069298962155936E-002
  -1.7280875614314115E-002
  -1.6517362942815157E-002
  -1.5778578749382058E-002
  -1.5064297556183390E-002
  -1.4374253929281069E-002
  -1.3708145715236259E-002
  -1.3065637184692993E-002
  -1.2446362077610101E-002
  -1.1849926545549947E-002
  -1.1275911987212651E-002
  -1.0723877774085712E-002
  -1.0193363863769535E-002
  -9.6838932991649036E-003
  -9.1949745923034249E-003
  -8.7261039921770773E-003
  -8.2767676364180337E-003
  -7.8464435871926138E-003
  -7.4346037521062008E-003
  -7.0407156913161548E-003
  -6.6642443124490958E-003
  -6.3046534552377333E-003
  -5.9614073681114373E-003
  -5.6339720792365888E-003
  -5.3218166647492375E-003
  -5.0244144171442918E-003
  -4.7412439169362639E-003
  -4.4717900109079445E-003
  -4.2155447003317578E-003
  -3.9720079427103851E-003
  -3.7406883706159336E-003
  -3.5211039312930997E-003
  -3.3127824507130734E-003
  -3.1152621257817745E-003
  -2.9280919484278405E-003
  -2.7508320652365787E-003
  -2.5830540763156704E-003
  -2.4243412769843955E-003
  -2.2742888458643371E-003
  -2.1325039828379942E-003
  -1.9986060003086784E-003
  -1.8722263710767440E-003
  -1.7530087360504577E-003
  -1.6406088749406870E-003
  -1.5346946429472456E-003
  -1.4349458763633551E-003
  -1.3410542698789525E-003
  -1.2527232282827070E-003
  -1.1696676951087469E-003
  -1.0916139606947039E-003
  -1.0182994519400276E-003
  -9.4947250600198058E-004
  -8.8489212998682271E-004
  -8.2432774860978063E-004
  -7.6755894166875252E-004
  -7.1437517306207493E-004
  -6.6457551296481162E-004
  -6.1796835468721763E-004
  -5.7437112759605152E-004
  -5.3361000741001944E-004
  -4.9551962506642227E-004
  -4.5994277524874061E-004
  -4.2673012559397343E-004
  -3.9573992749375252E-004
  -3.6683772932135441E-004
  -3.3989609283300361E-004
  -3.1479431342602512E-004
  -2.9141814484671567E-004
  -2.6965952888073576E-004
  -2.4941633049464969E-004
  -2.3059207882734545E-004
  -2.1309571438636105E-004
  -1.9684134273478465E-004
  -1.8174799490727869E-004
  -1.6773939476112158E-004
  -1.5474373340520489E-004
  -1.4269345082048676E-004
  -1.3152502475188426E-004
  -1.2117876690348944E-004
  -1.1159862645113440E-004
  -1.0273200085932556E-004
  -9.4529553948975262E-005
  -8.6945041158451473E-005
  -7.9935141903707981E-005
  -7.3459298941770795E-005
  -6.7479564604316190E-005
  -6.1960453780550363E-005
  -5.6868803481442030E-005
  -5.2173638852972270E-005
  -4.7846045451982078E-005
  -4.3859047619121904E-005
  -4.0187492768020249E-005
  -3.6807941406540859E-005
  -3.3698562698412688E-005
  -3.0839035385715910E-005
  -2.8210453868654708E-005
  -2.5795239260531458E-005
  -2.3577055216714134E-005
  -2.1540728359896607E-005
  -1.9672173108463810E-005
  -1.7958320712679683E-005
  -1.6387052330076227E-005
  -1.4947135955124418E-005
  -1.3628167024956988E-005
  -1.2420512530249891E-005
  -1.1315258465959848E-005
  -1.0304160462268776E-005
  -9.3795974267730130E-006
  -8.5345280575014865E-006
  -7.7624500708856417E-006
  -7.0573620049241860E-006
  -6.4137274623840320E-006
  -5.8264416520708362E-006
  -5.2908001165590733E-006
  -4.8024695086452105E-006
  -4.3574603123732589E-006
  -3.9521013846735544E-006
  -3.5830162231358005E-006
  -3.2471008486014136E-006
  -2.9415032145995275E-006
  -2.6636040365665774E-006
  -2.4109989716369845E-006
  -2.1814820501746799E-006
  -1.9730302878186788E-006
  -1.7837894006331625E-006
  -1.6120605531756847E-006
  -1.4562880722230300E-006
  -1.3150480609075867E-006
  -1.1870378536971022E-006
  -1.0710662618316524E-006
  -9.6604454622046612E-007
  -8.7097807332553274E-007
  -7.8495860684977785E-007
  -7.0715719227239067E-007
  -6.3681758766200277E-007
  -5.7325020478085635E-007
  -5.1582652684866675E-007
  -4.6397396339390761E-007
  -4.1717111543176715E-007
  -3.7494341224274983E-007
  -3.3685910897902864E-007
  -3.0252559719357955E-007
  -2.7158602003200104E-007
  -2.4371616382426726E-007
  -2.1862160717046145E-007
  -1.9603510188416363E-007
  -1.7571417345212311E-007
  -1.5743892635461980E-007
  -1.4101002770934590E-007
  -1.2624686521844296E-007
  -1.1298586394097645E-007
  -1.0107894371548221E-007
  -9.0392111641945901E-008
  -8.0804172287395766E-008
  -7.2205558450406437E-008
  -6.4497255052462412E-008
  -5.7589824242736870E-008
  -5.1402513382344817E-008
  -4.5862445324306314E-008
  -4.0903876195506077E-008
  -3.6467524797408562E-008
  -3.2499960770519456E-008
  -2.8953046344191159E-008
  -2.5783432917263915E-008
  -2.2952098377723299E-008
  -2.0423933543337198E-008
  -1.8167362143823130E-008
  -1.6153997182475602E-008
  -1.4358330014087160E-008
  -1.2757447672966765E-008
  -1.1330778238738568E-008
  -1.0059859532076504E-008
  -8.9281285446882277E-009
  -7.9207345639740609E-009
  -7.0243662620501519E-009
  -6.2270976135586125E-009
  -5.5182468544589745E-009
  -4.8882519451461205E-009
  -4.3285579570047432E-009
  -3.8315118805640828E-009
  -3.3902733419273893E-009
  -2.9987260270313989E-009
  -2.6514079029528538E-009
  -2.3434415057590225E-009
  -2.0704742360793459E-009
  -1.8286205009122108E-009
  -1.6144179590220203E-009
  -1.4247753431496319E-009
  -1.2569422026978180E-009
  -1.1084667501403390E-009
  -9.7716711995502809E-010
  -8.6110053952685019E-010
  -7.5853889732100489E-010
  -6.6794577008781208E-010
  -5.8795449214554435E-010
  -5.1735073056999912E-010
  -4.5505736168747296E-010
  -4.0011676708836663E-010
  -3.5167844085790991E-010
  -3.0899134091404896E-010
  -2.7138555156165243E-010
  -2.3826856617459116E-010
  -2.0911613523781277E-010
  -1.8346335842078147E-010
  -1.6089765817808249E-010
  -1.4105551218772029E-010
  -1.2361531030458197E-010
  -1.0829153270299320E-010
  -9.4832716416937080E-011
  -8.3016195059189990E-011
  -7.2645521763806010E-011
  -6.3546716624261428E-011
  -5.5567439186683630E-011
  -4.8572205645474998E-011
  -4.2442004939829976E-011
  -3.7072899180965619E-011
  -3.2370852045936281E-011
  -2.8254441467743385E-011
  -2.4652847205430007E-011
  -2.1501920471430329E-011
  -1.8747245740746684E-011
  -1.6339103354721863E-011
  -1.4235388566890428E-011
  -1.2398545853829410E-011
  -1.0794696714322362E-011
  -9.3948417413864465E-012
  -8.1735232336546808E-012
  -7.1079864362977470E-012
  -6.1787305374190972E-012
  -5.3694310799095434E-012
  -4.6643822560547202E-012
  -4.0510631210347705E-012
  -3.5169487146521490E-012
  -3.0519286736659604E-012
  -2.6478292941557089E-012
  -2.2962640613605665E-012
  -1.9914100465874013E-012
  -1.7256975223095197E-012
  -1.4943351910253005E-012
  -1.2931090051157827E-012
  -1.1194189871719230E-012
  -9.6905529352364172E-013
  -8.3827504242857544E-013
  -7.2526429252009788E-013
  -6.2694261326077225E-013
  -5.4194600458146840E-013
  -4.6796011390934999E-013
  -4.0399564490248898E-013
  -3.4810155358323806E-013
  -3.0027397336843124E-013
  -2.5932343615816786E-013
  -2.2340510816462656E-013
  -1.9248794678633203E-013
  -1.6583085956350845E-013
  -1.4285799168374679E-013
  -1.2301190660551819E-013
  -1.0553187062698649E-013
  -9.0524911447307971E-014
  -7.7853773717529060E-014
  -6.6916209216188645E-014
  -5.7433136369419237E-014
  -4.9519940112369681E-014
  -4.2369299934751844E-014
  -3.6711489087748443E-014
  -3.1325528607832588E-014
  -2.6295579729004803E-014
  -2.2703309689624722E-014
  -1.9822866280400968E-014
  -1.7203011053953532E-014
  -1.4613999919427242E-014
  -1.2690596005438919E-014
  -1.0591451977843621E-014
  -9.0750254695613826E-015
  -7.9225636583871045E-015
  -7.0851689200086074E-015
  -6.2093662736322123E-015
  -5.5804216882522792E-015
  -4.5576277789652159E-015
  -3.7532233310620829E-015
  -3.1892462730096745E-015
  -2.5400280969990807E-015
  -1.9188518968583461E-015
  -1.5707213995704776E-015
  -1.3209077821635715E-015
  -1.2525565344985805E-015
  -1.0476359872337176E-015
  -7.8047876191594813E-016
  -6.8330667647081633E-016
  -2.5519143225661984E-016
  -5.3664298028213249E-016
  -6.6153507984574959E-016
  -4.3012550148290366E-016
  -3.0455210635581973E-016
  -1.9570531104213203E-016
  -1.6732525567578863E-016
  -2.8120048315369755E-016
  -5.1637451274484205E-017
   2.0129033233636838E-016
   2.4043371468096943E-016
  -1.7102764708448023E-016
  -6.3444326627523676E-016
  -6.1816278030039277E-016
  -1.1089047916392164E-016
  -2.2412651408350972E-016
  -3.1410462171743891E-016
  -4.0889769622580215E-016
  -3.3445073957675449E-016
  -2.1073287047055330E-017
  -4.7484010234283704E-016
   1.8431686395670996E-016
   3.7139123515476123E-016
   3.5396340380308979E-017
   1.2220531115124084E-017
   3.7521045610304804E-016
   2.5514630390551746E-016
   2.5217379150640850E-017
  -1.1080148603203820E-016
  -1.5875788242464500E-016
  -6.5608977219238186E-017
   8.8785145361964015E-017
   1.1352230125672565E-016
  -1.1381056421094288E-016
  -1.1140872665919142E-016
  -2.0273504844299170E-016
  -8.4834726157008967E-017
  -2.5889694741454234E-016
  -4.8204300931365787E-016
  -5.3850176816995114E-017
  -1.3254151300350278E-016
   9.2071027054043628E-017
  -2.4464914694515320E-018
  -3.1164075397210141E-019
   1.6121200746885525E-016
   4.1012604136355912E-017
  -1.5619498962157713E-016
  -2.4850091739958515E-017
  -1.8864226213598300E-016
  -1.2975181889631840E-016
  -6.3974789424052956E-017
  -2.5153989546154561E-016
   7.0578345355441589E-017
  -2.1181820102722619E-016
  -8.7657720629923337E-017
   4.8593679886571746E-016
   1.7572044125143703E-016
   3.9202320747808428E-016
   3.2443198658432435E-016
   2.6020847839598804E-016
  -9.0646517999326362E-017
   2.8034678837184093E-016
   1.7750092459606292E-016
  -2.4591566498726686E-017
  -4.1064407207105226E-016
  -2.2343042138951275E-016
  -1.4157545249627727E-016
  -1.4646176528911254E-016
   4.3857957433657812E-017
   5.8502616747555139E-016
   5.0486277449762111E-016
   3.4141258066799365E-016
   1.2811343488092430E-016
   8.1147554989226483E-017
   1.6238720788336643E-016
   1.1705289288785850E-016
  -2.5353717340095698E-017
  -2.6708045102530649E-016
  -1.7585597227113713E-016
  -7.7025740629522558E-017
  -8.0215903862323073E-018
  -8.4156953488393413E-017
  -3.2451549436414756E-016
  -9.6677340827138538E-016
  -3.1404885896668185E-016
  -2.0749577630819557E-016
  -8.6940144018428634E-017
  -1.3998127025735821E-016
   4.3693969390036430E-016
  -4.2127669271880029E-017
  -7.1675635989651419E-017
   8.6439241333560283E-017
   6.7957558437744004E-016
   4.6026196350556538E-016
   4.8602705547527009E-017
  -2.5589801952864618E-016
  -3.5341931455575279E-016
  -1.1565363589925805E-016
  -4.8895299768064830E-016
  -3.7326360314524968E-016
   5.7035150499267845E-017
   9.9604338777026808E-017
   6.6646981529058236E-017
   1.4450557438634024E-017
   7.7538503651312943E-017
  -4.9118805855238598E-017
  -1.2991869333795947E-016
   3.5449845181518058E-017
  -3.0789434707655703E-016
  -4.6168170089461218E-017
  -1.4948380703392246E-016
  -2.0188748052865760E-016
  -2.2366966986784460E-016
   2.4760249585719161E-016
   2.6518765691297468E-016
   2.7952534254378526E-016
   4.8443644617765363E-017
   3.6680232983499499E-016
   2.6889692484662912E-016
   2.1749230956552999E-016
  -6.4067712885615762E-017
  -1.4815705897740019E-016
  -4.1786933062187374E-016
  -2.8194463159136561E-016
   2.7247418432187426E-016
  -1.0131503798394627E-016
  -3.1682605117670085E-016
  -5.9457481974273297E-016
  -5.7629740532787235E-017
   1.1683968656340941E-016
   2.6391971861825038E-016
   3.3392616562755757E-016
   3.2193698084674245E-016
   4.7515851106495905E-016
   9.4809001720393075E-017
   8.2372114636769079E-017
  -1.9721852272510794E-016
  -1.3728417615280072E-016
  -2.6719895765965526E-016
  -3.0091124782871061E-016
  -2.5026499534227880E-016
  -3.7565253046067987E-016
   1.4131088595099915E-016
  -3.0104799237127836E-016
  -8.4938919696946920E-017
  -1.1380488030897548E-017
  -1.5127012906897698E-016
   2.6717672636586235E-016
  -8.3869759308742218E-017
  -2.5638090220749503E-016
   1.2320777690808228E-016
   2.7975729182719940E-016
   3.5585393667858903E-017
  -1.4566924560958866E-016
   1.1598976785945108E-016
   3.6426595329623191E-016
   3.6141102806641860E-016
   8.4328679271942026E-017
  -5.6011426909650295E-017
   2.0030708368804375E-016
   1.8379646406756495E-016
   4.0917199423369432E-017
   1.0287391501163890E-016
  -6.4671052298315439E-017
  -3.8943937578835983E-017
   1.2137977733827676E-016
  -2.2740176977158136E-016
  -2.2461071310036628E-016
  -4.0633069814964136E-016
  -1.2425037453575144E-016
  -1.3106358000075213E-016
  -2.9007708937610409E-017
  -8.8918401795395543E-017
  -9.1997547784021482E-017
   3.0039978192827503E-016
   2.8443798894358376E-016
  -4.4619914824096481E-016
  -1.6015871877192839E-016
  -2.3919428847351561E-016
   5.3762987264592716E-017
  -4.4350203643897255E-016
   3.5245889007800539E-016
   6.0258944564689424E-016
   5.1020832852637121E-016
   1.9613388304424358E-016
   5.7243407443348543E-017
   2.3009174709359990E-016
  -1.4668509842473943E-016
  -3.8903386233971556E-017
   1.5692375725034321E-016
  -2.9504128058082588E-017
  -1.3763511636185692E-016
  -1.1175462613679609E-016
  -4.1098652085900029E-016
  -1.4209785189427985E-017
  -1.9079367345418327E-016
  -6.9441803927493761E-017
  -2.3780024930523476E-016
   1.8688275197776029E-016
  -1.5664888706172663E-016
   2.8085155230462645E-016
   3.7609521857537623E-016
   4.4257992803718938E-016
   2.4390254704456833E-016
   4.3791717174653670E-016
   3.8634164406266081E-016
   8.1346359687633017E-017
  -7.9172224634325222E-017
  -1.0318353242664311E-016
   8.7335104276451279E-017
  -1.0076566115768896E-016
  -5.5718839013550080E-017
   4.0054418716109258E-017
  -1.6838243801703502E-017
  -4.8896960286112592E-017
   2.8218514521195526E-017
  -2.3329231643667123E-017
  -1.5313709326638652E-016
  -2.9035390315220442E-016
  -3.1952635716255080E-016
  -3.3908751636202481E-016
   3.5612718617228531E-016
   3.8840774595442096E-016
  -1.8983409090708497E-016
  -4.5775738588509666E-016
  -6.3696863965119672E-017
  -3.9357168631436404E-016
  -2.0636195548061904E-016
   1.3042705710990327E-016
   6.1060907074667109E-016
   1.5450786905253179E-016
   8.6506674512870361E-017
   7.6057932767210805E-017
   1.3260330011981656E-016
  -9.4242430938732802E-017
  -2.8963600376889310E-017
   9.0373326541910762E-017
   5.6996630201484337E-017
  -3.2640882824966002E-016
   2.9152015012959345E-016
  -7.0193322587528388E-017
  -1.4764289159791886E-016
  -1.7181497361470512E-016
  -1.3731025134563448E-016
  -1.7792040207783369E-017
  -5.2287094189205516E-016
  -3.4877728699179294E-016
  -1.2481691627279676E-016
   6.7939193837244895E-017
   8.8134892586022135E-018
  -1.2619572585265842E-016
   1.2106042297522195E-016
   4.7005406283625055E-016
   2.9872534341363235E-016
  -8.1466480617245436E-017
   1.6749328637774149E-016
   3.4779349414608763E-017
  -4.4492886505871639E-017
   1.3974477338848376E-016
  -3.9242856881470620E-017
   8.1422723479922449E-018
   3.3281341310012384E-017
   2.0932460192298364E-017
  -1.3512456893079526E-016
   8.2232050269583361E-017
  -8.3461493264061738E-017
   3.8983673033441474E-016
  -3.4994806468528148E-016
   4.5856311798639003E-017
  -1.2838301730582362E-016
   1.8984726853556157E-016
   2.9201255490067203E-016
   2.5661471369653592E-016
  -2.5159909075439143E-016
  -1.4895277282910008E-016
  -1.1898903246967921E-016
  -3.3566637460348291E-016
  -1.8025549095916468E-016
  -1.7691766691294421E-016
  -8.9259581271975097E-017
  -1.2489986454570331E-016
  -4.3023074607555808E-017
  -1.2183603164019025E-016
  -2.5982817741655361E-016
  -1.4110926682824059E-017
   1.4649299325249005E-016
   1.0680161500944507E-016
   2.2598909047774251E-016
   3.7353896139429803E-016
   5.3848956654671778E-016
  -5.1437423019911364E-017
  -1.1731354071020749E-016
  -4.3221541154652634E-016
  -1.8805267925672219E-017
  -2.9335600470236000E-016
   9.4856085333361678E-017
  -1.4601681545874711E-016
  -9.8451868293853161E-017
  -7.8893829248727724E-017
   2.1429986800565615E-017
  -1.9862955340061993E-016
  -1.0114036700154862E-016
   9.7590286265479802E-017
  -1.5538799424616139E-017
   3.0683300550696918E-017
   4.1369890552085570E-017
   3.6097097344851481E-016
   1.8374266201183664E-016
   7.4184553363305904E-017
  -3.1182138250389865E-016
  -1.9952302462783760E-016
  -3.1083786867179758E-016
  -2.3639898933398677E-016
   5.5065261863417879E-017
  -7.3099554601014456E-017
  -1.7544281933523803E-017
  -1.5125855221563917E-016
   3.7493066851939805E-016
   1.8930113614587015E-016
   3.5700916431394776E-017
   9.8858975958331171E-017
   1.4994621234430560E-016
   8.4700226035482697E-017
   3.1916991018084128E-017
  -1.9167619420637345E-016
   3.1076921451420068E-016
  -8.1641891651445163E-017
  -8.6329441345281817E-017
  -3.1078895523167297E-016
  -2.8771300751491372E-017
  -1.8892299921407070E-016
   4.9400824508829586E-016
   2.4079328829391983E-016
   3.9714409895309232E-016
   5.5859213833785179E-017
   2.7076424307692781E-016
  -2.0828462071548669E-018
   1.3452208700135903E-016
  -1.1600728871350096E-016
  -1.8333392687414988E-017
  -8.6632884983635032E-017
   6.8044901254857606E-017
  -3.2516600580806735E-016
  -7.5886708143327753E-017
  -4.8188793180280138E-016
  -3.0207218234775255E-016
  -4.2813824245056230E-016
  -6.0327649968983225E-017
  -1.3667345168967617E-016
   2.1260369200425288E-016
  -1.6532639695407095E-016
   8.7484088680286411E-017
  -4.5138554936717553E-017
  -2.3072488497484612E-016
   1.1715606449980803E-016
  -1.9662769120101504E-016
  -1.1828081400701278E-016
   2.0803438742084843E-016
   3.4854767990564433E-016
   1.9250681958924501E-016
   5.7658727721774060E-017
   4.6037025463136488E-017
   5.9945900552261741E-017
  -1.7032608662524501E-018
  -2.7178580856726293E-016
  -1.0864380191892954E-016
  -1.5554915403284476E-016
  -8.5890593473367871E-017
   2.2912663137151611E-018
   7.5803912275009620E-021
   1.4882028788024340E-016
  -1.7621272834501674E-016
  -5.2910255380575353E-017
   6.0458458110262963E-017
  -1.0778105048784330E-016
  -2.2393620846845144E-016
   8.6909494628094443E-017
  -2.2110641011662717E-017
  -6.3090661330290495E-017
  -7.8129786108159532E-017
  -1.0078068567544000E-016
  -1.8667472210229131E-016
  -8.4481064920930105E-017
  -4.4106366750058797E-017
   3.4413710108492769E-016
   4.5010175384877479E-017
   1.5006219393786263E-016
   2.4393756378894815E-016
   3.1668889157548695E-016
   2.5048899850090161E-017
  -2.5913497043637406E-017
   1.8077122207974799E-016
  -1.5518830297729923E-016
   8.5143924503476683E-017
   9.4289066201390263E-017
  -3.5288559635251459E-017
   2.2550498666388397E-016
  -9.0447252251775201E-017
  -2.5410276539813018E-016
   1.3378593983333565E-016
  -4.8838426682027553E-017
  -1.7265274784185373E-017
   2.4471613697716253E-016
   2.6765107983525993E-016
   3.0040054583808702E-016
   1.0450361384809872E-016
  -9.1642040948390038E-017
  -2.9628267538076932E-016
  -3.0454040957669436E-017
  -3.1217170008306428E-016
  -5.0614799160862733E-018
  -3.4616021565885278E-016
   2.3969060453410255E-017
   1.1054914880000787E-016
   1.5213144647794622E-016
  -1.3714963696217740E-016
  -3.3706209866693548E-016
  -7.7360644757393393E-017
   1.1553279493724061E-016
  -1.3167713835152124E-016
   1.7324836856735247E-016
  -1.5793068788549540E-016
   1.7726849907034987E-016
  -1.2422631197954192E-016
   1.3532341958551613E-016
   4.9920623207742509E-017
   7.9947128568652695E-017
   2.5408831306240681E-016
   1.0919504554507485E-016
  -1.3752481154480194E-016
  -1.2475483380151242E-016
   9.3472146200730769E-017
  -3.1110230351776447E-016
   2.7714178117316177E-016
   6.1936914562058152E-017
   2.0690719983098409E-016
  -2.2236081985757025E-016
  -3.0692342326194094E-017
  -1.4612254676851461E-016
  -2.0926828099371717E-016
  -2.2789738125782145E-016
   1.1588594207416441E-016
  -3.2749697849481880E-017
  -2.1144619185315248E-016
  -7.8262433890396676E-017
  -6.8846879774740935E-017
  -2.2064754909480508E-016
   2.0860431134834841E-017
  -1.2980382499273322E-016
   1.5913038111940880E-016
   2.3221371029079178E-016
   1.8058054493858589E-016
   1.6392843526485847E-016
   4.9356102487029175E-017
   1.0985346313519650E-016
   2.7127973132883505E-016
   6.8565196994320364E-017
   3.3302867671153420E-017
   1.9687002740587709E-016
  -1.6215050646289955E-016
   1.9937899690905267E-016
   6.9215888171159858E-017
   1.4437595262439856E-016
   3.6252634889518542E-016
   1.2909905405731784E-016
   2.4521066088507622E-016
   9.4262238772348195E-018
  -9.2321941970068916E-017
  -2.5562983186340124E-016
  -2.5358505442016603E-016
   8.9628384576537922E-017
  -1.7356264438128660E-016
  -2.0323135302777162E-016
   2.1548038080836545E-016
  -1.0142878355923985E-016
   1.4067295036663071E-016
  -1.0034711201195046E-016
  -1.4991650052346336E-016
   1.4517219111247285E-016
   6.4738539321474774E-017
  -3.9683934020012018E-017
   1.7665686533654156E-016
   1.8556712277665727E-016
  -5.8313773233762524E-017
  -8.2083554352272629E-017
  -1.0032420876218405E-016
  -3.1109284069881561E-016
  -1.3932421166163237E-016
   1.5621224266646522E-016
   4.4468873237203223E-016
   2.0380538314075503E-016
   9.2191185096333151E-017
   3.5312425402054846E-016
  -1.1465288620283231E-017
  -8.7755668487618748E-017
   2.2593096705798154E-016
  -9.8619240800703398E-017
  -3.1003596265762678E-016
  -2.1541031845995327E-016
  -1.0304675030307167E-016
   9.2048195411528339E-017
   1.8258573504236746E-017
  -7.9637283621456737E-017
  -4.9759138985820996E-017
  -2.7619945778317708E-016
  -3.5186735441840562E-017
  -1.0296583320482524E-016
   2.8181956880843618E-017
   2.9181088330280677E-018
  -3.0341266259317646E-017
   6.6403245257025032E-017
  -1.5387053840645260E-016
  -1.5256061969330936E-016
   9.6296316673221070E-017
  -4.2144973973907232E-017
  -4.1288604649533727E-017
   1.1136111439763436E-016
   1.0150046459348553E-016
   4.7043329441068944E-017
   1.3325190486818077E-016
   3.6549154177413325E-016
   4.1784080643248919E-017
   1.5688833673481515E-016
   3.9654734951088439E-016
   1.3727720043417536E-016
  -2.6810460644514874E-017
  -8.6671812810339250E-018
  -2.1915138607309081E-016
  -2.5785216346740675E-016
  -1.1259089711422003E-016
   3.1650241465184425E-016
  -1.2227284999383300E-016
   2.9268147313752113E-016
   4.9357106081825547E-017
   1.6035206095043030E-016
  -2.1795804920150900E-017
  -3.0585264388421054E-017
   1.3298733246406697E-016
  -2.5256510403577416E-016
   1.9330231766875168E-017
  -1.2577914818478328E-016
   1.5981101442207829E-017
  -4.1959620495182934E-016
   4.2436344976628403E-017
  -1.3658553936723259E-016
   1.3408809424619183E-016
  -1.7979691440761087E-016
   1.7481433042849402E-016
  -8.6529886752382709E-017
  -1.7027446216373141E-016
  -1.0812830349583772E-016
   8.4890709203083351E-017
   1.6603889273816355E-016
   2.5165280390379538E-016
   3.6627166917298853E-017
   1.2639757228761871E-016
  -1.1123516671264256E-016
  -9.3710664070715877E-017
   2.2342974044081563E-016
   3.1625696833923420E-016
   1.4838128613095324E-016
  -3.2744119085406130E-017
   2.5843142139124326E-016
  -1.0655547156087088E-016
   1.1435950512109088E-016
   1.7067732237494760E-017
  -1.0946061206705309E-016
   4.7752578582981695E-017
   5.8264489424618330E-017
  -2.1319797764027800E-019
  -7.9964915869765641E-017
  -8.4690339867821821E-017
   1.5501639869440161E-016
  -2.3429181401627386E-016
  -6.3902053573923633E-017
  -6.9520084138196606E-017
   6.9815184274092263E-017
  -7.6503000608050905E-018
   4.2619644780236712E-017
  -1.3718180351203531E-016
  -3.4982230686524312E-017
   4.4716577648301107E-017
   1.3770346986953211E-016
  -2.0235972151948802E-016
   3.6798149919734576E-017
  -2.8944650330157002E-017
   1.9062832704571010E-016
  -2.2894427604605149E-017
   8.3810076808270341E-017
   5.9049744535713747E-017
  -4.0076694774493756E-017
   1.0713454915081646E-016
  -3.3171756442738530E-017
  -2.5967078924503348E-016
   2.6821109220922580E-016
   9.8090224658987600E-017
  -2.1866538520503525E-017
  -2.3788663701062030E-016
  -6.8395683784645995E-017
   3.9633030319428737E-017
  -6.5859575852986387E-017
   1.1660391873225790E-016
   1.9057890888809309E-016
   9.9203172036870299E-017
  -2.8781777991460222E-016
  -1.2209090980957071E-016
   9.1766512163559991E-017
   8.1665289537156782E-017
   1.0558541354430470E-017
  -7.5686104916441833E-017
   1.1533178697300464E-016
  -3.0059150256239303E-016
  -3.2355604385202128E-017
  -5.2400563052203129E-017
   6.9745612371361315E-017
   3.4268402735828037E-017
   2.4200805587813547E-016
  -4.2575938388516481E-017
   1.6274191834069405E-016
   3.7637361354907777E-017
  -4.5096024375060973E-017
   8.9834621201508268E-017
  -9.1095040830131763E-017
  -7.2920942154963198E-017
   2.3356085785597766E-016
   9.2270224747400195E-017
  -3.1959977705169049E-016
  -1.5763173929130422E-016
   4.4579666298343258E-017
   1.5864699070576693E-016
   7.4086897838099994E-017
   1.3509114093262036E-016
   7.7763236210667675E-018
   8.4185184296876810E-017
  -1.0287446084721822E-016
  -1.2336697003372992E-016
   2.5637940505504277E-016
   2.9959560053092940E-016
  -9.3293751375636377E-017
   5.8656459108765112E-017
  -2.6511703357267040E-017
  -1.6604581247323732E-016
  -8.0161924160321418E-017
   2.0076037286979384E-017
  -1.0424968836540213E-017
  -9.8138882036207480E-017
  -5.2627077430035674E-017
   2.4604177883605040E-016
  -1.5158391630655921E-016
   5.0987788709534642E-017
   2.0660092834274533E-016
   1.4331736624991499E-016
   1.9957655160094561E-016
   2.3920158526719945E-016
   6.1701677279073639E-017
   8.3193067230093933E-017
   1.3966999777148336E-016
   3.1836828368156345E-016
  -2.5080786066685767E-016
   1.0534213818134308E-016
   1.4445524124512710E-018
   3.3918039142900697E-017
  -3.3540033417443865E-016
  -1.0196135828973107E-016
   2.8062981946385736E-017
  -2.5245014187867709E-017
  -3.0158165746573367E-017
   5.2751628174373641E-018
  -8.4541179539276202E-017
  -1.2756402348469487E-016
   1.5856182455854513E-016
  -7.0652780848686358E-017
  -1.1490208011795428E-016
  -6.1307856312208297E-017
   9.7562100198945783E-017
   3.5997358071377407E-016
   9.7148253921390439E-017
   3.8933338557935242E-017
  -1.9413655851958258E-017
   1.4493291431228843E-016
  -1.4088924087478294E-018
  -1.0129714167330103E-016
   1.0381470742378278E-016
   1.5930353750045379E-016
  -2.1879086785079798E-016
  -5.8901737625750567E-017
  -1.8133598436966204E-017
   1.4391877738200847E-016
  -1.7850233653090973E-016
  -1.2044929032974045E-016
  -4.9354592633344544E-017
   1.0476071940548031E-016
   1.6483049445086703E-017
