   1.3400449403277145E-017
  -3.8863532236345494E-017
   6.0136623782423483E-017
  -1.1784640196994427E-017
   7.8405687977972487E-017
  -7.2193845687592076E-017
   4.2986309981758216E-017
  -9.3996161204015745E-017
   6.8852512948489467E-017
  -5.7879835317838859E-017
   5.8597079386247827E-017
  -5.9106940767777202E-017
   6.8523226326670021E-017
   2.8710120557193168E-018
  -6.3120173432520169E-018
  -3.4028049439726468E-018
   1.0187148991346747E-017
   7.7909227122777192E-018
  -4.4675677144571078E-017
   2.1273069757900160E-017
  -1.5694245068556101E-017
   1.7767880759844613E-017
  -4.4125299872079681E-017
  -6.3836623527647519E-018
  -2.4723674831745160E-017
   1.1818266644062276E-017
  -4.7361811675169325E-017
   2.6636476821215824E-017
   2.9183713198934868E-018
   3.0101752730870452E-017
   6.4152445175313006E-018
   7.7560900591006697E-017
  -2.7540812903227366E-017
   8.2509135700689889E-017
  -5.0132483195646035E-017
   5.4784069497586243E-017
  -2.7001237041078388E-017
   3.1020529383653632E-017
  -1.8500650662806176E-017
   6.7940729391293853E-017
   7.3432747395099276E-018
   1.6381962982084071E-017
  -1.6582306228401248E-017
  -1.4951527921706428E-017
   1.8026692202860507E-017
  -2.6748006587345900E-017
   6.4334063069087213E-017
  -2.1716822879878117E-017
   2.6761875822575493E-017
  -1.5296182149037260E-017
   4.1635142554867048E-017
  -2.7566585936723599E-017
   1.3341481752511760E-017
  -1.4260813371482944E-017
  -4.9981160141903700E-018
   3.0358208191388794E-017
  -1.3407872811055398E-017
   3.8739984689481901E-017
  -4.0210666121942996E-017
   4.8684361760270357E-017
  -5.4909123232120752E-017
   6.9915685186111711E-017
  -5.4816511401451164E-017
   7.7975768237869624E-017
  -4.3283261828875866E-017
   6.2134241145078220E-017
  -2.9425166342213907E-017
   5.3136575088655417E-017
  -3.4398847191901887E-017
   3.7507031052066956E-017
  -4.2152322802910138E-017
   2.8651614900375822E-017
  -3.4019349685484222E-017
   1.0403615001688723E-017
  -7.3118477304641101E-018
   4.0369169166519913E-017
  -1.6761724457139317E-017
   1.2474299359620579E-017
   1.1688077955165431E-017
   1.8817177124051714E-017
  -1.6057048756883749E-017
   1.5929962134556482E-018
  -3.6212748739243819E-018
  -1.1388268826396556E-017
  -1.6993700865195175E-017
  -1.1343692192794116E-018
  -1.0820935493656416E-017
   1.0407035469258148E-017
  -5.7174987675883249E-018
   5.8507243904222201E-018
  -7.2170520075266207E-018
  -1.9500136682010100E-018
  -5.5172415904107696E-019
  -9.7565230995185430E-019
  -2.4606492807110565E-018
  -4.6188914893142948E-018
   1.0879117218011326E-018
   1.7383669343473513E-019
  -3.4825834580944444E-018
  -7.0317332371733954E-019
   9.4291963359366182E-019
   1.6688057946605295E-018
  -1.8005271222603063E-018
  -3.7034628329471895E-019
  -4.4246486353675612E-019
   8.7730552310111768E-019
  -4.9798719212720198E-019
   3.4789033176505403E-019
  -3.3609891615752919E-019
   3.8744042833032369E-019
  -8.6681586056936280E-020
   5.6273555414320970E-020
  -7.4232127526140014E-020
   2.4568767516378191E-019
  -2.7350719270153128E-020
   1.6588405109856399E-019
  -1.0251818098427015E-019
   2.5002128447312538E-020
  -3.3442679775617171E-020
   5.3950230273729202E-020
  -1.9681669023001440E-020
   4.7964626055476326E-020
  -1.4739994629275021E-020
   3.0341111539139743E-020
  -1.4333690954254826E-020
   1.1705785409956700E-020
  -7.3616236607595590E-021
   7.8624612839783286E-021
  -6.5455545257902888E-021
  -6.7052632495209239E-022
  -2.4421404124996500E-021
   1.9219070935252132E-021
  -2.7508030236801509E-021
   9.8022514200131914E-022
  -9.1157784016785009E-022
   4.3430180342618630E-022
  -5.2830572259174437E-022
   1.1237265610591238E-021
  -2.5198107427624309E-022
   2.4540552896028889E-022
   1.3661196046673021E-023
   1.2881899809839481E-022
  -9.5272267946985413E-024
   2.2735160066082368E-023
  -3.2860317752470739E-023
   4.5711267115775644E-023
  -4.9769814010842072E-023
   1.1329502023129436E-023
  -7.2339289544159617E-024
   1.0694073183470933E-023
  -6.9372146078120670E-024
   1.8636421390531016E-024
  -1.8560463601257213E-024
   2.6257081080525597E-024
   1.6884089920562910E-025
  -6.4096525794219813E-025
  -2.7704944190791197E-025
   9.7270033805354160E-025
  -6.7706007153641217E-025
  -6.9584816711451663E-026
  -4.3863949034571425E-025
   2.0599712988280757E-025
   1.1070496611307468E-025
   8.2186898990164748E-026
  -1.2937135516679139E-025
   2.7483217187407600E-026
  -7.0237392977479662E-027
   1.6971932037378059E-026
  -1.0349103801266535E-026
   1.2827835746104485E-027
  -3.9140486369814080E-027
   3.4690827617478497E-027
  -1.9863140092296688E-027
   2.1121722885071759E-027
  -2.3224443351676070E-027
   4.3778622029336405E-028
  -5.9394705167974979E-028
   5.7663486612176646E-028
   1.5436437710750284E-028
   2.0255986971116942E-028
   6.3808710172560995E-029
   3.9279103144292620E-029
  -2.1706768057604362E-029
   5.8981171318347091E-029
  -2.5461268379822828E-029
  -3.5160275754668227E-030
  -2.3517033862300874E-030
   1.6651033134644914E-030
  -2.4047728460571953E-030
   2.0843974051138392E-030
  -2.3255356236833012E-030
   6.9252744253257157E-031
  -8.9570403368297609E-031
   7.2655217340246429E-031
  -1.1041532488593398E-030
   1.8499603558958637E-031
  -3.3343780146240029E-031
   1.5460156043925396E-031
  -2.5434867515808915E-031
  -2.4260321771341778E-032
  -3.3231918010860205E-032
  -2.6066314861114976E-032
  -2.0243994424251420E-031
   2.1611885615214451E-031
  -1.3285802798084764E-031
   3.2088379015630551E-031
  -2.1111390854989730E-031
   2.8335232704290336E-031
  -1.2555600711455218E-031
  -3.8721093827668024E-032
   3.6623260610568307E-032
   1.8860218244687026E-031
   4.8987374066159155E-032
  -1.1554152000400124E-031
  -8.9332311372152803E-032
   1.6789886187246435E-031
  -2.8887123940556843E-031
   7.8449049509533376E-032
  -1.5369223306711011E-031
   1.5432912546678230E-031
  -1.1105875731825150E-031
   4.0989128620372222E-032
  -8.8778070780907578E-032
  -1.8144925793099987E-031
   9.7335561646403199E-032
  -2.5062648493355932E-031
   3.1693650112819817E-031
  -2.9022685165016117E-031
   7.2494897278351315E-032
  -3.9285921470870302E-031
   3.3743439164738323E-031
  -3.0230433012137949E-031
   4.4531519435678989E-032
  -3.4464253375474823E-031
  -1.1946826089495216E-031
  -1.1664394000245233E-031
   2.3184833147790252E-031
  -2.7856015009357961E-031
   1.0676660417622990E-031
   1.2664232309475429E-031
   2.6153905060496333E-031
  -6.7385004791731693E-032
   1.1288285306130636E-031
   1.6127852411011647E-032
  -1.1805509854680426E-031
   6.5873194742052340E-033
  -6.6336451093161609E-032
  -3.9618974573225895E-032
  -1.1631222745671548E-031
  -1.1509980578709599E-031
  -2.5322971311337359E-032
   7.4420602778531717E-032
   1.4634224441419641E-032
  -1.7132931419102235E-031
  -1.8799163030829231E-032
  -1.6215407168521652E-031
  -4.3049752982178917E-032
  -2.7779397736361647E-031
  -2.0864060519940478E-031
  -1.9122730828503183E-031
   9.3872919604692740E-032
  -7.7502651154368393E-032
   5.8706930268085409E-032
  -1.7070604431888926E-031
  -2.5389538067992708E-032
  -7.8400605496577864E-032
   7.0094360279342485E-032
  -6.5175829786476923E-032
   1.3465997897915323E-031
  -5.2312714082241178E-032
   3.3010063206844943E-031
  -2.4819004316526104E-032
  -1.0123432544694665E-031
  -5.0115142630212639E-032
  -6.2396322793850929E-032
   2.1909578289189647E-032
  -8.4594903947131064E-032
  -4.8073448860217165E-032
   2.2931643386197655E-032
  -3.8306937352928895E-032
   1.6358203163601682E-031
  -6.3839867812259619E-032
   8.9567308338829305E-032
  -2.8217937872962140E-032
   2.1869345493353487E-032
   1.1523914923096496E-031
   3.1392742986225929E-031
   2.3139041101951154E-031
   1.1370418645900486E-032
   1.3264796238569173E-032
  -1.8391935187937760E-031
   1.3226753205318120E-032
  -4.6463892885152135E-031
   9.2001984924289985E-033
  -2.0040615876536927E-031
   1.8750840416677485E-031
  -3.7857441732438117E-031
   7.2359443894346987E-032
   4.2001072301754878E-033
   1.7186311856406546E-031
  -1.7126521880308635E-032
   9.0445597912493937E-032
   6.1326756429470518E-032
   6.5544832741459149E-032
  -1.5919067598498381E-032
  -1.6466591260771244E-031
  -9.8885422136640761E-032
  -2.1282291703165664E-031
  -4.9529212144612033E-032
  -5.3586388228974320E-032
   4.8717191993888348E-032
  -6.2994758847730475E-032
   1.6469562837239915E-031
   5.7965689387121309E-032
   1.6244842689323056E-031
  -9.4253416668337171E-032
  -1.3682465160418423E-031
  -1.2846538876853445E-032
   1.8683240119579642E-031
   2.8332750926697097E-032
  -2.5712095741279169E-031
   2.2758816082588042E-031
  -1.5770694052814721E-032
   4.8501806892755869E-032
  -7.4836813143887586E-032
   2.4756443102482046E-031
   6.5905928518729212E-032
  -1.4599449846217464E-031
  -7.0419025982395849E-032
   2.3652058580981747E-032
   1.8149228391494960E-031
  -2.6347454908799097E-032
  -5.1407195547920006E-032
  -9.4908442937865080E-032
  -3.1964828724272874E-031
   3.6132522227974167E-033
   1.3510608054372444E-031
   1.0966173566700692E-031
   1.2453707176719418E-031
   8.4054527806428045E-032
   1.8940495024581288E-032
  -7.3968548400536427E-032
   9.6582168606669365E-032
  -1.8725781183403433E-031
  -3.4875107917071713E-031
  -5.4165964564869438E-032
  -1.4291680031500318E-031
   1.6972828538564612E-032
   1.6610420939266515E-031
   7.8334695526889165E-032
   2.0507475651211047E-031
  -1.8370005258215206E-033
   1.6879407005626548E-031
   8.6088204248986333E-032
   1.6895421241757387E-031
  -2.6816450979562500E-031
   1.4535019290396639E-031
  -1.5095365677018583E-031
  -7.4836746474965394E-032
  -2.2784604243908936E-031
  -1.7872197431554251E-032
  -5.2184502191162880E-032
   8.1849325453264096E-032
   9.7358926909319713E-032
   2.5332355233308516E-032
  -1.2587653794257880E-031
   1.2989782803388422E-031
  -1.6445203837672326E-032
   7.3697542840939159E-032
   1.1221199214470399E-031
   5.7176189240085456E-032
   8.3436404938007564E-032
  -4.8909601126535304E-032
  -1.1521198011405844E-031
   1.3457475198467189E-031
   4.9091324348488716E-032
   2.5477885387281666E-032
  -8.8126257529594069E-032
  -3.8475508903941618E-032
   7.0856956215346675E-032
  -1.7269162344902273E-031
  -5.1522013962379138E-032
  -9.8671595209129459E-033
  -7.8514013651327531E-034
   5.7959103041471199E-032
   8.3594628984164767E-032
   1.5941490702414659E-031
   1.4666336546344691E-031
   5.1037835241208658E-032
   6.0833777936322104E-032
   2.6722664776682588E-033
  -3.0120630297652440E-031
   5.3507132705361433E-033
  -2.4251917237812729E-031
   1.0868314993575999E-031
  -8.2864442391995735E-032
   4.8008100212091323E-032
  -7.3979047422228756E-032
  -1.4480338579117566E-031
  -2.2246239067048727E-031
  -2.5880767825015970E-031
  -1.0832904823453036E-031
  -1.3364277677581681E-031
  -1.6213853558902755E-032
   1.3281648063647566E-031
   1.9098387401004452E-031
   2.5139006364591416E-032
   2.8283149264522820E-032
   5.9159778189450707E-032
   3.8465318168816673E-032
   7.5249226410495051E-033
  -1.2905280243851810E-031
   4.7220972618042944E-032
  -5.3322254021358329E-032
   1.9326520485152402E-032
  -1.7900848298967025E-031
   1.7918796179435479E-031
   6.4109348096598363E-032
   3.4399778132507146E-032
   1.6829577670331794E-031
  -1.8875413276493152E-031
  -2.4903758457823339E-031
  -1.6182141974048609E-032
  -1.2811421234159680E-031
  -9.5372787870710488E-032
  -1.8727454902989499E-031
  -1.4296328906372329E-031
   9.7867512167905697E-032
   8.8775599671045946E-032
  -4.5472930711002743E-032
  -1.0553522675556452E-031
   2.7079427204855633E-032
  -6.3514137141816570E-032
   1.6231866156424606E-032
   4.5588927789820187E-032
   2.9581746898536983E-032
   3.3386524080720808E-032
   5.1235865079104526E-032
   7.8148332971495722E-032
   7.8281131362832635E-032
  -1.4868702021608079E-031
   1.8883589020602393E-031
  -5.3227737107409575E-032
   1.1872160800860236E-031
  -7.1562320785507496E-032
  -1.6120327379338089E-031
   8.1552689274489576E-032
   1.7206144783793819E-031
   8.7304552288165341E-032
  -7.1412971945709676E-032
   1.0813596996415567E-031
   3.9075340486431830E-032
   6.3177994182085598E-033
   8.3494155029272762E-032
   4.4793698581101286E-032
   5.2178445662273611E-032
  -5.0009841519356578E-032
  -6.1753041508239883E-033
  -6.3350778501013389E-032
   2.7562721152276462E-032
  -1.0337862455790476E-031
  -1.4799614531540365E-031
  -1.0505235497260989E-031
   1.9173146053995202E-031
   9.0361588815749884E-033
   1.6874943249915542E-031
   5.3845684748826956E-032
   2.1127226514412272E-031
   5.8327206964386696E-032
   1.4391825978267004E-031
  -4.0512661595181681E-032
   5.4143687759822397E-032
  -1.5341297889305369E-031
   1.2068071692509674E-031
  -4.4411134040928532E-032
   6.1702695805097473E-032
  -1.3639318307477239E-031
  -3.2889397586698850E-032
  -2.0113048534042857E-031
  -2.0977324515001716E-031
   8.3124945475498226E-032
  -4.2610871594748788E-032
   1.0829827924039543E-031
   1.3685609293744736E-031
   1.5661776040770836E-031
  -4.3987303492388757E-032
  -8.0601250629901108E-033
  -1.6064053528560027E-031
   2.0933034178609311E-032
  -1.2346265550287984E-031
  -1.9566600470357478E-031
   1.5133117983995346E-031
  -1.0017207242775437E-031
  -9.9248140605536127E-032
  -4.0119043723464376E-033
  -5.8930202432864652E-032
   9.9448434685285706E-032
  -5.3260985845307185E-032
  -8.6113693685101031E-032
  -8.4472672131140453E-032
  -9.8790380470976082E-033
  -6.6973795886503328E-032
  -1.2716084632291471E-031
   4.9128563952767376E-032
  -5.4673113393519640E-032
   1.2896045601642553E-032
   4.8712287078156326E-032
  -8.1876499015220617E-032
   1.0628144583413843E-031
   7.5106237735731203E-032
   3.0701920241610555E-032
   8.7182484647441044E-032
  -1.7683927326511641E-032
  -1.3385454535229768E-031
  -3.8495268491491149E-032
   1.3216971899054833E-031
   1.2587608308987541E-031
   6.0993203107455751E-032
   2.3886846810296927E-031
   8.2224986589916946E-032
   1.0982120250098407E-031
  -1.0772105935304499E-031
  -1.1497040218906125E-031
   1.2586465061947737E-031
   2.0555198629083594E-031
   1.1866137041898256E-031
   3.3795902154165687E-033
  -3.0237638837592794E-031
  -1.9856940548384981E-031
  -2.1333738154238652E-031
  -1.2902037908540666E-031
  -8.3965753763089156E-032
   2.7661704617536921E-032
   3.9972254348073410E-032
  -2.5397843578856644E-032
  -9.2100818171733008E-032
  -1.1821509516420920E-031
  -2.3043613697737978E-031
   3.7650873460813103E-033
   3.4575598231267044E-032
   7.4392743581724429E-032
  -1.5113227740516900E-031
  -9.1765908803238220E-032
  -1.4497795691268368E-031
   1.6249306197080709E-031
   2.4199883738030068E-031
   1.8201211521021804E-032
   1.4997958638735271E-031
   3.1461499456193813E-031
   2.7554205970267606E-031
  -3.2250428345729005E-032
  -9.1525594028613589E-032
  -1.5740200317347525E-031
  -2.0867464328663792E-031
   1.9060667218075938E-031
   1.0686463827414240E-031
  -4.7408128776130048E-032
   2.1844392170273845E-031
   3.1293804868569896E-031
   2.2048369472908976E-031
  -1.1394120379965512E-031
   8.9344062239146838E-032
   1.3463702050780147E-031
  -1.2377476068996381E-031
   1.3016862025824789E-031
   2.6957462115677913E-031
   7.2107599158364209E-032
   3.1929600611098401E-031
  -1.8351294424591470E-032
   2.9267492711104993E-031
   1.5908459576961546E-031
   1.2143738297623140E-031
   2.5301288931574625E-031
   1.2166340991440230E-031
   2.0729092869056216E-031
  -8.1117152185804678E-032
   1.5242271257337974E-031
   1.3102764293947365E-031
   2.5943705979746578E-032
   2.8784974128865114E-031
  -1.8210919205470948E-031
  -5.8563016875420900E-032
   1.6914745317332347E-032
  -3.7766079574590784E-033
   1.1511393749960308E-031
   2.1402248923683545E-032
  -1.1034612227375282E-031
  -4.8186567866838830E-032
  -1.7731323502842661E-031
  -3.9157499549498906E-032
  -9.9630832179852045E-032
   1.8332578754589158E-033
   1.5699170944900823E-031
   8.5185045213161589E-032
  -5.0503602238367312E-032
   5.1390316057443525E-032
  -1.6277946672054608E-031
   2.8260838248816707E-032
  -2.4140091585699032E-032
   4.2175376440043027E-032
   1.4171653336170562E-031
  -2.2644582218620398E-031
   2.3900776031810966E-032
   1.0296929508370289E-031
   2.0213050330522673E-031
   1.8141020940160941E-031
   1.9868596849662382E-031
   2.3139203719703563E-031
   2.9280199098928109E-031
   5.5005743776946307E-032
  -5.9333899778636523E-032
  -6.3169768051859376E-032
  -4.3243860028501133E-032
  -1.3425410876795717E-031
  -1.1024292836516027E-031
  -1.8271723202578503E-032
  -2.6214246225006490E-031
   7.6420907461797030E-032
   3.3876965870187042E-031
  -9.8874290636360948E-032
  -7.9090428640633129E-032
   7.0641605877645521E-032
  -2.1369568822455659E-032
  -2.8764513026008695E-031
  -9.7571799166030465E-032
   1.7687684255666216E-031
  -2.8192052493448439E-031
  -1.0623465833767944E-031
  -3.4153299014991057E-032
  -6.3957123489436202E-032
  -4.2076009114335374E-032
  -3.2121277689260504E-031
   1.2890022808570796E-031
   1.1003423687970167E-031
   2.8344928888515356E-031
   2.0846912693794776E-031
   5.2118697463425520E-031
   5.3076180414179544E-031
   1.6658953332613300E-031
  -7.2120946613860008E-032
  -4.7052101481723246E-032
  -4.4514263315872238E-032
  -9.3352508363461030E-032
  -2.8496002883720805E-032
  -2.2244874714757275E-031
   7.5670862894073698E-032
   2.3167436182296981E-031
   2.4693951459932133E-031
  -5.0437240960430761E-033
   4.9387298173950804E-031
   2.5881684371968479E-031
   8.0350856524388128E-032
   2.4751597746109450E-031
   2.7007435708759099E-031
   2.7430001335670995E-031
   2.0332897671402792E-031
   1.6319316619775055E-031
   1.5039263034687574E-031
  -5.7641370628256542E-032
  -1.9847683330493661E-031
   1.0478115886184828E-031
   2.2919678610784483E-031
  -9.1911041468398897E-032
   5.8968035296054665E-032
   2.7414942966762282E-031
  -4.6945669394546210E-031
  -1.7642034270177701E-031
   2.3945756560315027E-031
  -9.2313408765466966E-032
   1.3733477172638018E-031
  -4.6586181215830425E-033
  -2.2060858836184025E-031
   8.1355736317309404E-032
  -1.0985793896649056E-031
   9.3784958270495526E-032
   1.0587740821298806E-031
   2.3278201725362419E-031
  -2.4615604124912947E-032
   2.9823718178747969E-031
  -6.5794713106746245E-032
  -1.7982905997101979E-031
   2.3117172474748012E-031
  -6.8386436382952223E-032
  -1.5617861226795433E-031
   1.5190532370097154E-031
   1.3431267107406473E-031
   3.7068281513853323E-032
   2.3803170805703300E-032
   3.1155791284144172E-031
  -9.9348448548692030E-032
  -1.2360431442343610E-032
  -3.3152959214261985E-032
   4.8593870296349137E-032
   1.1602159356192210E-031
   1.8935686652493424E-031
   2.8826605970031158E-031
  -1.0116475083304417E-031
   2.9364336946119720E-032
  -1.6927609328076441E-031
  -7.4979495657769438E-032
   7.2739914224520827E-032
   2.0651632293871653E-031
   4.1457261506193835E-032
   5.1597424779302516E-031
  -2.0341158899168451E-031
   2.3360550871819632E-031
   6.6950298829253451E-032
   2.1431199195313277E-032
  -1.6240673624822085E-031
  -1.7493240774089746E-032
  -1.9226320758189818E-031
  -1.1318819928992401E-031
  -7.6113175368930623E-032
   1.8068456679171206E-031
   8.0765098638302671E-032
  -2.4140148297537937E-032
   3.2356184203138714E-031
   9.8306877771457412E-032
   1.1039215330372172E-031
   2.0305647811312074E-031
   1.2227587712045542E-032
   6.9226916752490247E-032
   3.7088375928718145E-032
  -6.4809845596131161E-033
   1.1818219615801152E-032
   3.5987158922422803E-031
   4.0201704590593268E-031
   1.3990394754830493E-031
   2.4784621797103899E-031
   3.6724508360442504E-032
   1.5157823017518399E-031
  -3.5485850973605060E-033
  -7.9601332047600512E-032
  -2.2769610684225497E-031
  -1.4854277383619635E-031
  -3.7348739511570113E-031
   2.2107510225953699E-031
   2.3479788634466525E-031
  -1.7693367603252105E-031
   3.2173284893219276E-032
   1.2145716940316238E-031
  -1.3227399635228224E-031
  -2.1033936989362902E-032
  -9.2583374398396957E-032
  -1.5688545870262468E-032
   1.6781303017458077E-031
  -2.4769666544731981E-031
   1.1121210001929272E-031
   6.2561203257047183E-034
  -4.5321533726020542E-032
  -1.7909543563332133E-031
   2.9800173056832660E-031
   1.9001134758991636E-031
   6.5779480374867884E-032
   4.2225426400412130E-031
   2.0148997514771557E-031
   1.3509032924391608E-031
  -1.0457369205900118E-031
  -3.9341456344339170E-032
  -1.2036886166033384E-031
  -1.0330868246482768E-031
  -1.2284673383999901E-031
  -1.3789078012657765E-032
  -1.1068189210647607E-031
  -6.2565876273002508E-032
  -1.1319570799732168E-031
  -6.8693984197027830E-032
   1.6518558559485859E-032
   7.4691091902752448E-032
   3.7076840279245649E-031
   1.7375310810710779E-031
   5.2331413050509839E-031
   3.1307471830346547E-031
   2.6119613218066160E-031
   2.9320876498154836E-031
   7.9696654792173439E-032
  -2.5511256364946719E-031
   1.2130040668016909E-031
   4.4348194510585083E-031
  -1.1270351638496048E-031
   6.6088067436122247E-032
  -1.0813493137860927E-031
  -1.1486663548268610E-031
   4.4800351265576010E-032
  -3.1995479693263305E-032
   1.9424680402929013E-031
  -7.9005568930435946E-032
  -7.1411990761554394E-033
  -2.8949715306070620E-032
   3.6541915179138269E-031
   3.0697612465688593E-031
  -3.0834803786163626E-031
  -7.3577962158786956E-032
  -3.8027158482483336E-031
  -3.6504273770922774E-031
  -2.9482014971514930E-031
  -3.9929213371724550E-031
  -7.4044846562894205E-032
  -3.1748541329287286E-031
   1.3314555758893665E-031
   1.6145628516278634E-032
   4.6428298893906406E-031
   3.0505676722753371E-031
   1.0336907566455692E-031
  -1.9796049799052836E-032
  -2.2950095077681396E-032
  -2.0455089039275822E-032
  -1.3806934304168953E-031
   5.4496958787067894E-032
  -3.0436498696132168E-031
   1.7448056392520994E-031
  -1.1570636258861803E-031
   9.1582173799768036E-032
  -8.3300018646058330E-032
   1.0067984866447460E-031
   1.7905827545953115E-031
  -3.3523390806379449E-031
  -1.1145827432304139E-031
  -2.3410127963772200E-031
  -6.8496348332245673E-032
  -2.3091366904335360E-031
   3.2227426573097016E-031
   3.4419745290373596E-031
   5.8219165225422444E-031
   1.0064971622291452E-030
   1.3696762024843767E-030
   1.9003303205907276E-030
   3.0054321164384959E-030
   4.4073221389152755E-030
   6.6527881370380611E-030
   9.8771071521739091E-030
   1.4180638654371674E-029
   2.0862704549057941E-029
   2.9700353244029941E-029
   4.3348054238674965E-029
   6.3412934745909646E-029
   9.2357187432634214E-029
   1.3399534942078192E-028
   1.9413592042952075E-028
   2.8120742438623574E-028
   4.0664705355615389E-028
   5.8841304574730339E-028
   8.5007476730785392E-028
   1.2260144121822507E-027
   1.7671559068658033E-027
   2.5443275986377840E-027
   3.6597965080846502E-027
   5.2590680123488207E-027
   7.5500557892665042E-027
   1.0827323291455298E-026
   1.5512081202762844E-026
   2.2200812309541127E-026
   3.1742463187041939E-026
   4.5339663747781208E-026
   6.4695956587525290E-026
   9.2222853899168331E-026
   1.3132917621858695E-025
   1.8683033381994007E-025
   2.6551901183879835E-025
   3.7696987749168364E-025
   5.3466127092848475E-025
   7.5755292753892328E-025
   1.0722809795444962E-024
   1.5162307614164115E-024
   2.1418225899550730E-024
   3.0224731679715974E-024
   4.2609080266608861E-024
   6.0007058023395921E-024
   8.4423400986660598E-024
   1.1865430759996222E-023
   1.6659580886843623E-023
   2.3367075246466940E-023
   3.2741921473296571E-023
   4.5831414063997033E-023
   6.4088697502346899E-023
   8.9527924020737058E-023
   1.2493791432189056E-022
   1.7417605184159726E-022
   2.4257211274009777E-022
   3.3748254923349838E-022
   4.6905046728850444E-022
   6.5124650666824705E-022
   9.0329290791878094E-022
   1.2516097288501599E-021
   1.7324717878252206E-021
   2.3956319448713525E-021
   3.3092568392519334E-021
   4.5666431812478726E-021
   6.2953470212739111E-021
   8.6695794086602889E-021
   1.1927018828234521E-020
   1.6391589337097816E-020
   2.2504287621389325E-020
   3.0864857595163962E-020
   4.2288068065021312E-020
   5.7879627324484451E-020
   7.9138474436161417E-020
   1.0809446071931072E-019
   1.4749346214659594E-019
   2.0104598900233020E-019
   2.7376070629295560E-019
   3.7239137275667489E-019
   5.0603510770539623E-019
   6.8693233926720713E-019
   9.3153524044659740E-019
   1.2619331867228242E-018
   1.7077524279367098E-018
   2.3086849251819969E-018
   3.1178509907301485E-018
   4.2062656778674331E-018
   5.6687646080456689E-018
   7.6318573542649259E-018
   1.0264123756479210E-017
   1.3789961185812375E-017
   1.8507742487377098E-017
   2.4813772839383336E-017
   3.3233861987155166E-017
   4.4464885844050268E-017
   5.9429436477357899E-017
   7.9347601202588028E-017
   1.0583113317963816E-016
   1.4100685886149969E-016
   1.8767821625730857E-016
   2.4953646600721835E-016
   3.3143653596520613E-016
   4.3975686826668646E-016
   5.8286831523626320E-016
   7.7174443338999473E-016
   1.0207549071074470E-015
   1.3486958725781706E-015
   1.7801263416154805E-015
   2.3470996740100031E-015
   3.0914042945867545E-015
   4.0674600877975201E-015
   5.3460580120751360E-015
   7.0191828349616749E-015
   9.2062254930562118E-015
   1.2061976196902669E-014
   1.5786896766381441E-014
   2.0640306741188437E-014
   2.6957290013553455E-014
   3.5170346400898479E-014
   4.5837087369194998E-014
   5.9675621580132466E-014
   7.7609712198605879E-014
   1.0082633653014496E-013
   1.3084896761296667E-013
   1.6963076168528275E-013
   2.1967291814256540E-013
   2.8417483310773123E-013
   3.6722436007919567E-013
   4.7403860277700533E-013
   6.1126829669060699E-013
   7.8738211051466135E-013
   1.0131512684868145E-012
   1.3022599459293975E-012
   1.6720731513181409E-012
   2.1446015582170665E-012
   2.7477123305618663E-012
   3.5166468111207823E-012
   4.4959205222349489E-012
   5.7416988763082873E-012
   7.3247640590834406E-012
   9.3342156383884074E-012
   1.1882080662401918E-011
   1.5109049671001084E-011
   1.9191604751782986E-011
   2.4350866456678239E-011
   3.0863560374140955E-011
   3.9075594209421528E-011
   4.9418845698279527E-011
   6.2431894560973153E-011
   7.8785592764356977E-011
   9.9314562290558435E-011
   1.2505594518605700E-010
   1.5729701493770795E-010
   1.9763360074702449E-010
   2.4804168836747829E-010
   3.1096505621117166E-010
   3.8942239921087055E-010
   4.8713810404093285E-010
   6.0870168962563921E-010
   7.5976194206110747E-010
   9.4726298320916789E-010
   1.1797309524314160E-009
   1.4676216922217480E-009
   1.8237418586076912E-009
   2.2637582816005476E-009
   2.8068132440099600E-009
   3.4762667030342646E-009
   4.3005904341372964E-009
   5.3144437298334513E-009
   6.5599657509373672E-009
   8.0883260351004339E-009
   9.9615821663791771E-009
   1.2254902370570391E-008
   1.5059221018123815E-008
   1.8484406909910485E-008
   2.2663038040492507E-008
   2.7754892560616368E-008
   3.3952284212821862E-008
   4.1486391947750797E-008
   5.0634758142977883E-008
   6.1730158286315931E-008
   7.5171077646948777E-008
   9.1434067889504200E-008
   1.1108829939486197E-007
   1.3481267390432878E-007
   1.6341591773211705E-007
   1.9786013899262020E-007
   2.3928840393034658E-007
   2.8905696845786438E-007
   3.4877289240738206E-007
   4.2033786686000595E-007
   5.0599920037528585E-007
   6.0840903920623287E-007
   7.3069304090974907E-007
   8.7652988145419089E-007
   1.0502431543207472E-006
   1.2569074175473992E-006
   1.5024703625232132E-006
   1.7938933179272435E-006
   2.1393125647829899E-006
   2.5482242253331712E-006
   3.0316958003608747E-006
   3.6026077675343422E-006
   4.2759290179357992E-006
   5.0690302994377051E-006
   6.0020402539257889E-006
   7.0982490799771752E-006
   8.3845653223748819E-006
   9.8920317830035627E-006
   1.1656407061686480E-005
   1.3718819766960433E-005
   1.6126502981198874E-005
   1.8933617116271953E-005
   2.2202169848188274E-005
   2.6003042363525111E-005
   3.0417131676991156E-005
   3.5536619276443493E-005
   4.1466376805509096E-005
   4.8325519888938027E-005
   5.6249121524097544E-005
   6.5390096683415352E-005
   7.5921269874485993E-005
   8.8037637361889257E-005
   1.0195883553988315E-004
   1.1793182652787337E-004
   1.3623381140821461E-004
   1.5717538060347445E-004
   1.8110390966042276E-004
   2.0840720713154401E-004
   2.3951741928082744E-004
   2.7491519394701706E-004
   3.1513410303152532E-004
   3.6076531969724565E-004
   4.1246254242646431E-004
   4.7094715355092462E-004
   5.3701359469707612E-004
   6.1153493575157589E-004
   6.9546860741750234E-004
   7.8986226017968379E-004
   8.9585970451462962E-004
   1.0147068784643238E-003
   1.1477577792530329E-003
   1.2964802854854708E-003
   1.4624617856632521E-003
   1.6474145173516835E-003
   1.8531805094001113E-003
   2.0817360072651414E-003
   2.3351952488343849E-003
   2.6158134453493666E-003
   2.9259888092589758E-003
   3.2682634583109426E-003
   3.6453230131443183E-003
   4.0599946943551488E-003
   4.5152437147703136E-003
   5.0141677538140458E-003
   5.5599892937508834E-003
   6.1560455926275605E-003
   6.8057760663285003E-003
   7.5127068527415840E-003
   8.2804323350537581E-003
   9.1125934091227101E-003
   1.0012852292161502E-002
   1.0984863687095758E-002
   1.2032242139339172E-002
   1.3158525450814735E-002
   1.4367134050198330E-002
   1.5661326258910712E-002
   1.7044149439603074E-002
   1.8518387067956811E-002
   2.0086501829639305E-002
   2.1750574912213241E-002
   2.3512241736542344E-002
   2.5372624453495276E-002
   2.7332261619060400E-002
   2.9391035553777780E-002
   3.1548097989830291E-002
   3.3801794710273711E-002
   3.6149589988512018E-002
   3.8587991740847434E-002
   4.1112478409183952E-002
   4.3717428692882650E-002
   4.6396055346415992E-002
   4.9140344350589414E-002
   5.1941000847397834E-002
   5.4787403299500236E-002
   5.7667567392263780E-002
   6.0568121236580487E-002
   6.3474293451538086E-002
   6.6369915704727542E-002
   6.9237441261868010E-002
   7.2057981043989777E-002
   7.4811358607266246E-002
   7.7476185345639687E-002
   8.0029957067903015E-002
   8.2449172917508945E-002
   8.4709477384206491E-002
   8.6785825901371239E-002
   8.8652674231853537E-002
   9.0284191519435397E-002
   9.1654496524192747E-002
   9.2737916170932938E-002
   9.3509265123769045E-002
   9.3944144661110618E-002
   9.4019258669193861E-002
   9.3712744104736012E-002
   9.3004512805459308E-002
   9.1876601058781288E-002
   9.0313522882597738E-002
   8.8302622536854475E-002
   8.5834421380491507E-002
   8.2902953825341019E-002
   7.9506086827324171E-002
   7.5645817106254148E-002
   7.1328540109085820E-002
   6.6565284637798414E-002
   6.1371907061447128E-002
   5.5769239131230108E-002
   4.9783183624946679E-002
   4.3444752369357437E-002
   3.6790041630170189E-002
   2.9860140422460987E-002
   2.2700967979889162E-002
   1.5363037427465445E-002
   7.9011436257872599E-003
   3.7397418774943070E-004
  -7.1563561975562092E-003
  -1.4624846777006614E-002
  -2.1964224429475886E-002
  -2.9105626042347583E-002
  -3.5979344178350775E-002
  -4.2515629242857893E-002
  -4.8645539973726747E-002
  -5.4301832725873793E-002
  -5.9419878738820681E-002
  -6.3938597386162879E-002
  -6.7801392340410660E-002
  -7.0957076673854938E-002
  -7.3360772184140444E-002
  -7.4974767708773801E-002
  -7.5769320900425402E-002
  -7.5723387896456121E-002
  -7.4825265549806744E-002
  -7.3073131408725164E-002
  -7.0475467449133952E-002
  -6.7051354680325734E-002
  -6.2830627160641583E-002
  -5.7853875667599454E-002
  -5.2172293252786682E-002
  -4.5847357155660087E-002
  -3.8950344025471234E-002
  -3.1561678073879891E-002
  -2.3770114613375668E-002
  -1.5671764383608379E-002
  -7.3689670793761625E-003
   1.0309744838144972E-003
   9.4171851556006537E-003
   1.7676715909027901E-002
   2.5696129992647108E-002
   3.3363154328206843E-002
   4.0568371526069118E-002
   4.7206926058654765E-002
   5.3180216701764538E-002
   5.8397546373009993E-002
   6.2777700007491596E-002
   6.6250421147117933E-002
   6.8757758506342859E-002
   7.0255254928268548E-002
   7.0712952864887241E-002
   7.0116192795858512E-002
   6.8466183822091617E-002
   6.5780329001536186E-002
   6.2092291791297584E-002
   5.7451794166922442E-002
   5.1924141540013617E-002
   4.5589474412727836E-002
   3.8541751706856898E-002
   3.0887475793295423E-002
   2.2744174326459612E-002
   1.4238658955323077E-002
   5.5050857343811174E-003
  -3.3171535095127920E-003
  -1.2085675585441054E-002
  -2.0657449355070443E-002
  -2.8891198496668404E-002
  -3.6649821743495153E-002
  -4.3802787261021950E-002
  -5.0228457167741526E-002
  -5.5816298386131828E-002
  -6.0468937055314587E-002
  -6.4104015649614265E-002
  -6.6655814713518113E-002
  -6.8076604711194880E-002
  -6.8337697846739445E-002
  -6.7430174771358251E-002
  -6.5365266770007008E-002
  -6.2174380211957245E-002
  -5.7908756642730076E-002
  -5.2638768762828220E-002
  -4.6452859546794061E-002
  -3.9456138762991956E-002
  -3.1768658015729367E-002
  -2.3523392002205323E-002
  -1.4863959815656753E-002
  -5.9421256975695502E-003
   3.0848764799445896E-003
   1.2057146649338659E-002
   2.0814998382302701E-002
   2.9201861426383806E-002
   3.7067152113914516E-002
   4.4269056768547491E-002
   5.0677174293628481E-002
   5.6174966283023611E-002
   6.0661966218623679E-002
   6.4055703556111218E-002
   6.6293303675523760E-002
   6.7332730688627912E-002
   6.7153646834633332E-002
   6.5757869526196291E-002
   6.3169414881598510E-002
   5.9434124638172756E-002
   5.4618881520726498E-002
   4.8810426267094878E-002
   4.2113797421213704E-002
   3.4650422525878091E-002
   2.6555896323735458E-002
   1.7977487857939338E-002
   9.0714238195021488E-003
   1.4179499892946706E-013
  -9.0714238192210091E-003
  -1.7977487857665460E-002
  -2.6555896323473740E-002
  -3.4650422525631976E-002
  -4.2113797420988849E-002
  -4.8810426266897210E-002
  -5.4618881520559395E-002
  -5.9434124638039161E-002
  -6.3169414881499866E-002
  -6.5757869526135868E-002
  -6.7153646834612751E-002
  -6.7332730688648451E-002
  -6.6293303675585891E-002
  -6.4055703556214025E-002
  -6.0661966218766974E-002
  -5.6174966283203856E-002
  -5.0677174293842546E-002
  -4.4269056768792087E-002
  -3.7067152114187221E-002
  -2.9201861426680163E-002
  -2.0814998382618969E-002
  -1.2057146649670563E-002
  -3.0848764802842254E-003
   5.9421256972297621E-003
   1.4863959815321400E-002
   2.3523392001879650E-002
   3.1768658015418907E-002
   3.9456138762704693E-002
   4.6452859546533033E-002
   5.2638768762597106E-002
   5.7908756642534108E-002
   6.2174380211798337E-002
   6.5365266769884758E-002
   6.7430174771275025E-002
   6.8337697846694689E-002
   6.8076604711190064E-002
   6.6655814713552822E-002
   6.4104015649686416E-002
   6.0468937055424998E-002
   5.5816298386277927E-002
   5.0228457167921167E-002
   4.3802787261232830E-002
   3.6649821743733844E-002
   2.8891198496930563E-002
   2.0657449355352187E-002
   1.2085675585736479E-002
   3.3171535098170794E-003
  -5.5050857340727625E-003
  -1.4238658955015757E-002
  -2.2744174326158995E-002
  -3.0887475793005451E-002
  -3.8541751706582042E-002
  -4.5589474412472249E-002
  -5.1924141539780526E-002
  -5.7451794166715676E-002
  -6.2092291791121128E-002
  -6.5780329001393106E-002
  -6.8466183821983440E-002
  -7.0116192795785820E-002
  -7.0712952864850395E-002
  -7.0255254928267563E-002
  -6.8757758506376401E-002
  -6.6250421147185920E-002
  -6.2777700007591780E-002
  -5.8397546373138910E-002
  -5.3180216701917450E-002
  -4.7206926058828536E-002
  -4.0568371526261408E-002
  -3.3363154328413934E-002
  -2.5696129992865236E-002
  -1.7676715909253255E-002
  -9.4171851558306364E-003
  -1.0309744840447026E-003
   7.3689670791497802E-003
   1.5671764383388711E-002
   2.3770114613165968E-002
   3.1561678073683840E-002
   3.8950344025293598E-002
   4.5847357155504760E-002
   5.2172293252655155E-002
   5.7853875667493587E-002
   6.2830627160561883E-002
   6.7051354680273761E-002
   7.0475467449112386E-002
   7.3073131408734227E-002
   7.4825265549846004E-002
   7.5723387896522193E-002
   7.5769320900515177E-002
   7.4974767708884754E-002
   7.3360772184271172E-002
   7.0957076674001890E-002
   6.7801392340572614E-002
   6.3938597386337781E-002
   5.9419878739005907E-002
   5.4301832726065362E-002
   4.8645539973922104E-002
   4.2515629243057011E-002
   3.5979344178549873E-002
   2.9105626042544901E-002
   2.1964224429668371E-002
   1.4624846777191608E-002
   7.1563561977317728E-003
  -3.7397418758667504E-004
  -7.9011436256394459E-003
  -1.5363037427334336E-002
  -2.2700967979776970E-002
  -2.9860140422369362E-002
  -3.6790041630098913E-002
  -4.3444752369308552E-002
  -4.9783183624920652E-002
  -5.5769239131224439E-002
  -6.1371907061461721E-002
  -6.6565284637833316E-002
  -7.1328540109141858E-002
  -7.5645817106330129E-002
  -7.9506086827418679E-002
  -8.2902953825451292E-002
  -8.5834421380617573E-002
  -8.8302622536996486E-002
  -9.0313522882756181E-002
  -9.1876601058957327E-002
  -9.3004512805650988E-002
  -9.3712744104941265E-002
  -9.4019258669411798E-002
  -9.3944144661339102E-002
  -9.3509265124007299E-002
  -9.2737916171177825E-002
  -9.1654496524442575E-002
  -9.0284191519688278E-002
  -8.8652674232108222E-002
  -8.6785825901627187E-002
  -8.4709477384463536E-002
  -8.2449172917765740E-002
  -8.0029957068159588E-002
  -7.7476185345894108E-002
  -7.4811358607517045E-002
  -7.2057981044236816E-002
  -6.9237441262109886E-002
  -6.6369915704964880E-002
  -6.3474293451770816E-002
  -6.0568121236806508E-002
  -5.7667567392485158E-002
  -5.4787403299715723E-002
  -5.1941000847609275E-002
  -4.9140344350798497E-002
  -4.6396055346620259E-002
  -4.3717428693082226E-002
  -4.1112478409379011E-002
  -3.8587991741038274E-002
  -3.6149589988696815E-002
  -3.3801794710455149E-002
  -3.1548097990006886E-002
  -2.9391035553949230E-002
  -2.7332261619226618E-002
  -2.5372624453655873E-002
  -2.3512241736695760E-002
  -2.1750574912358021E-002
  -2.0086501829775449E-002
  -1.8518387068085198E-002
  -1.7044149439724258E-002
  -1.5661326259024506E-002
  -1.4367134050304582E-002
  -1.3158525450915058E-002
  -1.2032242139432919E-002
  -1.0984863687183882E-002
  -1.0012852292244401E-002
  -9.1125934091997752E-003
  -8.2804323351241375E-003
  -7.5127068528053941E-003
  -6.8057760663860177E-003
  -6.1560455926798737E-003
  -5.5599892937992692E-003
  -5.0141677538592007E-003
  -4.5152437148118984E-003
  -4.0599946943925824E-003
  -3.6453230131790020E-003
  -3.2682634583432774E-003
  -2.9259888092888582E-003
  -2.6158134453770441E-003
  -2.3351952488609041E-003
  -2.0817360072892133E-003
  -1.8531805094225970E-003
  -1.6474145173738242E-003
  -1.4624617856852054E-003
  -1.2964802855078485E-003
  -1.1477577792743940E-003
  -1.0147068784853645E-003
  -8.9585970453477052E-004
  -7.8986226019948143E-004
  -6.9546860743633743E-004
  -6.1153493577072561E-004
  -5.3701359471598916E-004
  -4.7094715356944778E-004
  -4.1246254244559956E-004
  -3.6076531971588515E-004
  -3.1513410304989995E-004
  -2.7491519396399973E-004
  -2.3951741929783998E-004
  -2.0840720714801649E-004
  -1.8110390967650584E-004
  -1.5717538061864401E-004
  -1.3623381142265713E-004
  -1.1793182654151699E-004
  -1.0195883555262201E-004
  -8.8037637373050400E-005
  -7.5921269885382726E-005
  -6.5390096694860597E-005
  -5.6249121535940792E-005
  -4.8325519901868975E-005
  -4.1466376818423326E-005
  -3.5536619289175727E-005
  -3.0417131689214113E-005
  -2.6003042375015458E-005
  -2.2202169857543600E-005
  -1.8933617124407718E-005
  -1.6126502988962267E-005
  -1.3718819775093565E-005
  -1.1656407069921335E-005
  -9.8920317910246141E-006
  -8.3845653308071999E-006
  -7.0982490865941162E-006
  -6.0020402592755431E-006
  -5.0690303041655889E-006
  -4.2759290219739068E-006
  -3.6026077706623781E-006
  -3.0316958030090644E-006
  -2.5482242275540950E-006
  -2.1393125671442556E-006
  -1.7938933199231424E-006
  -1.5024703642494532E-006
  -1.2569074193935227E-006
  -1.0502431562744403E-006
  -8.7652988444985812E-007
  -7.3069304393718723E-007
  -6.0840904220184694E-007
  -5.0599920333247036E-007
  -4.2033786950540409E-007
  -3.4877289493170483E-007
  -2.8905697163050490E-007
  -2.3928840700601236E-007
  -1.9786014116493236E-007
  -1.6341592004381382E-007
  -1.3481267661517916E-007
  -1.1108830175559038E-007
  -9.1434070612660995E-008
  -7.5171080592025583E-008
  -6.1730161579094707E-008
  -5.0634760990825677E-008
  -4.1486394292743386E-008
  -3.3952286548350036E-008
  -2.7754894164949041E-008
  -2.2663040665463632E-008
  -1.8484410366091283E-008
  -1.5059224794911282E-008
  -1.2254905990566109E-008
  -9.9615856030196398E-009
  -8.0883293092844672E-009
  -6.5599683675776372E-009
  -5.3144462195792853E-009
  -4.3005925617055717E-009
  -3.4762684975341634E-009
  -2.8068153517532703E-009
  -2.2637601783788666E-009
  -1.8237433489814447E-009
  -1.4676230257345884E-009
  -1.1797318910401947E-009
  -9.4726354405922957E-010
  -7.5976239640895761E-010
  -6.0870193534547892E-010
  -4.8713722270593821E-010
  -3.8942093439295114E-010
  -3.1096344650313314E-010
  -2.4803969892513686E-010
  -1.9763087774236420E-010
  -1.5729464431197758E-010
  -1.2505421780284663E-010
  -9.9313041051455127E-011
  -7.8784124415892532E-011
  -6.2430215818585559E-011
  -4.9417349276432113E-011
  -3.9074809308181102E-011
  -3.0862917685558859E-011
  -2.4350809582733261E-011
  -1.9191702866683751E-011
  -1.5108984262531602E-011
  -1.1881648832411842E-011
  -9.3341977196672125E-012
  -7.3251754310510700E-012
  -5.7415285966743289E-012
  -4.4948411677615252E-012
  -3.5157487135008973E-012
  -2.7468004260192265E-012
  -2.1437723019356583E-012
  -1.6705990685423575E-012
  -1.3013071317381026E-012
  -1.0122107701185358E-012
  -7.8676954955222400E-013
  -6.1102945455180634E-013
  -4.7358182296569139E-013
  -3.6631273874700133E-013
  -2.8364004599068119E-013
  -2.1927576854843711E-013
  -1.6907443280611166E-013
  -1.3078389886505168E-013
  -1.0145787441604698E-013
  -7.8127834413813714E-014
  -5.9033927825754196E-014
  -4.4437899391050541E-014
  -3.3764998884659917E-014
  -2.5371604937511950E-014
  -1.9357128135410516E-014
  -1.5027830667817999E-014
  -1.1251469898688481E-014
  -8.5119826623512751E-015
  -5.4380448283336373E-015
  -3.7059682370349283E-015
  -2.3167381114111734E-015
  -1.6393091391556115E-015
  -1.1520362362413182E-015
  -1.4355451643749332E-015
  -1.6602275874682813E-015
  -1.1566623207898473E-015
  -6.7729411660161350E-016
  -2.4768750835449772E-016
   7.0524800545644706E-017
   1.2798957872167584E-016
   4.9054762481676594E-016
   3.7536571696284785E-016
   2.4868294897412144E-016
  -6.2019753931742513E-016
  -5.9906709248713715E-016
  -7.3890360752705298E-016
  -8.4757175154720755E-016
  -5.3771821302112725E-016
  -8.9928124453649281E-016
  -6.9938790493845750E-016
  -4.8334278992946950E-016
  -9.6295320190270432E-016
  -1.2498667873710344E-015
  -1.2907230037608571E-015
  -8.0455632606551262E-016
  -8.2398607397923896E-016
  -9.7922771095346091E-017
   1.0440551989121446E-016
  -2.1563327664795360E-016
  -1.0338454379638471E-015
  -6.9783891310756708E-016
  -3.9031197469107372E-017
  -2.2474189446451188E-016
   1.9658759171998910E-017
  -5.1787769775776383E-017
   3.5373078870323069E-016
   1.9735476740624674E-016
   4.1142645097045709E-016
  -7.5020494344794596E-017
  -4.7831329689252837E-016
  -2.0432655914869902E-016
   4.9910638390663474E-016
   5.2693044714237157E-016
   5.9277564064569935E-016
   1.9831775409721779E-016
   4.8234201407567116E-016
   1.3295606367054782E-016
  -3.3102157274055689E-016
  -3.7720696044045745E-016
  -4.9480102391947798E-016
  -3.4160397420893496E-016
  -6.6046440873566850E-017
  -6.2142847721993966E-018
   2.0325048393514498E-016
  -2.8612981048507654E-017
   6.5244839117801711E-016
   3.8850552612348401E-016
   3.9279889947513479E-016
   7.0421254984833616E-016
   1.5613610932872564E-016
  -4.6829397383789719E-016
  -5.7323044382290718E-016
  -8.2369808237006022E-016
  -1.5105857368635543E-015
  -9.4945102159433531E-016
  -6.4326568638132196E-016
  -8.2292864169617400E-016
  -6.0534113323751196E-016
  -2.1298118642726412E-016
  -4.7955547947878340E-016
  -7.7772916960677983E-016
  -4.0849750082401017E-016
  -1.8249220692502293E-016
  -3.7158987321795514E-016
  -1.8445872416422310E-016
  -4.5868101319305741E-017
  -1.6831072556533622E-016
  -5.4885529574727311E-016
  -6.3239132135126397E-016
  -9.1643465058626933E-016
  -1.9769729567389708E-016
   1.9968569354554602E-016
   4.5480642909915224E-016
   1.5251384440723563E-016
  -7.3629504383852329E-017
  -4.7459015846691505E-016
   5.3447581631685557E-017
   6.8157296001510997E-017
  -2.0304350424511664E-016
  -3.2785944360067318E-016
  -1.8928277855864432E-016
   2.5282603537591247E-016
   6.2882163134869373E-016
   4.8079464340621414E-016
  -3.0142981596359195E-016
   8.8558358437551156E-017
   1.2433229759793972E-016
  -2.0829856654611626E-016
   5.7748726813740153E-016
   7.1734747168734850E-016
   2.3052040352792868E-016
   2.4879443819658354E-016
   2.0049659309039055E-016
  -5.5542164055480990E-017
  -8.6590877358871362E-017
   3.4191261450078628E-016
   7.9708541638296994E-016
   9.1854553176458415E-016
   9.6877585768162230E-016
   1.2000072238831623E-015
   9.1487443632902553E-016
   1.7080662290785504E-016
   1.8065207690885311E-016
   4.8011427643721759E-017
  -1.4140205067731651E-016
   1.9296254394650229E-016
   5.6131440004312144E-016
   2.2055359961047130E-016
  -3.8147520455853260E-016
  -6.4651381511589267E-016
  -1.8870300536569197E-016
  -6.1952256016092939E-016
  -7.9123774511999257E-016
  -7.1124186802762435E-016
  -1.5488773465730633E-016
  -4.7966278531273570E-017
  -2.0676711609448863E-016
  -2.5767106652351894E-016
   1.0216214251231018E-016
  -2.9667972451907802E-016
  -3.2610420184501229E-016
  -4.8786444208032757E-016
  -2.8139519375812968E-016
  -4.3071758053241758E-016
  -4.8674179617179368E-016
  -7.3088590456257848E-016
  -6.0987659488572441E-016
  -3.5706545429467156E-016
  -2.0471254248098376E-016
  -6.5294984603827754E-017
  -4.9797469303182934E-016
  -7.8159325935327413E-016
  -8.8058324613598348E-016
  -5.0421435075479480E-016
   2.3813222239689384E-016
   2.6951095556700619E-016
  -6.9034529648289257E-017
  -1.8561831235164598E-016
  -2.1354347856588056E-016
  -5.7855376042710243E-017
   3.9123853673598283E-017
   8.7580010301159516E-017
   3.4122875376326776E-016
   1.8888303882224703E-016
   7.9101769499328246E-017
  -2.4048974562938295E-016
  -5.4060837611772925E-016
  -2.2227218099326715E-016
   3.8113852386206386E-018
  -3.6229513655509149E-016
   6.2419828661666110E-017
   4.2500183617539646E-016
   7.0564662827263360E-016
   4.1729966513141250E-016
  -1.0343706391789623E-020
  -3.6811955567315911E-016
  -4.5871369657805682E-016
   7.2920158822847021E-017
  -2.2093386844193783E-016
  -5.1157853472223497E-016
  -3.4503007310456998E-016
   1.2569355120226591E-016
  -1.1992012044302546E-016
   1.2139935609156244E-016
  -3.2800952744879234E-016
  -2.9025995887662654E-016
  -3.0681339097254661E-016
  -1.4530503291112371E-016
  -3.1587278207551512E-016
  -6.5699090965744522E-016
   1.5269082696090532E-016
  -6.5897724057203920E-017
  -1.9508675640681578E-017
  -4.2339485107206939E-016
  -3.1612040837288945E-016
  -4.2687923395173410E-016
  -4.2306655234015294E-016
   2.0153027508954061E-016
   3.0540749886431174E-016
  -9.7277073263306598E-018
  -6.5504785971383189E-016
  -5.7505112902197009E-016
  -3.4240674261752210E-016
  -3.4732196347966001E-016
   9.0144162112632736E-017
   3.5185195915111706E-016
   2.0283981465387980E-016
  -6.0109669954391294E-017
  -3.8283758079082821E-017
  -4.2035428369617117E-016
  -4.1651475118670340E-016
  -3.3845469272540354E-017
  -3.8241989394058176E-017
   3.8053297844182991E-017
  -6.2235795523666274E-018
  -2.6922146045597126E-016
   2.6614005620023226E-016
   4.1477371142128355E-016
   3.0538402091397095E-016
  -3.6263690966421897E-016
  -1.0134069731426963E-017
   2.0820446517817466E-016
   1.2063502654087839E-016
  -5.4281389978799277E-018
   3.8653976668446890E-016
   5.9351318390201534E-016
   2.5613468018819591E-016
   3.5773887745671819E-016
   1.9685948456484944E-016
   1.5707451122570810E-016
  -5.7939036618381377E-017
  -2.4280927480475745E-016
  -5.3058017460931268E-017
  -2.9220991495123178E-017
   6.2436790049589913E-017
   3.3366986488131305E-016
   1.5669259019602475E-016
   1.2115212705130400E-016
   2.3554947486435088E-016
   2.1734752254852969E-016
   1.5368181330250582E-016
   1.1320335274165939E-016
   6.6080218784365977E-017
   4.2379817509404387E-017
  -1.8215478877374007E-016
   6.4084336305370141E-017
   3.4848813664717767E-016
   3.0086372662548265E-016
   6.5487515075345810E-016
   2.2707387401369540E-016
  -2.6809519442834754E-016
  -5.1814223699108529E-016
  -1.5631608369518665E-016
   1.4119965138758350E-016
   4.4357288201749735E-017
  -7.1776365900055416E-017
  -1.6119787641827381E-017
   1.6748895973725353E-016
  -4.5710242758777027E-016
  -6.7805859439173852E-016
  -2.6996999959223423E-016
   6.0650949889894294E-017
   1.2414455430745346E-016
   2.7393433561817123E-016
   3.0143865962857916E-016
   1.5723701534493033E-016
  -3.5546520199152059E-016
  -1.4245623463659408E-016
  -8.8200426539859784E-017
  -3.4146618091321014E-016
  -3.7292621751057287E-016
  -5.5755632320682805E-016
  -2.0737998376766576E-016
  -2.4712317739376167E-016
  -2.1878190837512669E-016
   2.0613258671401408E-016
   1.7773355843384600E-016
  -1.1958044942418792E-016
  -1.3458597724971055E-016
   1.3009743043938917E-016
   2.6116147221670414E-016
  -2.8218749567402321E-017
  -3.7373909736396848E-016
  -8.1077435862643222E-017
   5.5291587477188421E-017
  -1.8840797285338581E-016
   2.0661170811764496E-016
  -9.8382970792843719E-017
   1.0221513324934442E-016
  -1.7191030421309449E-016
   4.0036235956620828E-016
   4.0336548626219960E-016
   2.1336192041214517E-016
  -2.1324168338701446E-016
  -4.1772801793128381E-016
   7.4667845177740670E-018
  -6.6530859456549138E-016
  -5.4427840924453724E-017
   3.3931777811575792E-016
   2.2673538883101232E-016
  -2.3859550035077257E-017
  -1.4619372117007679E-016
   9.3866061503692913E-017
  -4.4951685560029657E-018
  -3.0125642617029072E-017
   1.5099919289089420E-016
   1.0195889812215265E-016
  -4.6093283169694488E-016
  -3.1128672850443408E-016
  -3.2335869107930040E-017
  -4.0886375370536346E-016
   8.5054264820906590E-017
   1.9580548956551592E-016
  -5.4277942474773207E-017
   5.2319515191057187E-017
   7.8428259674342951E-017
   4.9986782076495899E-016
   1.4635407789482055E-016
   1.7700923305195548E-016
  -2.1854607134349255E-016
  -1.2569171950262181E-016
  -9.9542023063341206E-017
  -5.9134480341848158E-017
   4.6964090583329814E-016
   1.7709430206747762E-016
   2.1361774473872372E-016
  -1.0216366220372035E-016
  -6.0117730391900248E-017
  -5.0593824465909811E-016
  -4.4306735130332779E-016
  -1.6506465884317351E-016
  -6.6912232395061449E-017
   1.7735575623447984E-016
   6.1822858991604543E-016
   7.7063226143860525E-016
   4.1725824420066063E-016
  -3.4949630707394661E-016
  -4.9933616419445473E-016
  -2.0384903809900057E-016
   2.1956284766163710E-016
   2.8115292096850131E-016
   2.8661877837029727E-016
   6.1830207635470995E-017
  -5.4665990055856767E-017
  -4.6275886004475029E-017
  -1.2137365079223166E-016
  -2.2821100028027575E-016
  -7.1017476336491219E-017
   3.0201360883747249E-016
   6.4506546680519045E-017
   6.1400205982402576E-017
   1.8430057577738577E-016
   1.2320971146403092E-016
  -1.0035306016307920E-016
  -1.5617801295186980E-016
  -1.2675196721521900E-016
  -6.0507017880221382E-017
   1.9321309986723838E-016
   2.6984131567928386E-016
  -1.0501679931635403E-016
  -2.4767859580172700E-016
   3.5295392815435899E-017
   5.0958422108820524E-017
   8.3823476010475737E-017
   6.8978527965584971E-018
  -1.7908091354370760E-016
   6.6634477009701727E-017
  -6.2860861665192266E-017
  -1.7670290379969458E-017
   5.7250496059170054E-018
  -1.9313708560587814E-016
  -7.2962721721801040E-017
   8.1363121000007351E-017
  -1.0462069213067206E-016
   1.1458670012590287E-016
   1.6447321383801945E-016
   1.5952684824524163E-016
   1.0967630252885508E-016
   3.2639880818377907E-017
   4.5872581234197610E-017
   2.3007615702864110E-016
  -9.2784206419606113E-017
  -2.6533315409890688E-017
  -4.2855183079753249E-017
  -3.7592760929950250E-017
   1.3694892745017284E-016
  -6.6015251192513465E-017
  -1.7759881409945407E-016
  -1.1645645562969744E-016
  -8.2013536294173183E-017
  -2.6003589808362234E-017
   6.8466885536714706E-017
   1.9429545376503611E-017
   8.4484594520179932E-017
   5.2126069820260441E-017
   7.0347072243947814E-017
  -2.8377321725838742E-016
   1.3721391385775663E-016
   1.1988891707313648E-016
   2.1719699296370715E-017
  -4.0644873064224766E-017
   4.0366008709897351E-016
   1.1911558713053826E-016
   1.4651110961365555E-016
  -2.1589211844054178E-016
   7.6904689711931881E-017
  -2.4496409724109584E-016
  -1.5820734649558667E-016
  -4.9788537640204880E-017
  -8.0302170627885157E-017
   3.0873658733679760E-017
  -1.2055133309246103E-016
  -1.9830134558778580E-016
  -1.3629371399052636E-017
   3.8187175902385177E-017
   8.9563111326590298E-017
   2.6133724767656508E-017
  -7.1637791686153979E-017
  -3.4539928077035923E-017
   1.7962002085025479E-016
   3.4936892752972843E-018
  -2.2219464114618287E-016
  -1.1666214908286002E-016
   1.0302974138355499E-016
  -2.3262239854840096E-016
   7.0887395286669198E-017
   5.7407210495660315E-017
  -2.3528129395710938E-016
   7.7876939641605839E-017
   7.5117454254439377E-017
  -1.6301217894888380E-016
  -3.4451623485353990E-016
  -1.8002678308195265E-016
  -9.0058666601725082E-017
  -1.1422588246546393E-018
   4.2833205337806971E-016
   3.1026357203829123E-016
  -7.9115432852410964E-017
  -1.6948328974286501E-016
  -1.2928264780577695E-016
  -5.1479132805653781E-017
  -6.8759890909833294E-017
   9.8375126920853721E-017
   7.6054898811325742E-017
  -4.2707819307205016E-017
   1.0042355047413207E-016
   1.2824568128748655E-016
   2.2605587517350834E-017
  -8.2677652797411875E-017
   7.2138823498407435E-017
  -6.2807184237519977E-017
   1.0553058778142856E-016
   2.1373164154149253E-016
  -1.2073897664134017E-016
  -1.0887519447438339E-016
   4.8565432347675319E-017
   7.1485245807554823E-017
   4.0027011666073217E-017
   3.2424256859592070E-018
  -1.8028469376967561E-016
   1.1763380387548996E-017
  -3.9972245738945487E-017
   8.4253648796336331E-017
  -1.1054588390065549E-016
   2.4108541018042341E-016
   2.8718878684728106E-016
  -2.1026287298986639E-017
  -1.2325459563638074E-016
  -9.1273018323259408E-017
  -4.0423757247782082E-017
  -3.0881723486118946E-017
  -2.0530391886016096E-016
   6.2433161304308607E-017
  -2.3363322662028315E-016
  -1.7517157545259165E-017
  -2.6934456854181065E-016
  -1.5547300636549401E-016
  -1.0968636061542968E-016
   1.9050717587820636E-016
   3.0674691587868707E-017
   1.3147489548392436E-016
   6.1531736596432883E-017
   2.9388870132098963E-017
  -1.0536083713593020E-016
   1.6564757604462283E-016
   5.8934635013734026E-018
   1.4127228952774138E-016
   1.0483414369907305E-016
  -6.6026810599606622E-017
   2.1924456280473599E-016
   1.3875919231725634E-016
  -2.8538911645470876E-017
  -9.6706022234518241E-017
  -1.9797790404087850E-016
  -1.1028313260957082E-016
  -1.3137118944659456E-016
   2.4385857378419109E-017
  -4.2192250350065479E-017
  -9.9869737185121801E-017
  -2.4036071491544234E-016
  -7.8705595766005934E-017
  -3.8407524198910099E-018
  -1.4218881485305993E-016
   7.5072056484216641E-017
   9.9852831220815416E-018
  -1.2939971090603376E-016
   5.2716195137204554E-018
   4.8043033528349042E-016
   1.9672967076254318E-016
  -4.3103380760636462E-017
  -1.8223285516633456E-016
   1.0651611959276527E-016
  -3.3960190338156762E-017
   6.6022587571772095E-017
   1.4313788224241234E-016
   2.5308530537687765E-016
   1.2028621655328800E-017
   6.0453364543831961E-017
  -1.6327480873838036E-016
  -8.7816422725559103E-017
   1.4346987653460515E-016
  -1.2286213830811084E-016
   8.6411816962066838E-017
  -1.9336758724479059E-016
  -8.7657648518511351E-017
  -1.0441347480452053E-016
   1.4729441111932324E-016
  -2.1166246644257580E-017
  -6.5357723008343157E-018
  -2.9504879738202960E-016
   2.1858739959601683E-016
   4.1473977777739976E-017
  -9.3838104159938973E-017
  -7.5310961501245770E-018
   4.3409034800836356E-017
   4.0060196471741004E-017
  -9.0033290263137810E-017
   1.0912942922817266E-017
  -1.4410958063865076E-016
   1.6460476938700095E-016
   1.7588833296496804E-016
   1.4215919789113604E-016
   2.6010245174571475E-016
  -2.8027379617062591E-017
  -1.3662668700617415E-016
  -9.7255789228630528E-017
  -2.0231705199101059E-016
   1.2562396935645460E-016
  -4.9440120486401526E-017
   8.6968390762215543E-017
  -1.1783783498562994E-016
   3.8377104744257919E-016
   7.7202906556897371E-017
   4.8281718922341466E-017
  -3.7855733291250490E-016
   6.9865389622643178E-017
  -4.9024039545036811E-017
   2.6952842672410255E-016
  -1.3074072595401539E-016
   2.8822787762319398E-016
   9.1721921111850193E-017
   3.0369283351813637E-016
   2.6762999131313577E-016
   1.6552614903308195E-016
  -5.7049302714438944E-017
  -1.1951707598141638E-016
  -3.5964036796121546E-016
  -1.2539473493719271E-016
   4.4018711745648779E-017
   4.8719273194313443E-017
  -9.8298617132046337E-017
  -1.0322579032605508E-016
   1.1838097637308482E-016
  -1.7423844858782763E-016
  -3.9761431898055685E-017
   2.3345841225126189E-016
   1.6943147068218468E-016
  -1.4229858812682335E-016
  -2.2635725120394782E-016
  -3.5615027145736794E-016
   1.6454565966869136E-016
  -1.2303817212659797E-016
   8.6238376942351286E-017
  -2.0066093251087065E-017
   1.6218268018877815E-016
  -7.7181636980149210E-017
  -9.1999997377571663E-017
  -6.3034261603710594E-017
  -1.8520789957276081E-016
   1.2651318080833308E-016
   1.3788504022780695E-016
   3.1747313320568493E-016
   2.9137779875814807E-017
   2.4287000001378021E-016
  -2.3668333345759502E-016
  -1.4354919950446263E-016
  -2.6476748893810824E-016
   1.8503130326015224E-016
  -3.1270672585806965E-016
   1.3354572358894616E-016
  -1.1882844164928701E-016
   1.9237291048171251E-016
  -2.4391811818335818E-016
   3.1873449545106011E-017
  -1.3100515366631049E-017
   3.1568428376900524E-016
   2.2800814673178883E-016
   1.0251071393252297E-016
  -1.8695956451186615E-016
  -1.6079725709771532E-016
   2.1850437562145868E-016
   2.0624587465108818E-016
   4.9141453791306112E-017
  -1.4754547367586357E-017
   1.5544960624835341E-016
   1.2750174210876084E-016
   2.6204014098817641E-016
   2.0839985097052403E-016
  -2.2075638276348087E-016
  -1.8931502944273485E-016
  -1.0339595736927871E-018
  -1.2395504790924696E-016
   1.2069252696534995E-016
  -1.3591078486281029E-016
   5.9358094010652761E-017
  -1.4545537322973533E-017
   1.8532837511843299E-016
  -5.6325072666954209E-017
   1.3865787770534107E-016
  -2.3209807558211660E-016
  -1.5075488409709462E-016
  -6.4538635276177820E-017
  -6.6668999082046052E-017
  -1.9136331997241325E-016
   2.6091688310444956E-017
  -1.2082827882596496E-016
   2.4030652228916321E-016
   2.9225810091208254E-016
   1.5479017463467067E-016
   2.8809882606563325E-016
  -1.2242526527079795E-017
  -2.4360965832278576E-016
  -1.1148216253108188E-016
  -4.2153180705056950E-017
  -7.3742380607106324E-017
   5.2489512944768473E-017
   8.8273854712122887E-017
   8.4851751804185047E-017
  -1.1974069419285026E-016
   3.6238509365640937E-017
  -1.0535260679954836E-016
  -7.9055188261721971E-017
   1.1692364083616310E-016
  -1.3714762135256706E-017
   7.7136889790517346E-017
  -5.0515945482203686E-017
   3.2298439964269260E-017
  -6.3437603038201710E-017
  -1.9562852326459723E-016
  -1.2767426500251130E-016
   1.6443040803413162E-016
  -1.0741134589396422E-016
  -1.5450957956843177E-016
   4.1106709011871171E-017
  -7.8370712018453973E-017
   1.2430191085632436E-016
  -2.2575836858815275E-016
   8.1889164174574184E-017
   1.0198467457831732E-016
   7.8576336765199208E-017
  -4.5562089198468201E-018
  -9.5748752616852739E-017
   1.0517613981709218E-016
   3.3159072925267568E-017
   9.0492285432128118E-017
  -8.8690811808479212E-017
   1.0427269116620973E-016
   1.0123009135741850E-017
   2.2374018472261351E-016
   6.3581984928116778E-017
   1.7699831982317890E-016
   3.5714265633473760E-016
   1.5549831574909615E-016
  -1.3517703622365917E-016
   1.6050447863714544E-017
  -1.8368405510097133E-016
   5.4259914293502111E-017
  -1.7026088361567268E-016
  -5.6826179959294999E-018
  -9.4096172701508480E-017
   2.3377199490510051E-016
  -1.1727891156390930E-016
  -5.2875156952865285E-017
   1.4063319123014508E-016
   2.2381168810735469E-018
   6.3481903282668483E-017
  -2.7268892980602835E-017
  -1.5575010553043591E-016
   6.5429597339623021E-017
   2.6143865575010108E-017
  -9.0992334419770074E-017
  -5.7836973456959219E-018
  -3.9609377166491673E-016
  -2.0273972589238504E-017
   1.6733686975444995E-018
   3.4622999383185404E-017
  -1.0249529814436391E-016
  -1.7662090129014642E-016
   1.6216089859595371E-017
  -7.8096579036169143E-017
   3.4431934246474426E-017
  -3.3180518973037518E-017
  -1.1136232985319392E-016
   1.0472012437838947E-016
  -2.4664536900390674E-016
  -6.8398478526798083E-017
   7.0520213627549000E-017
  -6.0566463957762123E-017
   6.2630527559559452E-017
   9.8739460267248746E-017
   9.5463634048498879E-017
   5.5560543111141450E-017
   4.3012493350364793E-017
   8.1785481466377256E-017
  -7.7902319044030321E-017
  -4.5665097848327325E-017
   2.2767660239799356E-017
   1.5485455853682699E-016
   2.1622678536406917E-016
   1.7285436854689232E-016
   7.7807926058373229E-017
  -2.1144708538428412E-016
  -2.9824593235968364E-016
   2.4051278872241980E-017
   1.1153865376359166E-016
  -2.1980768515934377E-017
  -8.2130643858614028E-019
   1.5582329368914356E-016
   2.0995695990796800E-016
   1.0383417930148363E-016
   7.9744081198690066E-017
   1.5794336732914379E-016
   9.2403450174049774E-017
  -4.1502874894194693E-017
   2.7584506403664660E-016
  -1.5020076805588187E-016
   3.0429345773606951E-017
  -3.0435356949440268E-016
   1.3651162191171070E-016
  -1.8336399832168847E-016
   2.0001698816077492E-017
   6.4279038732845943E-017
   1.4505415116169772E-016
  -1.0982122356820467E-016
   5.0081897784021975E-017
  -2.3653326237775262E-016
   6.8620241139927563E-017
  -5.1792100037925635E-019
  -8.7281898336621381E-017
  -6.2945807954209797E-017
  -9.7773210832442387E-017
   7.7487896630788286E-017
   2.9379647266328499E-016
  -4.4022115610725130E-017
   8.7317579598012678E-017
  -8.1929790799383578E-017
   2.5526185366167272E-016
  -9.6970010006280885E-017
   1.7655015525373751E-016
  -1.4127794647974319E-016
  -3.2792554215158589E-017
  -1.5897922682636363E-017
   4.0217587078769021E-017
   1.3369995699593909E-017
  -5.9615736332905669E-017
   6.3401516062553463E-017
   1.1319237322682928E-016
   5.3647300413552607E-017
   6.5247343877435534E-017
  -8.4184363612815964E-017
  -2.0203821560352085E-017
  -1.2829352357551111E-016
   2.2590740722577877E-016
  -1.3060529627362577E-016
   2.6648027991337128E-016
  -2.4221774868726809E-016
   2.3544954928010609E-016
   9.1101631314305839E-017
   1.5519625182393437E-016
   7.0979929772403371E-017
   6.4863549536198892E-017
  -1.3692671812804543E-016
   4.8024901186261143E-017
  -2.4517717329552836E-017
  -1.0058621434087070E-016
  -2.0404785149190639E-016
   4.3225343054770021E-017
  -2.9763856521399203E-016
   8.1869516492280558E-017
  -1.0354249449598160E-016
  -5.7015766533017628E-017
  -6.8341715872078832E-017
  -8.7540429311379081E-017
   1.7573271236374082E-016
  -3.2164672977725926E-016
  -3.2710480901363982E-017
   4.2862917447215074E-017
   1.3167732125902626E-016
   5.5939038519216367E-017
  -5.5398098382309641E-017
  -4.3543043659706797E-017
   1.7994322048266830E-016
   7.8183966461902716E-017
  -2.0463735657420619E-016
   6.3630734127208585E-017
  -2.0848070544152713E-016
   1.1890534200405774E-018
  -2.0609795554465857E-016
  -1.2478604685947527E-016
   1.8313169126563524E-016
  -1.1977973212402571E-016
   6.9809910035872077E-018
  -3.2868900502874777E-016
   6.7850836450201502E-017
  -2.3480399058471515E-016
  -1.7061522488137363E-016
  -1.1565369606682358E-017
  -2.3348164691403959E-016
   1.1990023188540018E-017
  -2.2464099226255701E-017
  -1.4804902550825264E-017
   2.2032029867688398E-016
   1.2147414927260008E-016
  -4.3712849449496644E-017
  -3.2779267391667792E-017
  -1.7841921118413994E-018
   1.9844354682985483E-018
  -9.7153355983728948E-017
   1.7273692147708977E-016
  -1.6415751175442598E-016
   3.6090913657962207E-016
  -1.0976257971191882E-016
   1.6221827484616999E-017
   6.9121725600813339E-017
   1.1641392853372544E-016
   4.9939938330076555E-017
   1.7228520355165553E-016
  -9.8039043473829176E-017
   1.6977785148313826E-016
   1.6728813336560961E-017
   3.0868350955519454E-017
  -2.5233413858471564E-016
   1.2960193134830242E-017
  -2.2063723400333450E-017
   2.2408909119008180E-016
   2.3629233348195247E-016
  -2.2844036707800059E-016
   2.0282454577970980E-016
  -2.7820868180917185E-016
   3.5357082670996594E-017
  -5.0835627649466618E-017
  -1.8596347958810250E-016
   2.2315616335898128E-016
  -3.2922587321930687E-016
   1.8057468480500496E-016
   1.5960525325059515E-017
   2.1349574839415966E-016
   1.3764403382557326E-016
   1.4113555183104277E-017
   1.0578654717668785E-016
  -8.8177745517408219E-017
   2.1826348309495195E-016
  -1.1276713072955284E-016
   2.0172851206338617E-016
   8.9418327393998985E-017
  -7.0481521190474650E-017
   2.7357937524101748E-016
  -9.7349072034069908E-017
   9.6717458174953087E-017
   2.7981871851593187E-016
   7.7539343198874044E-017
  -8.5376159844989579E-017
  -1.4833357147175490E-016
   1.3125151890466654E-016
  -2.2766781067181853E-017
   1.2333765378945052E-016
   2.6984082155630006E-016
   2.1017063988762751E-016
   9.7277592012410783E-017
  -3.9306612126158587E-017
   1.2882353836211169E-016
   1.0583822556960429E-016
   5.0009944916487328E-017
   1.2247079261918461E-016
  -1.2472625676116036E-016
   1.7344828507810041E-016
  -8.3016105248054516E-017
   1.0988101442100853E-016
  -2.2390628554305436E-016
  -1.6529298199159367E-016
   7.9588772374730985E-017
  -1.9758439175877968E-016
   8.0024355514601859E-017
  -1.8138274899789853E-016
  -2.0517033999885413E-017
  -2.0900672062994275E-016
  -7.2325390409827724E-017
  -3.1953090502927598E-016
  -6.9023056523517775E-017
  -1.6318403940692524E-017
  -2.0947867230309388E-016
   3.7312674048067237E-017
   1.4629359286652153E-017
   2.1560929324128145E-016
  -9.8560894677570440E-017
  -2.9028951936738810E-017
   6.8772835488815282E-017
   1.1289722996447700E-016
  -5.6644925176479273E-017
   1.8671544646411624E-016
  -1.0743093920904534E-016
   1.7360966815373141E-016
   2.7875920754804674E-017
  -1.5835284818179562E-016
  -1.9842938530978335E-016
   2.3997649857523570E-017
  -1.4497983770876089E-016
  -4.6979750052664160E-017
   6.9205178888916273E-017
  -1.7594548302001741E-016
   5.5027130848032804E-017
  -3.4947459626438387E-018
  -1.6568389055563157E-016
   3.4019917437559990E-018
  -1.0780589878447098E-017
   3.2314204172994868E-016
  -1.8452485179461584E-017
   1.6317422505374127E-016
   1.8999671027580932E-016
   1.3690960301340182E-017
  -2.3510696952510302E-016
   9.7696796270925115E-017
  -7.5601736349977402E-017
   1.6689546646155991E-016
