  -9.3823587701620401E-005
  -1.8764650463366734E-004
  -2.8146807695819231E-004
  -3.7528762777743358E-004
  -4.6910447714244467E-004
  -5.6291794206178895E-004
  -6.5672733651029214E-004
  -7.5053197143787852E-004
  -8.4433115477846460E-004
  -9.3812419145890952E-004
  -1.0319103834080517E-003
  -1.1256890295657902E-003
  -1.2194594258922577E-003
  -1.3132208653770078E-003
  -1.4069726380483893E-003
  -1.5007140309828116E-003
  -1.5944443283142490E-003
  -1.6881628112436816E-003
  -1.7818687580486959E-003
  -1.8755614440930718E-003
  -1.9692401418365526E-003
  -2.0629041208445366E-003
  -2.1565526477979264E-003
  -2.2501849865030213E-003
  -2.3438003979015429E-003
  -2.4373981400805703E-003
  -2.5309774682827310E-003
  -2.6245376349163406E-003
  -2.7180778895656613E-003
  -2.8115974790011385E-003
  -2.9050956471898485E-003
  -2.9985716353059292E-003
  -3.0920246817410331E-003
  -3.1854540221150107E-003
  -3.2788588892864192E-003
  -3.3722385133633198E-003
  -3.4655921217140962E-003
  -3.5589189389782158E-003
  -3.6522181870772465E-003
  -3.7454890852257521E-003
  -3.8387308499423871E-003
  -3.9319426950611266E-003
  -4.0251238317422144E-003
  -4.1182734684836238E-003
  -4.2113908111323659E-003
  -4.3044750628958390E-003
  -4.3975254243532897E-003
  -4.4905410934674124E-003
  -4.5835212655958449E-003
  -4.6764651335028879E-003
  -4.7693718873713757E-003
  -4.8622407148142255E-003
  -4.9550708008866250E-003
  -5.0478613280977415E-003
  -5.1406114764228437E-003
  -5.2333204233153173E-003
  -5.3259873437188320E-003
  -5.4186114100795617E-003
  -5.5111917923585949E-003
  -5.6037276580441541E-003
  -5.6962181721640047E-003
  -5.7886624972982113E-003
  -5.8810597935912510E-003
  -5.9734092187650936E-003
  -6.0657099281315211E-003
  -6.1579610746052048E-003
  -6.2501618087162621E-003
  -6.3423112786235476E-003
  -6.4344086301271752E-003
  -6.5264530066819959E-003
  -6.6184435494103730E-003
  -6.7103793971153656E-003
  -6.8022596862942694E-003
  -6.8940835511516127E-003
  -6.9858501236128093E-003
  -7.0775585333373737E-003
  -7.1692079077325154E-003
  -7.2607973719668551E-003
  -7.3523260489838623E-003
  -7.4437930595156899E-003
  -7.5351975220970899E-003
  -7.6265385530789346E-003
  -7.7178152666425312E-003
  -7.8090267748133083E-003
  -7.9001721874752510E-003
  -7.9912506123844540E-003
  -8.0822611551838539E-003
  -8.1732029194172620E-003
  -8.2640750065437509E-003
  -8.3548765159519121E-003
  -8.4456065449745599E-003
  -8.5362641889028933E-003
  -8.6268485410014098E-003
  -8.7173586925225147E-003
  -8.8077937327212877E-003
  -8.8981527488701372E-003
  -8.9884348262738549E-003
  -9.0786390482841262E-003
  -9.1687644963150128E-003
  -9.2588102498577761E-003
  -9.3487753864961061E-003
  -9.4386589819212482E-003
  -9.5284601099472604E-003
  -9.6181778425263771E-003
  -9.7078112497645617E-003
  -9.7973593999365321E-003
  -9.8868213595017136E-003
  -9.9761961931196970E-003
  -1.0065482963665759E-002
  -1.0154680732246750E-002
  -1.0243788558216508E-002
  -1.0332805499192112E-002
  -1.0421730611069966E-002
  -1.0510562948041305E-002
  -1.0599301562608545E-002
  -1.0687945505601038E-002
  -1.0776493826191638E-002
  -1.0864945571912721E-002
  -1.0953299788672549E-002
  -1.1041555520771506E-002
  -1.1129711810918749E-002
  -1.1217767700248510E-002
  -1.1305722228336571E-002
  -1.1393574433217190E-002
  -1.1481323351399366E-002
  -1.1568968017884183E-002
  -1.1656507466181000E-002
  -1.1743940728324723E-002
  -1.1831266834892650E-002
  -1.1918484815020993E-002
  -1.2005593696422831E-002
  -1.2092592505404350E-002
  -1.2179480266882706E-002
  -1.2266256004402593E-002
  -1.2352918740154059E-002
  -1.2439467494989450E-002
  -1.2525901288441171E-002
  -1.2612219138739070E-002
  -1.2698420062828144E-002
  -1.2784503076385612E-002
  -1.2870467193838825E-002
  -1.2956311428383594E-002
  -1.3042034792000943E-002
  -1.3127636295475833E-002
  -1.3213114948414399E-002
  -1.3298469759262488E-002
  -1.3383699735322982E-002
  -1.3468803882774444E-002
  -1.3553781206689068E-002
  -1.3638630711050792E-002
  -1.3723351398773551E-002
  -1.3807942271719578E-002
  -1.3892402330718394E-002
  -1.3976730575584070E-002
  -1.4060926005134552E-002
  -1.4144987617209819E-002
  -1.4228914408690821E-002
  -1.4312705375517282E-002
  -1.4396359512707646E-002
  -1.4479875814377069E-002
  -1.4563253273756380E-002
  -1.4646490883210642E-002
  -1.4729587634259076E-002
  -1.4812542517592436E-002
  -1.4895354523093231E-002
  -1.4978022639854918E-002
  -1.5060545856200093E-002
  -1.5142923159700514E-002
  -1.5225153537195982E-002
  -1.5307235974813959E-002
  -1.5389169457988261E-002
  -1.5470952971479187E-002
  -1.5552585499392485E-002
  -1.5634066025199445E-002
  -1.5715393531755963E-002
  -1.5796567001321950E-002
  -1.5877585415581420E-002
  -1.5958447755662148E-002
  -1.6039153002155637E-002
  -1.6119700135136021E-002
  -1.6200088134181549E-002
  -1.6280315978392655E-002
  -1.6360382646413135E-002
  -1.6440287116449768E-002
  -1.6520028366292863E-002
  -1.6599605373335644E-002
  -1.6679017114594696E-002
  -1.6758262566730412E-002
  -1.6837340706066933E-002
  -1.6916250508612691E-002
  -1.6994990950080426E-002
  -1.7073561005907942E-002
  -1.7151959651278186E-002
  -1.7230185861139953E-002
  -1.7308238610228652E-002
  -1.7386116873086766E-002
  -1.7463819624084286E-002
  -1.7541345837439232E-002
  -1.7618694487239087E-002
  -1.7695864547460489E-002
  -1.7772854991991417E-002
  -1.7849664794650472E-002
  -1.7926292929208755E-002
  -1.8002738369411138E-002
  -1.8079000088996142E-002
  -1.8155077061717911E-002
  -1.8230968261365964E-002
  -1.8306672661788238E-002
  -1.8382189236910419E-002
  -1.8457516960758685E-002
  -1.8532654807479905E-002
  -1.8607601751362925E-002
  -1.8682356766860097E-002
  -1.8756918828608912E-002
  -1.8831286911452444E-002
  -1.8905459990462191E-002
  -1.8979437040958246E-002
  -1.9053217038531176E-002
  -1.9126798959064040E-002
  -1.9200181778753416E-002
  -1.9273364474131822E-002
  -1.9346346022087627E-002
  -1.9419125399888756E-002
  -1.9491701585202355E-002
  -1.9564073556119249E-002
  -1.9636240291172960E-002
  -1.9708200769363013E-002
  -1.9779953970176206E-002
  -1.9851498873609107E-002
  -1.9922834460190050E-002
  -1.9993959710999709E-002
  -2.0064873607694947E-002
  -2.0135575132528803E-002
  -2.0206063268374552E-002
  -2.0276336998746435E-002
  -2.0346395307822306E-002
  -2.0416237180466191E-002
  -2.0485861602249470E-002
  -2.0555267559473678E-002
  -2.0624454039192830E-002
  -2.0693420029235091E-002
  -2.0762164518225240E-002
  -2.0830686495607931E-002
  -2.0898984951669190E-002
  -2.0967058877558266E-002
  -2.1034907265310713E-002
  -2.1102529107870929E-002
  -2.1169923399114523E-002
  -2.1237089133870495E-002
  -2.1304025307943595E-002
  -2.1370730918137914E-002
  -2.1437204962277939E-002
  -2.1503446439231695E-002
  -2.1569454348934539E-002
  -2.1635227692409314E-002
  -2.1700765471791696E-002
  -2.1766066690350323E-002
  -2.1831130352511861E-002
  -2.1895955463881615E-002
  -2.1960541031267471E-002
  -2.2024886062701896E-002
  -2.2088989567465342E-002
  -2.2152850556108942E-002
  -2.2216468040476889E-002
  -2.2279841033729805E-002
  -2.2342968550367374E-002
  -2.2405849606250677E-002
  -2.2468483218625501E-002
  -2.2530868406144901E-002
  -2.2593004188893106E-002
  -2.2654889588407320E-002
  -2.2716523627701005E-002
  -2.2777905331286881E-002
  -2.2839033725200211E-002
  -2.2899907837020186E-002
  -2.2960526695895555E-002
  -2.3020889332565384E-002
  -2.3080994779383367E-002
  -2.3140842070339500E-002
  -2.3200430241084206E-002
  -2.3259758328951104E-002
  -2.3318825372980440E-002
  -2.3377630413941180E-002
  -2.3436172494355666E-002
  -2.3494450658520964E-002
  -2.3552463952532694E-002
  -2.3610211424307678E-002
  -2.3667692123607885E-002
  -2.3724905102062897E-002
  -2.3781849413192800E-002
  -2.3838524112432681E-002
  -2.3894928257154259E-002
  -2.3951060906689050E-002
  -2.4006921122352868E-002
  -2.4062507967467096E-002
  -2.4117820507383408E-002
  -2.4172857809505531E-002
  -2.4227618943313912E-002
  -2.4282102980387892E-002
  -2.4336308994428974E-002
  -2.4390236061283044E-002
  -2.4443883258965175E-002
  -2.4497249667681503E-002
  -2.4550334369853120E-002
  -2.4603136450140024E-002
  -2.4655654995461997E-002
  -2.4707889095023750E-002
  -2.4759837840336796E-002
  -2.4811500325243166E-002
  -2.4862875645937518E-002
  -2.4913962900992036E-002
  -2.4964761191378835E-002
  -2.5015269620492511E-002
  -2.5065487294172746E-002
  -2.5115413320728731E-002
  -2.5165046810961492E-002
  -2.5214386878188260E-002
  -2.5263432638264426E-002
  -2.5312183209605169E-002
  -2.5360637713211152E-002
  -2.5408795272689383E-002
  -2.5456655014277831E-002
  -2.5504216066867747E-002
  -2.5551477562026841E-002
  -2.5598438634022586E-002
  -2.5645098419844362E-002
  -2.5691456059227003E-002
  -2.5737510694672096E-002
  -2.5783261471473837E-002
  -2.5828707537740057E-002
  -2.5873848044416031E-002
  -2.5918682145306380E-002
  -2.5963208997099137E-002
  -2.6007427759386751E-002
  -2.6051337594690731E-002
  -2.6094937668484416E-002
  -2.6138227149213666E-002
  -2.6181205208322209E-002
  -2.6223871020273348E-002
  -2.6266223762571862E-002
  -2.6308262615787972E-002
  -2.6349986763579632E-002
  -2.6391395392714560E-002
  -2.6432487693094021E-002
  -2.6473262857774627E-002
  -2.6513720082991032E-002
  -2.6553858568179219E-002
  -2.6593677515997591E-002
  -2.6633176132350594E-002
  -2.6672353626410798E-002
  -2.6711209210642461E-002
  -2.6749742100822049E-002
  -2.6787951516062957E-002
  -2.6825836678835716E-002
  -2.6863396814990892E-002
  -2.6900631153781725E-002
  -2.6937538927887479E-002
  -2.6974119373434167E-002
  -2.7010371730016591E-002
  -2.7046295240721482E-002
  -2.7081889152149114E-002
  -2.7117152714435898E-002
  -2.7152085181277128E-002
  -2.7186685809946938E-002
  -2.7220953861321798E-002
  -2.7254888599902372E-002
  -2.7288489293836270E-002
  -2.7321755214938428E-002
  -2.7354685638713468E-002
  -2.7387279844378293E-002
  -2.7419537114882295E-002
  -2.7451456736931494E-002
  -2.7483038001007966E-002
  -2.7514280201392790E-002
  -2.7545182636187916E-002
  -2.7575744607336129E-002
  -2.7605965420644946E-002
  -2.7635844385805346E-002
  -2.7665380816416296E-002
  -2.7694574030003725E-002
  -2.7723423348043220E-002
  -2.7751928095981423E-002
  -2.7780087603256058E-002
  -2.7807901203318979E-002
  -2.7835368233656448E-002
  -2.7862488035809738E-002
  -2.7889259955396699E-002
  -2.7915683342133166E-002
  -2.7941757549854066E-002
  -2.7967481936533603E-002
  -2.7992855864306793E-002
  -2.8017878699490857E-002
  -2.8042549812604213E-002
  -2.8066868578388329E-002
  -2.8090834375828478E-002
  -2.8114446588174507E-002
  -2.8137704602961326E-002
  -2.8160607812030808E-002
  -2.8183155611548792E-002
  -2.8205347402029214E-002
  -2.8227182588351482E-002
  -2.8248660579782828E-002
  -2.8269780789998134E-002
  -2.8290542637099386E-002
  -2.8310945543637531E-002
  -2.8330988936629900E-002
  -2.8350672247583024E-002
  -2.8369994912510188E-002
  -2.8388956371953822E-002
  -2.8407556071004182E-002
  -2.8425793459317925E-002
  -2.8443667991139326E-002
  -2.8461179125319175E-002
  -2.8478326325335611E-002
  -2.8495109059311602E-002
  -2.8511526800036158E-002
  -2.8527579024983162E-002
  -2.8543265216330400E-002
  -2.8558584860980053E-002
  -2.8573537450576222E-002
  -2.8588122481525560E-002
  -2.8602339455014433E-002
  -2.8616187877030238E-002
  -2.8629667258378223E-002
  -2.8642777114701694E-002
  -2.8655516966501739E-002
  -2.8667886339153070E-002
  -2.8679884762925718E-002
  -2.8691511773001669E-002
  -2.8702766909493072E-002
  -2.8713649717462500E-002
  -2.8724159746939603E-002
  -2.8734296552940460E-002
  -2.8744059695485345E-002
  -2.8753448739617406E-002
  -2.8762463255419448E-002
  -2.8771102818033092E-002
  -2.8779367007676481E-002
  -2.8787255409661660E-002
  -2.8794767614412502E-002
  -2.8801903217483164E-002
  -2.8808661819574418E-002
  -2.8815043026552353E-002
  -2.8821046449464482E-002
  -2.8826671704558035E-002
  -2.8831918413296888E-002
  -2.8836786202379325E-002
  -2.8841274703754308E-002
  -2.8845383554640062E-002
  -2.8849112397537655E-002
  -2.8852460880252669E-002
  -2.8855428655907869E-002
  -2.8858015382961757E-002
  -2.8860220725224154E-002
  -2.8862044351873027E-002
  -2.8863485937473187E-002
  -2.8864545161989753E-002
  -2.8865221710804270E-002
  -2.8865515274733848E-002
  -2.8865425550043722E-002
  -2.8864952238465167E-002
  -2.8864095047210696E-002
  -2.8862853688991420E-002
  -2.8861227882030487E-002
  -2.8859217350080592E-002
  -2.8856821822437904E-002
  -2.8854041033958392E-002
  -2.8850874725073479E-002
  -2.8847322641803674E-002
  -2.8843384535776208E-002
  -2.8839060164238799E-002
  -2.8834349290073918E-002
  -2.8829251681815264E-002
  -2.8823767113660692E-002
  -2.8817895365487969E-002
  -2.8811636222869526E-002
  -2.8804989477085541E-002
  -2.8797954925140624E-002
  -2.8790532369775888E-002
  -2.8782721619484780E-002
  -2.8774522488525869E-002
  -2.8765934796937447E-002
  -2.8756958370552272E-002
  -2.8747593041009455E-002
  -2.8737838645769807E-002
  -2.8727695028128136E-002
  -2.8717162037227819E-002
  -2.8706239528073413E-002
  -2.8694927361543505E-002
  -2.8683225404405630E-002
  -2.8671133529327115E-002
  -2.8658651614890344E-002
  -2.8645779545603215E-002
  -2.8632517211911554E-002
  -2.8618864510216554E-002
  -2.8604821342882128E-002
  -2.8590387618249506E-002
  -2.8575563250648233E-002
  -2.8560348160410497E-002
  -2.8544742273880763E-002
  -2.8528745523430252E-002
  -2.8512357847466974E-002
  -2.8495579190447838E-002
  -2.8478409502891690E-002
  -2.8460848741387063E-002
  -2.8442896868608101E-002
  -2.8424553853323486E-002
  -2.8405819670409005E-002
  -2.8386694300855921E-002
  -2.8367177731784057E-002
  -2.8347269956452911E-002
  -2.8326970974271531E-002
  -2.8306280790810136E-002
  -2.8285199417808514E-002
  -2.8263726873188531E-002
  -2.8241863181063018E-002
  -2.8219608371746644E-002
  -2.8196962481765508E-002
  -2.8173925553868186E-002
  -2.8150497637034491E-002
  -2.8126678786485677E-002
  -2.8102469063691859E-002
  -2.8077868536384856E-002
  -2.8052877278564706E-002
  -2.8027495370511489E-002
  -2.8001722898792453E-002
  -2.7975559956271771E-002
  -2.7949006642118683E-002
  -2.7922063061816483E-002
  -2.7894729327171238E-002
  -2.7867005556321475E-002
  -2.7838891873743717E-002
  -2.7810388410263162E-002
  -2.7781495303060299E-002
  -2.7752212695679322E-002
  -2.7722540738037336E-002
  -2.7692479586430192E-002
  -2.7662029403540286E-002
  -2.7631190358444611E-002
  -2.7599962626622704E-002
  -2.7568346389962153E-002
  -2.7536341836767862E-002
  -2.7503949161766187E-002
  -2.7471168566114798E-002
  -2.7438000257407582E-002
  -2.7404444449681094E-002
  -2.7370501363422315E-002
  -2.7336171225574152E-002
  -2.7301454269541756E-002
  -2.7266350735197269E-002
  -2.7230860868887607E-002
  -2.7194984923439754E-002
  -2.7158723158165286E-002
  -2.7122075838868050E-002
  -2.7085043237847838E-002
  -2.7047625633906704E-002
  -2.7009823312352011E-002
  -2.6971636565003961E-002
  -2.6933065690199983E-002
  -2.6894110992798179E-002
  -2.6854772784183436E-002
  -2.6815051382270746E-002
  -2.6774947111509913E-002
  -2.6734460302889129E-002
  -2.6693591293939761E-002
  -2.6652340428741646E-002
  -2.6610708057923899E-002
  -2.6568694538670622E-002
  -2.6526300234723212E-002
  -2.6483525516385258E-002
  -2.6440370760524412E-002
  -2.6396836350576415E-002
  -2.6352922676546941E-002
  -2.6308630135016324E-002
  -2.6263959129139484E-002
  -2.6218910068650240E-002
  -2.6173483369865014E-002
  -2.6127679455682461E-002
  -2.6081498755586678E-002
  -2.6034941705649291E-002
  -2.5988008748531567E-002
  -2.5940700333485507E-002
  -2.5893016916355087E-002
  -2.5844958959579167E-002
  -2.5796526932192039E-002
  -2.5747721309824684E-002
  -2.5698542574704265E-002
  -2.5648991215658334E-002
  -2.5599067728111283E-002
  -2.5548772614089103E-002
  -2.5498106382216730E-002
  -2.5447069547719341E-002
  -2.5395662632423453E-002
  -2.5343886164755341E-002
  -2.5291740679742956E-002
  -2.5239226719013141E-002
  -2.5186344830793680E-002
  -2.5133095569909305E-002
  -2.5079479497784822E-002
  -2.5025497182442121E-002
  -2.4971149198501193E-002
  -2.4916436127175975E-002
  -2.4861358556274766E-002
  -2.4805917080198518E-002
  -2.4750112299940469E-002
  -2.4693944823081734E-002
  -2.4637415263791863E-002
  -2.4580524242825801E-002
  -2.4523272387522388E-002
  -2.4465660331800893E-002
  -2.4407688716159118E-002
  -2.4349358187671713E-002
  -2.4290669399986090E-002
  -2.4231623013319794E-002
  -2.4172219694458319E-002
  -2.4112460116751135E-002
  -2.4052344960108912E-002
  -2.3991874910998551E-002
  -2.3931050662441170E-002
  -2.3869872914009421E-002
  -2.3808342371821077E-002
  -2.3746459748535086E-002
  -2.3684225763348329E-002
  -2.3621641141991064E-002
  -2.3558706616723549E-002
  -2.3495422926329373E-002
  -2.3431790816111610E-002
  -2.3367811037887563E-002
  -2.3303484349984926E-002
  -2.3238811517234743E-002
  -2.3173793310967077E-002
  -2.3108430509003693E-002
  -2.3042723895656519E-002
  -2.2976674261717078E-002
  -2.2910282404453079E-002
  -2.2843549127600574E-002
  -2.2776475241359995E-002
  -2.2709061562388430E-002
  -2.2641308913793498E-002
  -2.2573218125124642E-002
  -2.2504790032368705E-002
  -2.2436025477942430E-002
  -2.2366925310683409E-002
  -2.2297490385845335E-002
  -2.2227721565088301E-002
  -2.2157619716472513E-002
  -2.2087185714450640E-002
  -2.2016420439858499E-002
  -2.1945324779908532E-002
  -2.1873899628179597E-002
  -2.1802145884611372E-002
  -2.1730064455493012E-002
  -2.1657656253457030E-002
  -2.1584922197468534E-002
  -2.1511863212817332E-002
  -2.1438480231107129E-002
  -2.1364774190247678E-002
  -2.1290746034445848E-002
  -2.1216396714193595E-002
  -2.1141727186261516E-002
  -2.1066738413687541E-002
  -2.0991431365765364E-002
  -2.0915807018035817E-002
  -2.0839866352276425E-002
  -2.0763610356490728E-002
  -2.0687040024899385E-002
  -2.0610156357926141E-002
  -2.0532960362187023E-002
  -2.0455453050483404E-002
  -2.0377635441786349E-002
  -2.0299508561227527E-002
  -2.0221073440087139E-002
  -2.0142331115782543E-002
  -2.0063282631854674E-002
  -1.9983929037959310E-002
  -1.9904271389850698E-002
  -1.9824310749373349E-002
  -1.9744048184448401E-002
  -1.9663484769060189E-002
  -1.9582621583242862E-002
  -1.9501459713070195E-002
  -1.9420000250639689E-002
  -1.9338244294060645E-002
  -1.9256192947441499E-002
  -1.9173847320876420E-002
  -1.9091208530429046E-002
  -1.9008277698123060E-002
  -1.8925055951924181E-002
  -1.8841544425728055E-002
  -1.8757744259346513E-002
  -1.8673656598491972E-002
  -1.8589282594763910E-002
  -1.8504623405634517E-002
  -1.8419680194432655E-002
  -1.8334454130329293E-002
  -1.8248946388322824E-002
  -1.8163158149222737E-002
  -1.8077090599638072E-002
  -1.7990744931956206E-002
  -1.7904122344330441E-002
  -1.7817224040664666E-002
  -1.7730051230596105E-002
  -1.7642605129480078E-002
  -1.7554886958372318E-002
  -1.7466897944013959E-002
  -1.7378639318815562E-002
  -1.7290112320839171E-002
  -1.7201318193781821E-002
  -1.7112258186957805E-002
  -1.7022933555284000E-002
  -1.6933345559259232E-002
  -1.6843495464949863E-002
  -1.6753384543970056E-002
  -1.6663014073466764E-002
  -1.6572385336098019E-002
  -1.6481499620019623E-002
  -1.6390358218862346E-002
  -1.6298962431718030E-002
  -1.6207313563117613E-002
  -1.6115412923015486E-002
  -1.6023261826767870E-002
  -1.5930861595116901E-002
  -1.5838213554170186E-002
  -1.5745319035381840E-002
  -1.5652179375533606E-002
  -1.5558795916715168E-002
  -1.5465170006304192E-002
  -1.5371302996947795E-002
  -1.5277196246541842E-002
  -1.5182851118211561E-002
  -1.5088268980291730E-002
  -1.4993451206305094E-002
  -1.4898399174944484E-002
  -1.4803114270049761E-002
  -1.4707597880589006E-002
  -1.4611851400636330E-002
  -1.4515876229352740E-002
  -1.4419673770963780E-002
  -1.4323245434738814E-002
  -1.4226592634969025E-002
  -1.4129716790947442E-002
  -1.4032619326946993E-002
  -1.3935301672198565E-002
  -1.3837765260868927E-002
  -1.3740011532038627E-002
  -1.3642041929679534E-002
  -1.3543857902634323E-002
  -1.3445460904592341E-002
  -1.3346852394069344E-002
  -1.3248033834382845E-002
  -1.3149006693629780E-002
  -1.3049772444663404E-002
  -1.2950332565071292E-002
  -1.2850688537152249E-002
  -1.2750841847892762E-002
  -1.2650793988941858E-002
  -1.2550546456590286E-002
  -1.2450100751744962E-002
  -1.2349458379906465E-002
  -1.2248620851143841E-002
  -1.2147589680072363E-002
  -1.2046366385827916E-002
  -1.1944952492042729E-002
  -1.1843349526821492E-002
  -1.1741559022717230E-002
  -1.1639582516706291E-002
  -1.1537421550162444E-002
  -1.1435077668834143E-002
  -1.1332552422817666E-002
  -1.1229847366532814E-002
  -1.1126964058697387E-002
  -1.1023904062302772E-002
  -1.0920668944587184E-002
  -1.0817260277009001E-002
  -1.0713679635223843E-002
  -1.0609928599056689E-002
  -1.0506008752477952E-002
  -1.0401921683573897E-002
  -1.0297668984523908E-002
  -1.0193252251571494E-002
  -1.0088673085000662E-002
  -9.9839330891060892E-003
  -9.8790338721692246E-003
  -9.7739770464293982E-003
  -9.6687642280587158E-003
  -9.5633970371325205E-003
  -9.4578770976049276E-003
  -9.3522060372809648E-003
  -9.2463854877882674E-003
  -9.1404170845498234E-003
  -9.0343024667564314E-003
  -8.9280432773390147E-003
  -8.8216411629409575E-003
  -8.7150977738906545E-003
  -8.6084147641728153E-003
  -8.5015937913994859E-003
  -8.3946365167836372E-003
  -8.2875446051100757E-003
  -8.1803197247055717E-003
  -8.0729635474124650E-003
  -7.9654777485587015E-003
  -7.8578640069286460E-003
  -7.7501240047359431E-003
  -7.6422594275921763E-003
  -7.5342719644798687E-003
  -7.4261633077220010E-003
  -7.3179351529524452E-003
  -7.2095891990884590E-003
  -7.1011271482992206E-003
  -6.9925507059766237E-003
  -6.8838615807056960E-003
  -6.7750614842351899E-003
  -6.6661521314471412E-003
  -6.5571352403273131E-003
  -6.4480125319338263E-003
  -6.3387857303686202E-003
  -6.2294565627462987E-003
  -6.1200267591633786E-003
  -6.0104980526688254E-003
  -5.9008721792321809E-003
  -5.7911508777145539E-003
  -5.6813358898353409E-003
  -5.5714289601436718E-003
  -5.4614318359868380E-003
  -5.3513462674781957E-003
  -5.2411740074676406E-003
  -5.1309168115079963E-003
  -5.0205764378258430E-003
  -4.9101546472899039E-003
  -4.7996532033783151E-003
  -4.6890738721478845E-003
  -4.5784184222026425E-003
  -4.4676886246613930E-003
  -4.3568862531262282E-003
  -4.2460130836498491E-003
  -4.1350708947049284E-003
  -4.0240614671502245E-003
  -3.9129865841996889E-003
  -3.8018480313900017E-003
  -3.6906475965486243E-003
  -3.5793870697600635E-003
  -3.4680682433337953E-003
  -3.3566929117724116E-003
  -3.2452628717377788E-003
  -3.1337799220196947E-003
  -3.0222458635024824E-003
  -2.9106624991303192E-003
  -2.7990316338771556E-003
  -2.6873550747122991E-003
  -2.5756346305668737E-003
  -2.4638721123006811E-003
  -2.3520693326695668E-003
  -2.2402281062919365E-003
  -2.1283502496148845E-003
  -2.0164375808802400E-003
  -1.9044919200921007E-003
  -1.7925150889832962E-003
  -1.6805089109806527E-003
  -1.5684752111709149E-003
  -1.4564158162686217E-003
  -1.3443325545811691E-003
  -1.2322272559742084E-003
  -1.1201017518392849E-003
  -1.0079578750578013E-003
  -8.9579745996832497E-004
  -7.8362234233107677E-004
  -6.7143435929471924E-004
  -5.5923534936149150E-004
  -4.4702715235343831E-004
  -3.3481160937633440E-004
  -2.2259056278726161E-004
  -1.1036585615889941E-004
   1.8606657558002020E-006
   1.1408715705736445E-004
   2.2631177073450913E-004
   3.3853265869966356E-004
   4.5074797182269446E-004
   5.6295585996687936E-004
   6.7515447202441822E-004
   7.8734195594960474E-004
   8.9951645879462073E-004
   1.0116761267455492E-003
   1.1238191051575262E-003
   1.2359435385889768E-003
   1.3480475708367546E-003
   1.4601293449725023E-003
   1.5721870033778027E-003
   1.6842186877794613E-003
   1.7962225392839902E-003
   1.9081966984145708E-003
   2.0201393051465281E-003
   2.1320484989422279E-003
   2.2439224187858330E-003
   2.3557592032206363E-003
   2.4675569903848142E-003
   2.5793139180457091E-003
   2.6910281236369703E-003
   2.8026977442934110E-003
   2.9143209168878341E-003
   3.0258957780662336E-003
   3.1374204642840619E-003
   3.2488931118412291E-003
   3.3603118569192803E-003
   3.4716748356170024E-003
   3.5829801839873184E-003
   3.6942260380718500E-003
   3.8054105339379086E-003
   3.9165318077146330E-003
   4.0275879956283784E-003
   4.1385772340404763E-003
   4.2494976594819756E-003
   4.3603474086915282E-003
   4.4711246186489150E-003
   4.5818274266147714E-003
   4.6924539701643066E-003
   4.8030023872246514E-003
   4.9134708161106423E-003
   5.0238573955628130E-003
   5.1341602647822903E-003
   5.2443775634672535E-003
   5.3545074318502514E-003
   5.4645480107345344E-003
   5.5744974415288676E-003
   5.6843538662855854E-003
   5.7941154277378728E-003
   5.9037802693344505E-003
   6.0133465352773295E-003
   6.1228123705580149E-003
   6.2321759209929568E-003
   6.3414353332618472E-003
   6.4505887549442600E-003
   6.5596343345545828E-003
   6.6685702215796526E-003
   6.7773945665147561E-003
   6.8861055209010983E-003
   6.9947012373623163E-003
   7.1031798696396618E-003
   7.2115395726302855E-003
   7.3197785024234309E-003
   7.4278948163366667E-003
   7.5358866729533965E-003
   7.6437522321579961E-003
   7.7514896551736275E-003
   7.8590971045974199E-003
   7.9665727444392983E-003
   8.0739147401568106E-003
   8.1811212586928340E-003
   8.2881904685111873E-003
   8.3951205396335452E-003
   8.5019096436756841E-003
   8.6085559538856098E-003
   8.7150576451780135E-003
   8.8214128941728025E-003
   8.9276198792301205E-003
   9.0336767804875956E-003
   9.1395817798957998E-003
   9.2453330612559861E-003
   9.3509288102573765E-003
   9.4563672145111782E-003
   9.5616464635881037E-003
   9.6667647490554474E-003
   9.7717202645142137E-003
   9.8765112056323490E-003
   9.9811357701839031E-003
   1.0085592158084395E-002
   1.0189878571427920E-002
   1.0293993214522569E-002
   1.0397934293926882E-002
   1.0501700018486469E-002
   1.0605288599369763E-002
   1.0708698250104591E-002
   1.0811927186614126E-002
   1.0914973627253055E-002
   1.1017835792844804E-002
   1.1120511906715569E-002
   1.1223000194732118E-002
   1.1325298885336784E-002
   1.1427406209583666E-002
   1.1529320401174917E-002
   1.1631039696497656E-002
   1.1732562334656782E-002
   1.1833886557514566E-002
   1.1935010609722787E-002
   1.2035932738762261E-002
   1.2136651194974816E-002
   1.2237164231603256E-002
   1.2337470104823760E-002
   1.2437567073782047E-002
   1.2537453400629025E-002
   1.2637127350557749E-002
   1.2736587191836887E-002
   1.2835831195847934E-002
   1.2934857637119285E-002
   1.3033664793362668E-002
   1.3132250945506003E-002
   1.3230614377733338E-002
   1.3328753377515441E-002
   1.3426666235647691E-002
   1.3524351246283378E-002
   1.3621806706969998E-002
   1.3719030918684550E-002
   1.3816022185867272E-002
   1.3912778816456936E-002
   1.4009299121926954E-002
   1.4105581417318174E-002
   1.4201624021274468E-002
   1.4297425256077828E-002
   1.4392983447682285E-002
   1.4488296925748902E-002
   1.4583364023680101E-002
   1.4678183078655116E-002
   1.4772752431661597E-002
   1.4867070427533500E-002
   1.4961135414982188E-002
   1.5054945746632457E-002
   1.5148499779056013E-002
   1.5241795872805157E-002
   1.5334832392448863E-002
   1.5427607706602557E-002
   1.5520120187966169E-002
   1.5612368213355756E-002
   1.5704350163737522E-002
   1.5796064424261576E-002
   1.5887509384295832E-002
   1.5978683437458743E-002
   1.6069584981652816E-002
   1.6160212419097996E-002
   1.6250564156365284E-002
   1.6340638604409433E-002
   1.6430434178603352E-002
   1.6519949298769251E-002
   1.6609182389212343E-002
   1.6698131878753707E-002
   1.6786796200763909E-002
   1.6875173793194448E-002
   1.6963263098610650E-002
   1.7051062564224510E-002
   1.7138570641927180E-002
   1.7225785788320326E-002
   1.7312706464750381E-002
   1.7399331137339134E-002
   1.7485658277016130E-002
   1.7571686359550354E-002
   1.7657413865583289E-002
   1.7742839280659971E-002
   1.7827961095260438E-002
   1.7912777804832056E-002
   1.7997287909820654E-002
   1.8081489915702426E-002
   1.8165382333014145E-002
   1.8248963677385856E-002
   1.8332232469571844E-002
   1.8415187235480850E-002
   1.8497826506206991E-002
   1.8580148818062196E-002
   1.8662152712604969E-002
   1.8743836736673333E-002
   1.8825199442412132E-002
   1.8906239387307584E-002
   1.8986955134214546E-002
   1.9067345251388160E-002
   1.9147408312513159E-002
   1.9227142896735303E-002
   1.9306547588690416E-002
   1.9385620978533517E-002
   1.9464361661971276E-002
   1.9542768240287514E-002
   1.9620839320375626E-002
   1.9698573514768183E-002
   1.9775969441665358E-002
   1.9853025724964453E-002
   1.9929740994287855E-002
   2.0006113885013246E-002
   2.0082143038302500E-002
   2.0157827101130097E-002
   2.0233164726311783E-002
   2.0308154572533255E-002
   2.0382795304377428E-002
   2.0457085592355439E-002
   2.0531024112931156E-002
   2.0604609548552467E-002
   2.0677840587676646E-002
   2.0750715924801068E-002
   2.0823234260488932E-002
   2.0895394301396267E-002
   2.0967194760301580E-002
   2.1038634356131264E-002
   2.1109711813987363E-002
   2.1180425865174678E-002
   2.1250775247229022E-002
   2.1320758703941664E-002
   2.1390374985387928E-002
   2.1459622847952584E-002
   2.1528501054357243E-002
   2.1597008373686607E-002
   2.1665143581413537E-002
   2.1732905459426848E-002
   2.1800292796055484E-002
   2.1867304386096992E-002
   2.1933939030839355E-002
   2.2000195538090225E-002
   2.2066072722199504E-002
   2.2131569404086837E-002
   2.2196684411265429E-002
   2.2261416577866552E-002
   2.2325764744666417E-002
   2.2389727759109357E-002
   2.2453304475333249E-002
   2.2516493754192707E-002
   2.2579294463286239E-002
   2.2641705476977275E-002
   2.2703725676420140E-002
   2.2765353949582800E-002
   2.2826589191271868E-002
   2.2887430303154922E-002
   2.2947876193785025E-002
   2.3007925778623286E-002
   2.3067577980062506E-002
   2.3126831727451152E-002
   2.3185685957114538E-002
   2.3244139612379040E-002
   2.3302191643593706E-002
   2.3359841008153127E-002
   2.3417086670520476E-002
   2.3473927602247525E-002
   2.3530362782000207E-002
   2.3586391195577476E-002
   2.3642011835934902E-002
   2.3697223703204973E-002
   2.3752025804718916E-002
   2.3806417155028851E-002
   2.3860396775927842E-002
   2.3913963696470839E-002
   2.3967116952996612E-002
   2.4019855589148296E-002
   2.4072178655892808E-002
   2.4124085211542030E-002
   2.4175574321773752E-002
   2.4226645059649974E-002
   2.4277296505638004E-002
   2.4327527747630286E-002
   2.4377337880964155E-002
   2.4426726008440234E-002
   2.4475691240343475E-002
   2.4524232694460499E-002
   2.4572349496099911E-002
   2.4620040778110305E-002
   2.4667305680899334E-002
   2.4714143352451656E-002
   2.4760552948347326E-002
   2.4806533631781581E-002
   2.4852084573581019E-002
   2.4897204952222599E-002
   2.4941893953849929E-002
   2.4986150772292982E-002
   2.5029974609083096E-002
   2.5073364673472542E-002
   2.5116320182449931E-002
   2.5158840360757200E-002
   2.5200924440906759E-002
   2.5242571663197048E-002
   2.5283781275731772E-002
   2.5324552534432779E-002
   2.5364884703059011E-002
   2.5404777053219654E-002
   2.5444228864392023E-002
   2.5483239423935846E-002
   2.5521808027109866E-002
   2.5559933977085194E-002
   2.5597616584961441E-002
   2.5634855169782807E-002
   2.5671649058549992E-002
   2.5707997586237895E-002
   2.5743900095806970E-002
   2.5779355938220009E-002
   2.5814364472454932E-002
   2.5848925065518107E-002
   2.5883037092459159E-002
   2.5916699936384232E-002
   2.5949912988469038E-002
   2.5982675647971652E-002
   2.6014987322246184E-002
   2.6046847426757468E-002
   2.6078255385088178E-002
   2.6109210628957560E-002
   2.6139712598229559E-002
   2.6169760740926539E-002
   2.6199354513241100E-002
   2.6228493379548176E-002
   2.6257176812415472E-002
   2.6285404292616436E-002
   2.6313175309139215E-002
   2.6340489359201569E-002
   2.6367345948258070E-002
   2.6393744590012147E-002
   2.6419684806426980E-002
   2.6445166127735259E-002
   2.6470188092449869E-002
   2.6494750247373453E-002
   2.6518852147609354E-002
   2.6542493356569729E-002
   2.6565673445984633E-002
   2.6588391995913511E-002
   2.6610648594752692E-002
   2.6632442839244874E-002
   2.6653774334488151E-002
   2.6674642693942745E-002
   2.6695047539441817E-002
   2.6714988501198307E-002
   2.6734465217813443E-002
   2.6753477336284585E-002
   2.6772024512012840E-002
   2.6790106408810199E-002
   2.6807722698906970E-002
   2.6824873062958717E-002
   2.6841557190053562E-002
   2.6857774777719962E-002
   2.6873525531930585E-002
   2.6888809167110391E-002
   2.6903625406144147E-002
   2.6917973980379196E-002
   2.6931854629634672E-002
   2.6945267102204556E-002
   2.6958211154863802E-002
   2.6970686552874532E-002
   2.6982693069990082E-002
   2.6994230488459947E-002
   2.7005298599036231E-002
   2.7015897200976090E-002
   2.7026026102047084E-002
   2.7035685118531133E-002
   2.7044874075229028E-002
   2.7053592805462656E-002
   2.7061841151080575E-002
   2.7069618962460195E-002
   2.7076926098511721E-002
   2.7083762426680140E-002
   2.7090127822949773E-002
   2.7096022171845799E-002
   2.7101445366436248E-002
   2.7106397308336493E-002
   2.7110877907708511E-002
   2.7114887083266075E-002
   2.7118424762273587E-002
   2.7121490880549225E-002
   2.7124085382465763E-002
   2.7126208220952516E-002
   2.7127859357493501E-002
   2.7129038762133604E-002
   2.7129746413474248E-002
   2.7129982298676761E-002
   2.7129746413460998E-002
   2.7129038762107670E-002
   2.7127859357455139E-002
   2.7126208220901546E-002
   2.7124085382403500E-002
   2.7121490880474997E-002
   2.7118424762187190E-002
   2.7114887083167075E-002
   2.7110877907597235E-002
   2.7106397308211849E-002
   2.7101445366299281E-002
   2.7096022171696404E-002
   2.7090127822788721E-002
   2.7083762426508003E-002
   2.7076926098328298E-002
   2.7069618962266336E-002
   2.7061841150875766E-002
   2.7053592805247287E-002
   2.7044874075003323E-002
   2.7035685118294989E-002
   2.7026026101800445E-002
   2.7015897200718727E-002
   2.7005298598768414E-002
   2.6994230488181496E-002
   2.6982693069701375E-002
   2.6970686552575222E-002
   2.6958211154554278E-002
   2.6945267101884350E-002
   2.6931854629302920E-002
   2.6917973980035207E-002
   2.6903625405787796E-002
   2.6888809166741790E-002
   2.6873525531548606E-002
   2.6857774777325226E-002
   2.6841557189645801E-002
   2.6824873062537356E-002
   2.6807722698471880E-002
   2.6790106408361734E-002
   2.6772024511551258E-002
   2.6753477335809361E-002
   2.6734465217324296E-002
   2.6714988500696202E-002
   2.6695047538927170E-002
   2.6674642693416274E-002
   2.6653774333949477E-002
   2.6632442838694013E-002
   2.6610648594189427E-002
   2.6588391995337860E-002
   2.6565673445397238E-002
   2.6542493355970587E-002
   2.6518852146998659E-002
   2.6494750246751429E-002
   2.6470188091815283E-002
   2.6445166127088922E-002
   2.6419684805768649E-002
   2.6393744589342433E-002
   2.6367345947577180E-002
   2.6340489358509765E-002
   2.6313175308436378E-002
   2.6285404291902643E-002
   2.6257176811690746E-002
   2.6228493378812168E-002
   2.6199354512493091E-002
   2.6169760740166446E-002
   2.6139712597457940E-002
   2.6109210628174079E-002
   2.6078255384292554E-002
   2.6046847425949031E-002
   2.6014987321425740E-002
   2.5982675647138253E-002
   2.5949912987624179E-002
   2.5916699935527924E-002
   2.5883037091592086E-002
   2.5848925064640718E-002
   2.5814364471567701E-002
   2.5779355937323788E-002
   2.5743900094901816E-002
   2.5707997585323248E-002
   2.5671649057626027E-002
   2.5634855168849429E-002
   2.5597616584018715E-002
   2.5559933976132414E-002
   2.5521808026147293E-002
   2.5483239422963162E-002
   2.5444228863408247E-002
   2.5404777052225512E-002
   2.5364884702054349E-002
   2.5324552533418858E-002
   2.5283781274707363E-002
   2.5242571662162906E-002
   2.5200924439863392E-002
   2.5158840359704945E-002
   2.5116320181388270E-002
   2.5073364672401281E-002
   2.5029974608001986E-002
   2.4986150771201861E-002
   2.4941893952748657E-002
   2.4897204951110252E-002
   2.4852084572457942E-002
   2.4806533630647654E-002
   2.4760552947203043E-002
   2.4714143351297041E-002
   2.4667305679734637E-002
   2.4620040776934908E-002
   2.4572349494913041E-002
   2.4524232693261244E-002
   2.4475691239131705E-002
   2.4426726007215509E-002
   2.4377337879727495E-002
   2.4327527746382024E-002
   2.4277296504378112E-002
   2.4226645058378318E-002
   2.4175574320490938E-002
   2.4124085210247791E-002
   2.4072178654586256E-002
   2.4019855587830024E-002
   2.3967116951666163E-002
   2.3913963695128538E-002
   2.3860396774573911E-002
   2.3806417153664161E-002
   2.3752025803343100E-002
   2.3697223701817049E-002
   2.3642011834534730E-002
   2.3586391194164599E-002
   2.3530362780574375E-002
   2.3473927600808919E-002
   2.3417086669069033E-002
   2.3359841006689912E-002
   2.3302191642117744E-002
   2.3244139610890537E-002
   2.3185685955613582E-002
   2.3126831725937505E-002
   2.3067577978535602E-002
   2.3007925777083032E-002
   2.2947876192231750E-002
   2.2887430301589164E-002
   2.2826589189692766E-002
   2.2765353947990351E-002
   2.2703725674814181E-002
   2.2641705475357987E-002
   2.2579294461653236E-002
   2.2516493752545910E-002
   2.2453304473672279E-002
   2.2389727757435359E-002
   2.2325764742979148E-002
   2.2261416576166870E-002
   2.2196684409553042E-002
   2.2131569402362342E-002
   2.2066072720462862E-002
   2.2000195536340618E-002
   2.1933939029076432E-002
   2.1867304384319733E-002
   2.1800292794263907E-002
   2.1732905457620390E-002
   2.1665143579592726E-002
   2.1597008371850964E-002
   2.1528501052507646E-002
   2.1459622846088874E-002
   2.1390374983510020E-002
   2.1320758702050011E-002
   2.1250775245323882E-002
   2.1180425863256476E-002
   2.1109711812055815E-002
   2.1038634354186934E-002
   2.0967194758345145E-002
   2.0895394299427317E-002
   2.0823234258507340E-002
   2.0750715922807070E-002
   2.0677840585669981E-002
   2.0604609546533537E-002
   2.0531024110900371E-002
   2.0457085590312375E-002
   2.0382795302322593E-002
   2.0308154570465867E-002
   2.0233164724232068E-002
   2.0157827099037601E-002
   2.0082143036196858E-002
   2.0006113882894683E-002
   1.9929740992157167E-002
   1.9853025722822264E-002
   1.9775969439511973E-002
   1.9698573512603387E-002
   1.9620839318198250E-002
   1.9542768238097596E-002
   1.9464361659769572E-002
   1.9385620976321127E-002
   1.9306547586466515E-002
   1.9227142894500442E-002
   1.9147408310267098E-002
   1.9067345249131031E-002
   1.8986955131946221E-002
   1.8906239385028004E-002
   1.8825199440121957E-002
   1.8743836734372007E-002
   1.8662152710293603E-002
   1.8580148815739401E-002
   1.8497826503872914E-002
   1.8415187233134220E-002
   1.8332232467213209E-002
   1.8248963675014308E-002
   1.8165382330629139E-002
   1.8081489913303564E-002
   1.7997287907408916E-002
   1.7912777802406948E-002
   1.7827961092821403E-002
   1.7742839278206905E-002
   1.7657413863116367E-002
   1.7571686357069644E-002
   1.7485658274521861E-002
   1.7399331134831469E-002
   1.7312706462228530E-002
   1.7225785785784296E-002
   1.7138570639377307E-002
   1.7051062561661182E-002
   1.6963263096033725E-002
   1.6875173790603732E-002
   1.6786796198159561E-002
   1.6698131876135093E-002
   1.6609182386580237E-002
   1.6519949296124069E-002
   1.6430434175946178E-002
   1.6340638601739753E-002
   1.6250564153683183E-002
   1.6160212416404102E-002
   1.6069584978947053E-002
   1.5978683434741549E-002
   1.5887509381566682E-002
   1.5796064421519658E-002
   1.5704350160982726E-002
   1.5612368210587970E-002
   1.5520120185185504E-002
   1.5427607703808634E-002
   1.5334832389641936E-002
   1.5241795869985695E-002
   1.5148499776223442E-002
   1.5054945743786390E-002
   1.4961135412122389E-002
   1.4867070424660560E-002
   1.4772752428774774E-002
   1.4678183075754036E-002
   1.4583364020764605E-002
   1.4488296922819074E-002
   1.4392983444737658E-002
   1.4297425253118451E-002
   1.4201624018300545E-002
   1.4105581414329710E-002
   1.4009299118923639E-002
   1.3912778813438720E-002
   1.3816022182833515E-002
   1.3719030915635351E-002
   1.3621806703905425E-002
   1.3524351243203296E-002
   1.3426666232552942E-002
   1.3328753374406099E-002
   1.3230614374610010E-002
   1.3132250942368546E-002
   1.3033664790210082E-002
   1.2934857633953004E-002
   1.2835831192667157E-002
   1.2736587188641717E-002
   1.2637127347348107E-002
   1.2537453397405942E-002
   1.2437567070545403E-002
   1.2337470101574100E-002
   1.2237164228340786E-002
   1.2136651191699455E-002
   1.2035932735473074E-002
   1.1935010606421399E-002
   1.1833886554200220E-002
   1.1732562331330578E-002
   1.1631039693158597E-002
   1.1529320397822901E-002
   1.1427406206218326E-002
   1.1325298881958634E-002
   1.1223000191341488E-002
   1.1120511903312294E-002
   1.1017835789429114E-002
   1.0914973623824879E-002
   1.0811927183173309E-002
   1.0708698246651596E-002
   1.0605288595905494E-002
   1.0501700015010690E-002
   1.0397934290439703E-002
   1.0293993211023852E-002
   1.0189878567917863E-002
   1.0085592154562735E-002
   9.9811357666507068E-003
   9.8765112020873288E-003
   9.7717202609577010E-003
   9.6667647454876070E-003
   9.5616464600081011E-003
   9.4563672109200352E-003
   9.3509288066552180E-003
   9.2453330576422708E-003
   9.1395817762701427E-003
   9.0336767768510219E-003
   8.9276198755829476E-003
   8.8214128905146610E-003
   8.7150576415093196E-003
   8.6085559502061190E-003
   8.5019096399851848E-003
   8.3951205359327190E-003
   8.2881904648000708E-003
   8.1811212549718487E-003
   8.0739147364256823E-003
   7.9665727406980618E-003
   7.8590971008466268E-003
   7.7514896514133255E-003
   7.6437522283886892E-003
   7.5358866691747706E-003
   7.4278948125483498E-003
   7.3197784986250751E-003
   7.2115395688227375E-003
   7.1031798658232606E-003
   6.9947012335373118E-003
   6.8861055170683482E-003
   6.7773945626741086E-003
   6.6685702177308129E-003
   6.5596343306977617E-003
   6.4505887510794427E-003
   6.3414353293889661E-003
   6.2321759171114237E-003
   6.1228123666680519E-003
   6.0133465313799784E-003
   5.9037802654292940E-003
   5.7941154238241145E-003
   5.6843538623636714E-003
   5.5744974375990328E-003
   5.4645480067971918E-003
   5.3545074279053757E-003
   5.2443775595145559E-003
   5.1341602608214673E-003
   5.0238573915941743E-003
   4.9134708121339786E-003
   4.8030023832403585E-003
   4.6924539661723653E-003
   4.5818274226156579E-003
   4.4711246146417905E-003
   4.3603474046763459E-003
   4.2494976554592360E-003
   4.1385772300097969E-003
   4.0275879915906230E-003
   3.9165318036695693E-003
   3.8054105298858812E-003
   3.6942260340123313E-003
   3.5829801799210411E-003
   3.4716748315431643E-003
   3.3603118528379087E-003
   3.2488931077524243E-003
   3.1374204601886521E-003
   3.0258957739641773E-003
   2.9143209127789971E-003
   2.8026977401775809E-003
   2.6910281195146272E-003
   2.5793139139163373E-003
   2.4675569862486718E-003
   2.3557591990783153E-003
   2.2439224146368754E-003
   2.1320484947871176E-003
   2.0201393009853974E-003
   1.9081966942467242E-003
   1.7962225351097812E-003
   1.6842186835989575E-003
   1.5721869991915897E-003
   1.4601293407803966E-003
   1.3480475666384816E-003
   1.2359435343850483E-003
   1.1238191009479617E-003
   1.0116761225305983E-003
   8.9951645457368571E-004
   7.8734195172322800E-004
   6.7515446779331512E-004
   5.6295585573095806E-004
   4.5074796758131459E-004
   3.3853265445324800E-004
   2.2631176648310220E-004
   1.1408715280090220E-004
   1.8606614942849818E-006
  -1.1036586042556987E-004
  -2.2259056705859918E-004
  -3.3481161365204001E-004
  -4.4702715663363435E-004
  -5.5923535364606387E-004
  -6.7143436358366539E-004
  -7.8362234662431778E-004
  -8.9579746426590040E-004
  -1.0079578793601534E-003
  -1.1201017561453576E-003
  -1.2322272602844197E-003
  -1.3443325588950652E-003
  -1.4564158205863332E-003
  -1.5684752154920640E-003
  -1.6805089153056059E-003
  -1.7925150933117001E-003
  -1.9044919244241250E-003
  -2.0164375852156796E-003
  -2.1283502539540190E-003
  -2.2402281106350471E-003
  -2.3520693370156975E-003
  -2.4638721166501299E-003
  -2.5756346349193357E-003
  -2.6873550790685245E-003
  -2.7990316382364017E-003
  -2.9106625034925580E-003
  -3.0222458678672189E-003
  -3.1337799263881014E-003
  -3.2452628761090009E-003
  -3.3566929161463759E-003
  -3.4680682477104970E-003
  -3.5793870741401097E-003
  -3.6906476009312896E-003
  -3.8018480357751090E-003
  -3.9129865885872703E-003
  -4.0240614715402745E-003
  -4.1350708990974434E-003
  -4.2460130880447563E-003
  -4.3568862575230115E-003
  -4.4676886290602198E-003
  -4.5784184266034244E-003
  -4.6890738765503533E-003
  -4.7996532077824328E-003
  -4.9101546516956002E-003
  -5.0205764422330641E-003
  -5.1309168159172098E-003
  -5.2411740118788706E-003
  -5.3513462718918032E-003
  -5.4614318404019244E-003
  -5.5714289645603671E-003
  -5.6813358942530492E-003
  -5.7911508821335382E-003
  -5.9008721836525582E-003
  -6.0104980570903233E-003
  -6.1200267635858115E-003
  -6.2294565671693076E-003
  -6.3387857347925658E-003
  -6.4480125363583852E-003
  -6.5571352447524574E-003
  -6.6661521358730115E-003
  -6.7750614886611469E-003
  -6.8838615851313243E-003
  -6.9925507104019709E-003
  -7.1011271527247708E-003
  -7.2095892035142503E-003
  -7.3179351573780405E-003
  -7.4261633121470690E-003
  -7.5342719689050911E-003
  -7.6422594320170274E-003
  -7.7501240091608307E-003
  -7.8578640113540973E-003
  -7.9654777529837191E-003
  -8.0729635518369449E-003
  -8.1803197291293265E-003
  -8.2875446095331731E-003
  -8.3946365212059903E-003
  -8.5015937958206333E-003
  -8.6084147685930468E-003
  -8.7150977783103552E-003
  -8.8216411673598481E-003
  -8.9280432817569304E-003
  -9.0343024711736289E-003
  -9.1404170889665976E-003
  -9.2463854922042819E-003
  -9.3522060416959315E-003
  -9.4578771020178160E-003
  -9.5633970415436812E-003
  -9.6687642324688270E-003
  -9.7739770508387738E-003
  -9.8790338765767788E-003
  -9.9839330935120856E-003
  -1.0088673089405057E-002
  -1.0193252255973942E-002
  -1.0297668988923484E-002
  -1.0401921687971201E-002
  -1.0506008756873585E-002
  -1.0609928603450352E-002
  -1.0713679639614872E-002
  -1.0817260281398140E-002
  -1.0920668948974253E-002
  -1.1023904066688160E-002
  -1.1126964063080780E-002
  -1.1229847370913813E-002
  -1.1332552427196850E-002
  -1.1435077673211436E-002
  -1.1537421554538079E-002
  -1.1639582521079718E-002
  -1.1741559027089213E-002
  -1.1843349531191372E-002
  -1.1944952496410588E-002
  -1.2046366390193970E-002
  -1.2147589684436803E-002
  -1.2248620855506083E-002
  -1.2349458384266047E-002
  -1.2450100756102467E-002
  -1.2550546460945675E-002
  -1.2650793993295006E-002
  -1.2750841852243731E-002
  -1.2850688541501027E-002
  -1.2950332569417152E-002
  -1.3049772449006654E-002
  -1.3149006697970778E-002
  -1.3248033838721893E-002
  -1.3346852398406762E-002
  -1.3445460908927882E-002
  -1.3543857906967523E-002
  -1.3642041934011253E-002
  -1.3740011536368483E-002
  -1.3837765265197083E-002
  -1.3935301676524306E-002
  -1.4032619331270518E-002
  -1.4129716795268154E-002
  -1.4226592639287024E-002
  -1.4323245439054359E-002
  -1.4419673775277123E-002
  -1.4515876233663655E-002
  -1.4611851404944816E-002
  -1.4707597884895096E-002
  -1.4803114274354252E-002
  -1.4898399179246506E-002
  -1.4993451210604702E-002
  -1.5088268984588640E-002
  -1.5182851122506585E-002
  -1.5277196250834220E-002
  -1.5371303001237331E-002
  -1.5465170010590936E-002
  -1.5558795920998974E-002
  -1.5652179379813759E-002
  -1.5745319039657989E-002
  -1.5838213558441953E-002
  -1.5930861599384363E-002
  -1.6023261831030870E-002
  -1.6115412927274128E-002
  -1.6207313567372542E-002
  -1.6298962435968720E-002
  -1.6390358223108963E-002
  -1.6481499624261715E-002
  -1.6572385340336220E-002
  -1.6663014077700360E-002
  -1.6753384548199697E-002
  -1.6843495469175272E-002
  -1.6933345563480862E-002
  -1.7022933559501959E-002
  -1.7112258191173044E-002
  -1.7201318197993441E-002
  -1.7290112325047721E-002
  -1.7378639323020684E-002
  -1.7466897948215675E-002
  -1.7554886962570532E-002
  -1.7642605133675569E-002
  -1.7730051234789081E-002
  -1.7817224044854588E-002
  -1.7904122348517421E-002
  -1.7990744936139898E-002
  -1.8077090603818825E-002
  -1.8163158153400024E-002
  -1.8248946392495340E-002
  -1.8334454134497226E-002
  -1.8419680198595915E-002
  -1.8504623409792909E-002
  -1.8589282598916713E-002
  -1.8673656602638231E-002
  -1.8757744263486427E-002
  -1.8841544429861828E-002
  -1.8925055956051418E-002
  -1.9008277702244249E-002
  -1.9091208534544261E-002
  -1.9173847324985213E-002
  -1.9256192951544231E-002
  -1.9338244298156497E-002
  -1.9420000254729182E-002
  -1.9501459717154064E-002
  -1.9582621587320867E-002
  -1.9663484773131821E-002
  -1.9744048188514114E-002
  -1.9824310753432748E-002
  -1.9904271393904081E-002
  -1.9983929042007152E-002
  -2.0063282635897409E-002
  -2.0142331119819650E-002
  -2.0221073444118609E-002
  -2.0299508565252946E-002
  -2.0377635445805523E-002
  -2.0455453054496309E-002
  -2.0532960366193932E-002
  -2.0610156361926774E-002
  -2.0687040028894550E-002
  -2.0763610360479686E-002
  -2.0839866356258674E-002
  -2.0915807022011637E-002
  -2.0991431369735004E-002
  -2.1066738417650652E-002
  -2.1141727190218059E-002
  -2.1216396718143044E-002
  -2.1290746038387712E-002
  -2.1364774194182864E-002
  -2.1438480235034762E-002
  -2.1511863216737360E-002
  -2.1584922201380998E-002
  -2.1657656257360946E-002
  -2.1730064459388146E-002
  -2.1802145888497836E-002
  -2.1873899632058161E-002
  -2.1945324783778287E-002
  -2.2016420443720704E-002
  -2.2087185718304817E-002
  -2.2157619720318787E-002
  -2.2227721568926922E-002
  -2.2297490389676326E-002
  -2.2366925314507204E-002
  -2.2436025481758323E-002
  -2.2504790036177398E-002
  -2.2573218128925269E-002
  -2.2641308917586516E-002
  -2.2709061566174013E-002
  -2.2776475245137415E-002
  -2.2843549131369600E-002
  -2.2910282408214078E-002
  -2.2976674265470929E-002
  -2.3042723899402675E-002
  -2.3108430512742573E-002
  -2.3173793314697391E-002
  -2.3238811520957459E-002
  -2.3303484353699409E-002
  -2.3367811041594258E-002
  -2.3431790819810290E-002
  -2.3495422930020857E-002
  -2.3558706620407842E-002
  -2.3621641145668608E-002
  -2.3684225767018376E-002
  -2.3746459752198731E-002
  -2.3808342375478787E-002
  -2.3869872917660212E-002
  -2.3931050666084478E-002
  -2.3991874914634288E-002
  -2.4052344963737576E-002
  -2.4112460120372960E-002
  -2.4172219698072456E-002
  -2.4231623016926315E-002
  -2.4290669403584982E-002
  -2.4349358191262920E-002
  -2.4407688719742457E-002
  -2.4465660335375786E-002
  -2.4523272391089677E-002
  -2.4580524246385658E-002
  -2.4637415267343608E-002
  -2.4693944826625590E-002
  -2.4750112303476773E-002
  -2.4805917083727213E-002
  -2.4861358559795609E-002
  -2.4916436130689192E-002
  -2.4971149202007110E-002
  -2.5025497185940500E-002
  -2.5079479501275287E-002
  -2.5133095573393195E-002
  -2.5186344834271367E-002
  -2.5239226722485287E-002
  -2.5291740683209427E-002
  -2.5343886168215923E-002
  -2.5395662635877583E-002
  -2.5447069551167611E-002
  -2.5498106385659195E-002
  -2.5548772617525722E-002
  -2.5599067731541150E-002
  -2.5648991219081329E-002
  -2.5698542578120997E-002
  -2.5747721313234721E-002
  -2.5796526935596142E-002
  -2.5844958962976679E-002
  -2.5893016919746468E-002
  -2.5940700336871216E-002
  -2.5988008751912647E-002
  -2.6034941709026184E-002
  -2.6081498758958495E-002
  -2.6127679459049428E-002
  -2.6173483373226832E-002
  -2.6218910072006055E-002
  -2.6263959132488978E-002
  -2.6308630138359643E-002
  -2.6352922679885104E-002
  -2.6396836353908614E-002
  -2.6440370763850991E-002
  -2.6483525519705401E-002
  -2.6526300238036701E-002
  -2.6568694541977900E-002
  -2.6610708061225445E-002
  -2.6652340432037201E-002
  -2.6693591297229296E-002
  -2.6734460306172266E-002
  -2.6774947114787274E-002
  -2.6815051385542105E-002
  -2.6854772787448869E-002
  -2.6894110996057170E-002
  -2.6933065693451830E-002
  -2.6971636568249826E-002
  -2.7009823315591319E-002
  -2.7047625637140020E-002
  -2.7085043241075836E-002
  -2.7122075842089467E-002
  -2.7158723161380429E-002
  -2.7194984926648479E-002
  -2.7230860872090281E-002
  -2.7266350738392932E-002
  -2.7301454272730123E-002
  -2.7336171228755451E-002
  -2.7370501366595693E-002
  -2.7404444452846875E-002
  -2.7438000260565323E-002
  -2.7471168569265698E-002
  -2.7503949164910314E-002
  -2.7536341839905405E-002
  -2.7568346393093121E-002
  -2.7599962629747350E-002
  -2.7631190361563005E-002
  -2.7662029406652543E-002
  -2.7692479589536204E-002
  -2.7722540741137256E-002
  -2.7752212698772979E-002
  -2.7781495306147208E-002
  -2.7810388413343583E-002
  -2.7838891876817387E-002
  -2.7867005559387717E-002
  -2.7894729330229982E-002
  -2.7922063064866467E-002
  -2.7949006645160701E-002
  -2.7975559959305646E-002
  -2.8001722901818214E-002
  -2.8027495373529096E-002
  -2.8052877281574372E-002
  -2.8077868539387197E-002
  -2.8102469066686887E-002
  -2.8126678789474193E-002
  -2.8150497640017123E-002
  -2.8173925556843629E-002
  -2.8196962484733537E-002
  -2.8219608374707095E-002
  -2.8241863184017300E-002
  -2.8263726876135990E-002
  -2.8285199420748638E-002
  -2.8306280793742169E-002
  -2.8326970977195352E-002
  -2.8347269959368263E-002
  -2.8367177734691565E-002
  -2.8386694303755292E-002
  -2.8405819673300411E-002
  -2.8424553856207128E-002
  -2.8442896871483624E-002
  -2.8460848744254197E-002
  -2.8478409505751132E-002
  -2.8495579193300289E-002
  -2.8512357850311584E-002
  -2.8528745526268381E-002
  -2.8544742276712120E-002
  -2.8560348163235220E-002
  -2.8575563253467030E-002
  -2.8590387621062141E-002
  -2.8604821345689268E-002
  -2.8618864513017376E-002
  -2.8632517214705888E-002
  -2.8645779548390708E-002
  -2.8658651617671681E-002
  -2.8671133532102551E-002
  -2.8683225407174464E-002
  -2.8694927364306004E-002
  -2.8706239530828483E-002
  -2.8717162039975687E-002
  -2.8727695030868042E-002
  -2.8737838648500637E-002
  -2.8747593043731531E-002
  -2.8756958373264516E-002
  -2.8765934799640597E-002
  -2.8774522491219329E-002
  -2.8782721622168762E-002
  -2.8790532372450970E-002
  -2.8797954927805944E-002
  -2.8804989479741853E-002
  -2.8811636225515583E-002
  -2.8817895368124489E-002
  -2.8823767116286470E-002
  -2.8829251684430353E-002
  -2.8834349292677901E-002
  -2.8839060166830875E-002
  -2.8843384538357050E-002
  -2.8847322644373258E-002
  -2.8850874727631821E-002
  -2.8854041036506680E-002
  -2.8856821824975301E-002
  -2.8859217352607720E-002
  -2.8861227884546332E-002
  -2.8862853691496874E-002
  -2.8864095049704944E-002
  -2.8864952240948320E-002
  -2.8865425552515551E-002
  -2.8865515277194664E-002
  -2.8865221713253682E-002
  -2.8864545164426901E-002
  -2.8863485939898629E-002
  -2.8862044354286461E-002
  -2.8860220727624709E-002
  -2.8858015385350728E-002
  -2.8855428658285300E-002
  -2.8852460882618482E-002
  -2.8849112399892473E-002
  -2.8845383556983493E-002
  -2.8841274706087022E-002
  -2.8836786204700874E-002
  -2.8831918415608216E-002
  -2.8826671706858702E-002
  -2.8821046451756004E-002
  -2.8815043028834850E-002
  -2.8808661821848391E-002
  -2.8801903219748431E-002
  -2.8794767616669149E-002
  -2.8787255411909254E-002
  -2.8779367009915385E-002
  -2.8771102820263277E-002
  -2.8762463257639859E-002
  -2.8753448741828416E-002
  -2.8744059697686491E-002
  -2.8734296555131791E-002
  -2.8724159749120740E-002
  -2.8713649719634124E-002
  -2.8702766911654992E-002
  -2.8691511775154048E-002
  -2.8679884765069094E-002
  -2.8667886341287304E-002
  -2.8655516968626376E-002
  -2.8642777116817213E-002
  -2.8629667260485062E-002
  -2.8616187879129281E-002
  -2.8602339457107454E-002
  -2.8588122483612394E-002
  -2.8573537452657571E-002
  -2.8558584863055878E-002
  -2.8543265218400317E-002
  -2.8527579027047386E-002
  -2.8511526802095125E-002
  -2.8495109061365792E-002
  -2.8478326327385551E-002
  -2.8461179127365219E-002
  -2.8443667993180495E-002
  -2.8425793461354973E-002
  -2.8407556073036851E-002
  -2.8388956373982185E-002
  -2.8369994914533875E-002
  -2.8350672249602145E-002
  -2.8330988938645264E-002
  -2.8310945545649092E-002
  -2.8290542639108213E-002
  -2.8269780792003856E-002
  -2.8248660581785021E-002
  -2.8227182590351261E-002
  -2.8205347404025798E-002
  -2.8183155613542805E-002
  -2.8160607814021889E-002
  -2.8137704604949777E-002
  -2.8114446590160019E-002
  -2.8090834377810965E-002
  -2.8066868580369393E-002
  -2.8042549814583942E-002
  -2.8017878701469288E-002
  -2.7992855866283486E-002
  -2.7967481938508631E-002
  -2.7941757551827057E-002
  -2.7915683344104436E-002
  -2.7889259957365423E-002
  -2.7862488037776145E-002
  -2.7835368235621459E-002
  -2.7807901205281600E-002
  -2.7780087605216698E-002
  -2.7751928097939599E-002
  -2.7723423350000397E-002
  -2.7694574031959591E-002
  -2.7665380818370913E-002
  -2.7635844387759338E-002
  -2.7605965422598203E-002
  -2.7575744609289299E-002
  -2.7545182638140028E-002
  -2.7514280203344343E-002
  -2.7483038002958364E-002
  -2.7451456738881021E-002
  -2.7419537116831209E-002
  -2.7387279846326388E-002
  -2.7354685640661014E-002
  -2.7321755216885669E-002
  -2.7288489295783772E-002
  -2.7254888601849523E-002
  -2.7220953863268661E-002
  -2.7186685811894516E-002
  -2.7152085183225233E-002
  -2.7117152716384780E-002
  -2.7081889154097809E-002
  -2.7046295242669556E-002
  -2.7010371731965105E-002
  -2.6974119375382254E-002
  -2.6937538929834547E-002
  -2.6900631155727002E-002
  -2.6863396816933553E-002
  -2.6825836680776531E-002
  -2.6787951518001514E-002
  -2.6749742102758964E-002
  -2.6711209212576865E-002
  -2.6672353628343332E-002
  -2.6633176134281431E-002
  -2.6593677517927423E-002
  -2.6553858570107693E-002
  -2.6513720084918948E-002
  -2.6473262859701537E-002
  -2.6432487695020216E-002
  -2.6391395394639385E-002
  -2.6349986765503375E-002
  -2.6308262617710534E-002
  -2.6266223764492617E-002
  -2.6223871022192383E-002
  -2.6181205210239644E-002
  -2.6138227151128686E-002
  -2.6094937670396865E-002
  -2.6051337596600808E-002
  -2.6007427761294291E-002
  -2.5963208999004436E-002
  -2.5918682147210041E-002
  -2.5873848046316452E-002
  -2.5828707539637809E-002
  -2.5783261473369012E-002
  -2.5737510696565654E-002
  -2.5691456061118247E-002
  -2.5645098421733636E-002
  -2.5598438635910103E-002
  -2.5551477563911764E-002
  -2.5504216068749638E-002
  -2.5456655016157320E-002
  -2.5408795274566753E-002
  -2.5360637715086509E-002
  -2.5312183211478469E-002
  -2.5263432640135808E-002
  -2.5214386880058108E-002
  -2.5165046812829096E-002
  -2.5115413322594572E-002
  -2.5065487296036727E-002
  -2.5015269622355379E-002
  -2.4964761193240346E-002
  -2.4913962902851843E-002
  -2.4862875647794581E-002
  -2.4811500327097894E-002
  -2.4759837842190123E-002
  -2.4707889096874918E-002
  -2.4655654997310580E-002
  -2.4603136451986050E-002
  -2.4550334371696857E-002
  -2.4497249669522558E-002
  -2.4443883260804000E-002
  -2.4390236063120383E-002
  -2.4336308996263850E-002
  -2.4282102982220336E-002
  -2.4227618945142790E-002
  -2.4172857811329641E-002
  -2.4117820509202886E-002
  -2.4062507969281575E-002
  -2.4006921124162032E-002
  -2.3951060908492965E-002
  -2.3894928258952199E-002
  -2.3838524114225185E-002
  -2.3781849414978972E-002
  -2.3724905103843369E-002
  -2.3667692125382965E-002
  -2.3610211426077225E-002
  -2.3552463954296894E-002
  -2.3494450660279557E-002
  -2.3436172496108819E-002
  -2.3377630415688282E-002
  -2.3318825374721387E-002
  -2.3259758330686445E-002
  -2.3200430242814051E-002
  -2.3140842072063631E-002
  -2.3080994781102423E-002
  -2.3020889334279142E-002
  -2.2960526697603581E-002
  -2.2899907838721506E-002
  -2.2839033726894772E-002
  -2.2777905332974548E-002
  -2.2716523629381705E-002
  -2.2654889590080725E-002
  -2.2593004190559565E-002
  -2.2530868407803505E-002
  -2.2468483220276548E-002
  -2.2405849607894386E-002
  -2.2342968552003923E-002
  -2.2279841035358169E-002
  -2.2216468042097232E-002
  -2.2152850557720805E-002
  -2.2088989569069004E-002
  -2.2024886064297547E-002
  -2.1960541032854559E-002
  -2.1895955465460002E-002
  -2.1831130354081001E-002
  -2.1766066691910030E-002
  -2.1700765473341557E-002
  -2.1635227693949710E-002
  -2.1569454350464503E-002
  -2.1503446440752295E-002
  -2.1437204963788346E-002
  -2.1370730919639275E-002
  -2.1304025309435478E-002
  -2.1237089135352570E-002
  -2.1169923400587178E-002
  -2.1102529109334692E-002
  -2.1034907266765237E-002
  -2.0967058879004245E-002
  -2.0898984953106280E-002
  -2.0830686497036469E-002
  -2.0762164519645267E-002
  -2.0693420030646840E-002
  -2.0624454040597061E-002
  -2.0555267560870626E-002
  -2.0485861603639400E-002
  -2.0416237181849293E-002
  -2.0346395309198718E-002
  -2.0276337000116419E-002
  -2.0206063269738703E-002
  -2.0135575133887130E-002
  -2.0064873609047105E-002
  -1.9993959712347027E-002
  -1.9922834461531657E-002
  -1.9851498874944994E-002
  -1.9779953971505934E-002
  -1.9708200770686732E-002
  -1.9636240292490417E-002
  -1.9564073557431030E-002
  -1.9491701586508661E-002
  -1.9419125401188928E-002
  -1.9346346023382015E-002
  -1.9273364475420329E-002
  -1.9200181780036289E-002
  -1.9126798960341324E-002
  -1.9053217039802482E-002
  -1.8979437042224427E-002
  -1.8905459991722884E-002
  -1.8831286912707693E-002
  -1.8756918829858152E-002
  -1.8682356768103626E-002
  -1.8607601752601156E-002
  -1.8532654808712287E-002
  -1.8457516961984867E-002
  -1.8382189238130550E-002
  -1.8306672663001573E-002
  -1.8230968262573449E-002
  -1.8155077062919280E-002
  -1.8079000090191311E-002
  -1.8002738370600985E-002
  -1.7926292930391965E-002
  -1.7849664795827318E-002
  -1.7772854993162130E-002
  -1.7695864548625210E-002
  -1.7618694488397802E-002
  -1.7541345838591828E-002
  -1.7463819625230640E-002
  -1.7386116874226899E-002
  -1.7308238611362974E-002
  -1.7230185862268654E-002
  -1.7151959652400968E-002
  -1.7073561007025048E-002
  -1.6994990951192189E-002
  -1.6916250509718723E-002
  -1.6837340707167595E-002
  -1.6758262567824901E-002
  -1.6679017115682822E-002
  -1.6599605374417271E-002
  -1.6520028367368478E-002
  -1.6440287117519117E-002
  -1.6360382647475691E-002
  -1.6280315979448793E-002
  -1.6200088135231314E-002
  -1.6119700136179655E-002
  -1.6039153003192620E-002
  -1.5958447756692619E-002
  -1.5877585416604795E-002
  -1.5796567002339352E-002
  -1.5715393532766200E-002
  -1.5634066026203080E-002
  -1.5552585500389182E-002
  -1.5470952972468968E-002
  -1.5389169458970890E-002
  -1.5307235975790479E-002
  -1.5225153538166411E-002
  -1.5142923160663976E-002
  -1.5060545857157845E-002
  -1.4978022640806676E-002
  -1.4895354524038907E-002
  -1.4812542518532068E-002
  -1.4729587635192637E-002
  -1.4646490884138674E-002
  -1.4563253274678846E-002
  -1.4479875815293990E-002
  -1.4396359513618659E-002
  -1.4312705376422461E-002
  -1.4228914409590333E-002
  -1.4144987618103509E-002
  -1.4060926006023032E-002
  -1.3976730576466775E-002
  -1.3892402331595744E-002
  -1.3807942272591304E-002
  -1.3723351399639806E-002
  -1.3638630711911749E-002
  -1.3553781207544609E-002
  -1.3468803883625136E-002
  -1.3383699736168061E-002
  -1.3298469760102228E-002
  -1.3213114949248457E-002
  -1.3127636296304418E-002
  -1.3042034792824406E-002
  -1.2956311429201530E-002
  -1.2870467194651444E-002
  -1.2784503077191881E-002
  -1.2698420063629114E-002
  -1.2612219139533719E-002
  -1.2525901289230323E-002
  -1.2439467495772695E-002
  -1.2352918740931204E-002
  -1.2266256005173840E-002
  -1.2179480267647546E-002
  -1.2092592506162196E-002
  -1.2005593697174403E-002
  -1.1918484815766409E-002
  -1.1831266835631302E-002
  -1.1743940729057682E-002
  -1.1656507466907320E-002
  -1.1568968018604693E-002
  -1.1481323352114662E-002
  -1.1393574433927176E-002
  -1.1305722229041240E-002
  -1.1217767700947867E-002
  -1.1129711811612547E-002
  -1.1041555521460045E-002
  -1.0953299789355490E-002
  -1.0864945572590635E-002
  -1.0776493826864034E-002
  -1.0687945506268315E-002
  -1.0599301563270321E-002
  -1.0510562948697772E-002
  -1.0421730611720687E-002
  -1.0332805499837285E-002
  -1.0243788558856362E-002
  -1.0154680732881690E-002
  -1.0065482964295222E-002
  -9.9761961937439355E-003
  -9.8868213601202067E-003
  -9.7973594005500968E-003
  -9.7078112503725857E-003
  -9.6181778431291068E-003
  -9.5284601105447911E-003
  -9.4386589825134360E-003
  -9.3487753870829127E-003
  -9.2588102504389137E-003
  -9.1687644968911734E-003
  -9.0786390488547981E-003
  -8.9884348268385802E-003
  -8.8981527494295613E-003
  -8.8077937332755249E-003
  -8.7173586930712182E-003
  -8.6268485415442533E-003
  -8.5362641894399516E-003
  -8.4456065455057565E-003
  -8.3548765164771534E-003
  -8.2640750070633023E-003
  -8.1732029199305008E-003
  -8.0822611556917254E-003
  -7.9912506128861343E-003
  -7.9001721879712449E-003
  -7.8090267753033009E-003
  -7.7178152671271644E-003
  -7.6265385535573046E-003
  -7.5351975225705203E-003
  -7.4437930599831779E-003
  -7.3523260494459466E-003
  -7.2607973724233927E-003
  -7.1692079081836025E-003
  -7.0775585337826659E-003
  -6.9858501240525938E-003
  -6.8940835515857168E-003
  -6.8022596867221181E-003
  -6.7103793975377994E-003
  -6.6184435498270293E-003
  -6.5264530070931991E-003
  -6.4344086305320033E-003
  -6.3423112790223016E-003
  -6.2501618091093825E-003
  -6.1579610749925798E-003
  -6.0657099285128463E-003
  -5.9734092191407054E-003
  -5.8810597939615364E-003
  -5.7886624976621745E-003
  -5.6962181725219866E-003
  -5.6037276583961815E-003
  -5.5111917927050287E-003
  -5.4186114104201651E-003
  -5.3259873440533092E-003
  -5.2333204236440795E-003
  -5.1406114767460478E-003
  -5.0478613284148368E-003
  -4.9550708011980409E-003
  -4.8622407151193642E-003
  -4.7693718876703978E-003
  -4.6764651337961177E-003
  -4.5835212658829026E-003
  -4.4905410937491029E-003
  -4.3975254246290752E-003
  -4.3044750631652390E-003
  -4.2113908113956509E-003
  -4.1182734687411349E-003
  -4.0251238319936001E-003
  -3.9319426953069595E-003
  -3.8387308501824902E-003
  -3.7454890854595781E-003
  -3.6522181873050660E-003
  -3.5589189392002149E-003
  -3.4655921219304405E-003
  -3.3722385135741759E-003
  -3.2788588894907306E-003
  -3.1854540223141591E-003
  -3.0920246819345224E-003
  -2.9985716354934584E-003
  -2.9050956473716831E-003
  -2.8115974791773309E-003
  -2.7180778897353403E-003
  -2.6245376350803313E-003
  -2.5309774684411711E-003
  -2.4373981402328534E-003
  -2.3438003980479107E-003
  -2.2501849866435617E-003
  -2.1565526479327196E-003
  -2.0629041209734161E-003
  -1.9692401419600784E-003
  -1.8755614442111557E-003
  -1.7818687581604754E-003
  -1.6881628113499662E-003
  -1.5944443284143198E-003
  -1.5007140310773085E-003
  -1.4069726381365534E-003
  -1.3132208654595590E-003
  -1.2194594259692850E-003
  -1.1256890296367013E-003
  -1.0319103834730283E-003
  -9.3812419151787082E-004
  -8.4433115483182307E-004
  -7.5053197148523723E-004
  -6.5672733655165402E-004
  -5.6291794209725450E-004
  -4.6910447717226278E-004
  -3.7528762780120477E-004
  -2.8146807697589912E-004
  -1.8764650464546460E-004
  -9.3823587707615795E-005
