  -2.6471427044828388E-022
  -5.3103800454187251E-022
  -8.0058501581635671E-022
  -1.0749832037870406E-021
  -1.3558843093584936E-021
  -1.6449737478811917E-021
  -1.9439805780549655E-021
  -2.2546876650978378E-021
  -2.5789420971611818E-021
  -2.9186659148756555E-021
  -3.2758672151585645E-021
  -3.6526516920042139E-021
  -4.0512346789194224E-021
  -4.4739537599632234E-021
  -4.9232820190107009E-021
  -5.4018419998979908E-021
  -5.9124204535286035E-021
  -6.4579839518485103E-021
  -7.0416954528415146E-021
  -7.6669319053791080E-021
  -8.3373029879006427E-021
  -9.0566710805207628E-021
  -9.8291725762932298E-021
  -1.0659240644024217E-020
  -1.1551629562260773E-020
  -1.2511440751912296E-020
  -1.3544150643429839E-020
  -1.4655640523612068E-020
  -1.5852228516968491E-020
  -1.7140703867195356E-020
  -1.8528363695758979E-020
  -2.0023052426888632E-020
  -2.1633204081509182E-020
  -2.3367887656862302E-020
  -2.5236855823832449E-020
  -2.7250597190383482E-020
  -2.9420392397106547E-020
  -3.1758374329744691E-020
  -3.4277592753804880E-020
  -3.6992083698066102E-020
  -3.9916943937050400E-020
  -4.3068410947464236E-020
  -4.6463948740323397E-020
  -5.0122339999096510E-020
  -5.4063784984867549E-020
  -5.8310007702339574E-020
  -6.2884369855678319E-020
  -6.7811993160829877E-020
  -7.3119890621265657E-020
  -7.8837107417248280E-020
  -8.4994872104900523E-020
  -9.1626758870788711E-020
  -9.8768861640629205E-020
  -1.0645998089732775E-019
  -1.1474182412412099E-019
  -1.2365922085338950E-019
  -1.3326035337101368E-019
  -1.4359700420029275E-019
  -1.5472482156874018E-019
  -1.6670360414588042E-019
  -1.7959760643086942E-019
  -1.9347586626574029E-019
  -2.0841255605376528E-019
  -2.2448735937331252E-019
  -2.4178587479606212E-019
  -2.6040004884518664E-019
  -2.8042864016448494E-019
  -3.0197771711424521E-019
  -3.2516119116426621E-019
  -3.5010138861982511E-019
  -3.7692966339298278E-019
  -4.0578705372040091E-019
  -4.3682498593048750E-019
  -4.7020602857814689E-019
  -5.0610470049552707E-019
  -5.4470833655298334E-019
  -5.8621801518709014E-019
  -6.3084955203292014E-019
  -6.7883456429725392E-019
  -7.3042161082929012E-019
  -7.8587741318670989E-019
  -8.4548816335970761E-019
  -9.0956092420468897E-019
  -9.7842512905488776E-019
  -1.0524341874187318E-018
  -1.1319672041501710E-018
  -1.2174308199802280E-018
  -1.3092611818388599E-018
  -1.4079260519708109E-018
  -1.5139270654638383E-018
  -1.6278021464624183E-018
  -1.7501280940391824E-018
  -1.8815233494418776E-018
  -2.0226509572289513E-018
  -2.1742217336555356E-018
  -2.3369976565762799E-018
  -2.5117954920964691E-018
  -2.6994906742323279E-018
  -2.9010214549383805E-018
  -3.1173933430302490E-018
  -3.3496838517786354E-018
  -3.5990475762800020E-018
  -3.8667216231278421E-018
  -4.1540314164186845E-018
  -4.4623969057392471E-018
  -4.7933392034960575E-018
  -5.1484876807800273E-018
  -5.5295875529067856E-018
  -5.9385079878512928E-018
  -6.3772507730089731E-018
  -6.8479595780723587E-018
  -7.3529298543253980E-018
  -7.8946194133318999E-018
  -8.4756597308459945E-018
  -9.0988680248065512E-018
  -9.7672601595104236E-018
  -1.0484064431501891E-017
  -1.1252736296380528E-017
  -1.2076974099633131E-017
  -1.2960735878748980E-017
  -1.3908257308302277E-017
  -1.4924070864392622E-017
  -1.6013026289847291E-017
  -1.7180312446922704E-017
  -1.8431480649917783E-017
  -1.9772469576155726E-017
  -2.1209631860215547E-017
  -2.2749762483137084E-017
  -2.4400129075598663E-017
  -2.6168504261805911E-017
  -2.8063200179070523E-017
  -3.0093105316808907E-017
  -3.2267723828016373E-017
  -3.4597217476173195E-017
  -3.7092450391077361E-017
  -3.9765036818308323E-017
  -4.2627392058928661E-017
  -4.5692786808709109E-017
  -4.8975405119617596E-017
  -5.2490406220633800E-017
  -5.6253990450162599E-017
  -6.0283469568493769E-017
  -6.4597341735942486E-017
  -6.9215371460567598E-017
  -7.4158674838783441E-017
  -7.9449810432788517E-017
  -8.5112876150660858E-017
  -9.1173612518243629E-017
  -9.7659512756663002E-017
  -1.0459994010561574E-016
  -1.1202625286042190E-016
  -1.1997193762051697E-016
  -1.2847275127848011E-016
  -1.3756687231215822E-016
  -1.4729506197786692E-016
  -1.5770083604039650E-016
  -1.6883064771547428E-016
  -1.8073408254283405E-016
  -1.9346406595310465E-016
  -2.0707708433955302E-016
  -2.2163342049649558E-016
  -2.3719740434006905E-016
  -2.5383767988422532E-016
  -2.7162748950548060E-016
  -2.9064497659429599E-016
  -3.1097350775932783E-016
  -3.3270201582310949E-016
  -3.5592536492468069E-016
  -3.8074473912612389E-016
  -4.0726805600643699E-016
  -4.3561040681782481E-016
  -4.6589452487674821E-016
  -4.9825128396509498E-016
  -5.3282022862619884E-016
  -5.6975013835621574E-016
  -6.0919962781431994E-016
  -6.5133778530523726E-016
  -6.9634485192580501E-016
  -7.4441294391340974E-016
  -7.9574682088922111E-016
  -8.5056470285333662E-016
  -9.0909913896314201E-016
  -9.7159793131050073E-016
  -1.0383251171087681E-015
  -1.1095620129076786E-015
  -1.1856083246733367E-015
  -1.2667833278028635E-015
  -1.3534271213889662E-015
  -1.4459019613105247E-015
  -1.5445936770008501E-015
  -1.6499131770373828E-015
  -1.7622980490058943E-015
  -1.8822142594195975E-015
  -2.0101579598201700E-015
  -2.1466574055544467E-015
  -2.2922749941089374E-015
  -2.4476094302953851E-015
  -2.6132980260151776E-015
  -2.7900191427910767E-015
  -2.9784947857412910E-015
  -3.1794933581864550E-015
  -3.3938325866250693E-015
  -3.6223826263894253E-015
  -3.8660693589045225E-015
  -4.1258778921170521E-015
  -4.4028562763438670E-015
  -4.6981194485117997E-015
  -5.0128534185224379E-015
  -5.3483197122835134E-015
  -5.7058600868006854E-015
  -6.0869015336260616E-015
  -6.4929615879122254E-015
  -6.9256539613295187E-015
  -7.3866945181682832E-015
  -7.8779076150742577E-015
  -8.4012328260540749E-015
  -8.9587320756464265E-015
  -9.5525972044802459E-015
  -1.0185157992847574E-014
  -1.0858890669398340E-014
  -1.1576426933632271E-014
  -1.2340563522517890E-014
  -1.3154272353312710E-014
  -1.4020711276508119E-014
  -1.4943235474767554E-014
  -1.5925409545786400E-014
  -1.6971020309173889E-014
  -1.8084090379750451E-014
  -1.9268892552076116E-014
  -2.0529965043583106E-014
  -2.1872127646380239E-014
  -2.3300498840648811E-014
  -2.4820513925550732E-014
  -2.6437944226743539E-014
  -2.8158917442945603E-014
  -2.9989939197517863E-014
  -3.1937915864764171E-014
  -3.4010178744570806E-014
  -3.6214509663161859E-014
  -3.8559168082108960E-014
  -4.1052919802355631E-014
  -4.3705067354867635E-014
  -4.6525482174661817E-014
  -4.9524638660361937E-014
  -5.2713650227135379E-014
  -5.6104307466879466E-014
  -5.9709118535850191E-014
  -6.3541351896619712E-014
  -6.7615081548271130E-014
  -7.1945234886175921E-014
  -7.6547643340499227E-014
  -8.1439095950830038E-014
  -8.6637396043004934E-014
  -9.2161421183341799E-014
  -9.8031186595135966E-014
  -1.0426791223241502E-013
  -1.1089409371664084E-013
  -1.1793357735330438E-013
  -1.2541163945722354E-013
  -1.3335507022781282E-013
  -1.4179226242878698E-013
  -1.5075330514055405E-013
  -1.6027008286816198E-013
  -1.7037638030297852E-013
  -1.8110799305246193E-013
  -1.9250284466933180E-013
  -2.0460111032940021E-013
  -2.1744534752607254E-013
  -2.3108063416941646E-013
  -2.4555471449847037E-013
  -2.6091815323743689E-013
  -2.7722449844944563E-013
  -2.9453045356588804E-013
  -3.1289605909476097E-013
  -3.3238488453840880E-013
  -3.5306423107921006E-013
  -3.7500534562148626E-013
  -3.9828364680908943E-013
  -4.2297896367100809E-013
  -4.4917578758178945E-013
  -4.7696353825985247E-013
  -5.0643684456495981E-013
  -5.3769584089609627E-013
  -5.7084648003322502E-013
  -6.0600086331057171E-013
  -6.4327758905565832E-013
  -6.8280212027717038E-013
  -7.2470717263604285E-013
  -7.6913312378817633E-013
  -8.1622844524376122E-013
  -8.6615015794778153E-013
  -9.1906431284871155E-013
  -9.7514649778811454E-013
  -1.0345823721127594E-012
  -1.0975682304832875E-012
  -1.1643115974293347E-012
  -1.2350318542809817E-012
  -1.3099609001899485E-012
  -1.3893438490420550E-012
  -1.4734397641545279E-012
  -1.5625224327487377E-012
  -1.6568811822903939E-012
  -1.7568217408960599E-012
  -1.8626671441164022E-012
  -1.9747586905243004E-012
  -2.0934569486586977E-012
  -2.2191428180045160E-012
  -2.3522186468242144E-012
  -2.4931094097987013E-012
  -2.6422639485841588E-012
  -2.8001562785476956E-012
  -2.9672869651084573E-012
  -3.1441845732823585E-012
  -3.3314071942089964E-012
  -3.5295440526274377E-012
  -3.7392171994657135E-012
  -3.9610832939162702E-012
  -4.1958354795858383E-012
  -4.4442053595375248E-012
  -4.7069650752793868E-012
  -4.9849294950050432E-012
  -5.2789585166531667E-012
  -5.5899594916263475E-012
  -5.9188897752979275E-012
  -6.2667594107351604E-012
  -6.6346339523829646E-012
  -7.0236374367811965E-012
  -7.4349555077347848E-012
  -7.8698387037169118E-012
  -8.3296059156639175E-012
  -8.8156480237173555E-012
  -9.3294317218819144E-012
  -9.8725035400037079E-012
  -1.0446494072926392E-011
  -1.1053122427157678E-011
  -1.1694200895876817E-011
  -1.2371639873633332E-011
  -1.3087453022631469E-011
  -1.3843762703064799E-011
  -1.4642805680558675E-011
  -1.5486939124405043E-011
  -1.6378646910919993E-011
  -1.7320546246940849E-011
  -1.8315394629186537E-011
  -1.9366097155953856E-011
  -2.0475714208396382E-011
  -2.1647469519449854E-011
  -2.2884758649314993E-011
  -2.4191157887299610E-011
  -2.5570433600747267E-011
  -2.7026552052754690E-011
  -2.8563689711388917E-011
  -3.0186244074178770E-011
  -3.1898845032755855E-011
  -3.3706366803684161E-011
  -3.5613940452713700E-011
  -3.7626967040965497E-011
  -3.9751131422864221E-011
  -4.1992416727008459E-011
  -4.4357119552611812E-011
  -4.6851865915635658E-011
  -4.9483627980305173E-011
  -5.2259741613333856E-011
  -5.5187924799878084E-011
  -5.8276296962028370E-011
  -6.1533399222497791E-011
  -6.4968215658098943E-011
  -6.8590195589633633E-011
  -7.2409276956903155E-011
  -7.6435910829775815E-011
  -8.0681087108512642E-011
  -8.5156361468961343E-011
  -8.9873883610713257E-011
  -9.4846426868919725E-011
  -1.0008741925318153E-010
  -1.0561097597973385E-010
  -1.1143193356612319E-010
  -1.1756588556060916E-010
  -1.2402921998176144E-010
  -1.3083915854702343E-010
  -1.3801379777251140E-010
  -1.4557215202994280E-010
  -1.5353419865033311E-010
  -1.6192092516806687E-010
  -1.7075437880301821E-010
  -1.8005771828267531E-010
  -1.8985526811064927E-010
  -2.0017257539259746E-010
  -2.1103646933537635E-010
  -2.2247512354029018E-010
  -2.3451812121648963E-010
  -2.4719652344602610E-010
  -2.6054294063772537E-010
  -2.7459160731292432E-010
  -2.8937846037224860E-010
  -3.0494122099896606E-010
  -3.2131948036112689E-010
  -3.3855478928155427E-010
  -3.5669075205195517E-010
  -3.7577312457488453E-010
  -3.9584991702506456E-010
  -4.1697150122965234E-010
  -4.3919072297537788E-010
  -4.6256301945935735E-010
  -4.8714654210928049E-010
  -5.1300228500825778E-010
  -5.4019421916937041E-010
  -5.6878943291513368E-010
  -5.9885827862777501E-010
  -6.3047452614709860E-010
  -6.6371552310432597E-010
  -6.9866236249205376E-010
  -7.3540005778287939E-010
  -7.7401772592206131E-010
  -8.1460877853296384E-010
  -8.5727112168772380E-010
  -9.0210736461019605E-010
  -9.4922503769288188E-010
  -9.9873682022524946E-010
  -1.0507607782468301E-009
  -1.1054206129551951E-009
  -1.1628459201163448E-009
  -1.2231724609427173E-009
  -1.2865424449231587E-009
  -1.3531048251081544E-009
  -1.4230156063738904E-009
  -1.4964381672095031E-009
  -1.5735435955935684E-009
  -1.6545110395482525E-009
  -1.7395280729827070E-009
  -1.8287910774615942E-009
  -1.9225056405594916E-009
  -2.0208869714878154E-009
  -2.1241603347079835E-009
  -2.2325615022720704E-009
  -2.3463372256613821E-009
  -2.4657457279230470E-009
  -2.5910572169358359E-009
  -2.7225544206685709E-009
  -2.8605331453277510E-009
  -3.0053028573251091E-009
  -3.1571872900323197E-009
  -3.3165250763261364E-009
  -3.4836704079662377E-009
  -3.6589937228871238E-009
  -3.8428824215270841E-009
  -4.0357416133588619E-009
  -4.2379948948317752E-009
  -4.4500851599791582E-009
  -4.6724754449936454E-009
  -4.9056498081200130E-009
  -5.1501142462669560E-009
  -5.4063976497907257E-009
  -5.6750527969574418E-009
  -5.9566573896470413E-009
  -6.2518151319194640E-009
  -6.5611568531229496E-009
  -6.8853416772868651E-009
  -7.2250582406042636E-009
  -7.5810259588763273E-009
  -7.9539963468580166E-009
  -8.3447543915158127E-009
  -8.7541199812795862E-009
  -9.1829493934486839E-009
  -9.6321368419859827E-009
  -1.0102616088018398E-008
  -1.0595362115441437E-008
  -1.1111392874113034E-008
  -1.1651771093210823E-008
  -1.2217606167416370E-008
  -1.2810056118685145E-008
  -1.3430329636460504E-008
  -1.4079688199284470E-008
  -1.4759448280869652E-008
  -1.5470983643796670E-008
  -1.6215727724116949E-008
  -1.6995176110249783E-008
  -1.7810889119685386E-008
  -1.8664494477122763E-008
  -1.9557690097796614E-008
  -2.0492246979880101E-008
  -2.1470012209977026E-008
  -2.2492912085858830E-008
  -2.3562955360743172E-008
  -2.4682236613549779E-008
  -2.5852939749729991E-008
  -2.7077341637409661E-008
  -2.8357815883753604E-008
  -2.9696836756617578E-008
  -3.1096983256726113E-008
  -3.2560943345786776E-008
  -3.4091518336130762E-008
  -3.5691627447656625E-008
  -3.7364312538040367E-008
  -3.9112743012369773E-008
  -4.0940220918571251E-008
  -4.2850186235191128E-008
  -4.4846222358315161E-008
  -4.6932061794629450E-008
  -4.9111592067845935E-008
  -5.1388861845953321E-008
  -5.3768087296987440E-008
  -5.6253658681266362E-008
  -5.8850147188285092E-008
  -6.1562312026719759E-008
  -6.4395107776264621E-008
  -6.7353692010294471E-008
  -7.0443433198631330E-008
  -7.3669918899975436E-008
  -7.7038964253865668E-008
  -8.0556620782335111E-008
  -8.4229185511742991E-008
  -8.8063210425582129E-008
  -9.2065512259400216E-008
  -9.6243182649299679E-008
  -1.0060359864584426E-007
  -1.0515443360554077E-007
  -1.0990366847244028E-007
  -1.1485960346279723E-007
  -1.2003087016605351E-007
  -1.2542644407589322E-007
  -1.3105565756544053E-007
  -1.3692821332114791E-007
  -1.4305419825030219E-007
  -1.4944409787756036E-007
  -1.5610881124632858E-007
  -1.6305966634129463E-007
  -1.7030843604886746E-007
  -1.7786735467278043E-007
  -1.8574913502258589E-007
  -1.9396698609330410E-007
  -2.0253463135498086E-007
  -2.1146632767144002E-007
  -2.2077688486807951E-007
  -2.3048168596909948E-007
  -2.4059670812511624E-007
  -2.5113854425269372E-007
  -2.6212442540796133E-007
  -2.7357224391701049E-007
  -2.8550057728647579E-007
  -2.9792871291826869E-007
  -3.1087667365313084E-007
  -3.2436524416831714E-007
  -3.3841599825537289E-007
  -3.5305132700473343E-007
  -3.6829446792448281E-007
  -3.8416953502143495E-007
  -4.0070154987333823E-007
  -4.1791647372185407E-007
  -4.3584124061663195E-007
  -4.5450379164168944E-007
  -4.7393311025599841E-007
  -4.9415925878109819E-007
  -5.1521341606930595E-007
  -5.3712791638699152E-007
  -5.5993628954824182E-007
  -5.8367330233507654E-007
  -6.0837500124138356E-007
  -6.3407875657852224E-007
  -6.6082330798156152E-007
  -6.8864881135605813E-007
  -7.1759688730622544E-007
  -7.4771067108633448E-007
  -7.7903486411823322E-007
  -8.1161578711874457E-007
  -8.4550143488200642E-007
  -8.8074153276254182E-007
  -9.1738759490614589E-007
  -9.5549298427681054E-007
  -9.9511297452869749E-007
  -1.0363048137737016E-006
  -1.0791277902959209E-006
  -1.1236433002658251E-006
  -1.1699149175078185E-006
  -1.2180084653763218E-006
  -1.2679920907964673E-006
  -1.3199363405270169E-006
  -1.3739142397040123E-006
  -1.4300013727252969E-006
  -1.4882759665370372E-006
  -1.5488189763848265E-006
  -1.6117141740931970E-006
  -1.6770482389386858E-006
  -1.7449108511831081E-006
  -1.8153947883347652E-006
  -1.8885960242068675E-006
  -1.9646138308439351E-006
  -2.0435508833881232E-006
  -2.1255133679590655E-006
  -2.2106110926218629E-006
  -2.2989576015200928E-006
  -2.3906702922511297E-006
  -2.4858705365634180E-006
  -2.5846838044563438E-006
  -2.6872397917650473E-006
  -2.7936725513139296E-006
  -2.9041206277243324E-006
  -3.0187271959628974E-006
  -3.1376402037195067E-006
  -3.2610125177042619E-006
  -3.3890020739553387E-006
  -3.5217720322506155E-006
  -3.6594909347177814E-006
  -3.8023328687392008E-006
  -3.9504776342492476E-006
  -4.1041109155236494E-006
  -4.2634244575616030E-006
  -4.4286162471634253E-006
  -4.5998906988078489E-006
  -4.7774588454348109E-006
  -4.9615385342408132E-006
  -5.1523546275961823E-006
  -5.3501392091946203E-006
  -5.5551317955468324E-006
  -5.7675795529325714E-006
  -5.9877375199260083E-006
  -6.2158688356105564E-006
  -6.4522449736034248E-006
  -6.6971459820072082E-006
  -6.9508607294123627E-006
  -7.2136871570715878E-006
  -7.4859325373721248E-006
  -7.7679137387303892E-006
  -8.0599574970375407E-006
  -8.3624006937838177E-006
  -8.6755906409924079E-006
  -8.9998853730941716E-006
  -9.3356539458758299E-006
  -9.6832767426366094E-006
  -1.0043145787687739E-005
  -1.0415665067332912E-005
  -1.0801250858466307E-005
  -1.1200332064928273E-005
  -1.1613350561758616E-005
  -1.2040761547488863E-005
  -1.2483033904615557E-005
  -1.2940650568399087E-005
  -1.3414108904130511E-005
  -1.3903921093014282E-005
  -1.4410614526809631E-005
  -1.4934732211380998E-005
  -1.5476833179301348E-005
  -1.6037492911660424E-005
  -1.6617303769222731E-005
  -1.7216875433087566E-005
  -1.7836835354999126E-005
  -1.8477829217457346E-005
  -1.9140521403779456E-005
  -1.9825595478262441E-005
  -2.0533754676597281E-005
  -2.1265722406685626E-005
  -2.2022242760008917E-005
  -2.2804081033699628E-005
  -2.3612024263465183E-005
  -2.4446881767514971E-005
  -2.5309485701636135E-005
  -2.6200691625570786E-005
  -2.7121379080837816E-005
  -2.8072452180149500E-005
  -2.9054840208565818E-005
  -3.0069498236532011E-005
  -3.1117407744943983E-005
  -3.2199577262379006E-005
  -3.3317043014637052E-005
  -3.4470869586727597E-005
  -3.5662150597438903E-005
  -3.6892009386627833E-005
  -3.8161599715354901E-005
  -3.9472106479003848E-005
  -4.0824746433504850E-005
  -4.2220768934790880E-005
  -4.3661456691609017E-005
  -4.5148126531802589E-005
  -4.6682130182181663E-005
  -4.8264855062092925E-005
  -4.9897725090797402E-005
  -5.1582201508761373E-005
  -5.3319783712960619E-005
  -5.5112010106291004E-005
  -5.6960458961180703E-005
  -5.8866749297490498E-005
  -6.0832541774780315E-005
  -6.2859539599022761E-005
  -6.4949489443833164E-005
  -6.7104182386278159E-005
  -6.9325454857330855E-005
  -7.1615189607014400E-005
  -7.3975316684288516E-005
  -7.6407814431719807E-005
  -7.8914710494961052E-005
  -8.1498082847074752E-005
  -8.4160060827712381E-005
  -8.6902826197159558E-005
  -8.9728614205254208E-005
  -9.2639714675170191E-005
  -9.5638473102041600E-005
  -9.8727291766423879E-005
  -1.0190863086253494E-004
  -1.0518500964125266E-004
  -1.0855900756780019E-004
  -1.1203326549407295E-004
  -1.1561048684551547E-004
  -1.1929343882247449E-004
  -1.2308495361592868E-004
  -1.2698792963748790E-004
  -1.3100533276353860E-004
  -1.3514019759341273E-004
  -1.3939562872142172E-004
  -1.4377480202261165E-004
  -1.4828096595205701E-004
  -1.5291744285751921E-004
  -1.5768763030525793E-004
  -1.6259500241879758E-004
  -1.6764311123040212E-004
  -1.7283558804503257E-004
  -1.7817614481652268E-004
  -1.8366857553568750E-004
  -1.8931675763008554E-004
  -1.9512465337513148E-004
  -2.0109631131621792E-004
  -2.0723586770151416E-004
  -2.1354754792508941E-004
  -2.2003566797995744E-004
  -2.2670463592067903E-004
  -2.3355895333508435E-004
  -2.4060321682467539E-004
  -2.4784211949328708E-004
  -2.5528045244348365E-004
  -2.6292310628024408E-004
  -2.7077507262139111E-004
  -2.7884144561421881E-004
  -2.8712742345779723E-004
  -2.9563830993034780E-004
  -3.0437951592107699E-004
  -3.1335656096587254E-004
  -3.2257507478620145E-004
  -3.3204079883049760E-004
  -3.4175958781745483E-004
  -3.5173741128034330E-004
  -3.6198035511177590E-004
  -3.7249462310802732E-004
  -3.8328653851218850E-004
  -3.9436254555529022E-004
  -4.0572921099458521E-004
  -4.1739322564811446E-004
  -4.2936140592465322E-004
  -4.4164069534808828E-004
  -4.5423816607536032E-004
  -4.6716102040689032E-004
  -4.8041659228855680E-004
  -4.9401234880419261E-004
  -5.0795589165747359E-004
  -5.2225495864223178E-004
  -5.3691742509996449E-004
  -5.5195130536345074E-004
  -5.6736475418532324E-004
  -5.8316606815033475E-004
  -5.9936368707015923E-004
  -6.1596619535942657E-004
  -6.3298232339172966E-004
  -6.5042094883424563E-004
  -6.6829109795971174E-004
  -6.8660194693428837E-004
  -7.0536282307994433E-004
  -7.2458320610998650E-004
  -7.4427272933617981E-004
  -7.6444118084605442E-004
  -7.8509850464878145E-004
  -8.0625480178818127E-004
  -8.2792033142123432E-004
  -8.5010551186044225E-004
  -8.7282092157851799E-004
  -8.9607730017362847E-004
  -9.1988554929354907E-004
  -9.4425673351704006E-004
  -9.6920208119064748E-004
  -9.9473298521915031E-004
  -1.0208610038079373E-003
  -1.0475978611553473E-003
  -1.0749554480932522E-003
  -1.1029458226738953E-003
  -1.1315812107011236E-003
  -1.1608740062041408E-003
  -1.1908367718517037E-003
  -1.2214822393048271E-003
  -1.2528233095060793E-003
  -1.2848730529032575E-003
  -1.3176447096055726E-003
  -1.3511516894701575E-003
  -1.3854075721168502E-003
  -1.4204261068691396E-003
  -1.4562212126190827E-003
  -1.4928069776140843E-003
  -1.5301976591634106E-003
  -1.5684076832621319E-003
  -1.6074516441303671E-003
  -1.6473443036655916E-003
  -1.6881005908058319E-003
  -1.7297356008013308E-003
  -1.7722645943925252E-003
  -1.8157029968922413E-003
  -1.8600663971694092E-003
  -1.9053705465323860E-003
  -1.9516313575093536E-003
  -1.9988649025236291E-003
  -2.0470874124614712E-003
  -2.0963152751300629E-003
  -2.1465650336035137E-003
  -2.1978533844543512E-003
  -2.2501971758682403E-003
  -2.3036134056397413E-003
  -2.3581192190466086E-003
  -2.4137319066003661E-003
  -2.4704689016710095E-003
  -2.5283477779832987E-003
  -2.5873862469825721E-003
  -2.6476021550676681E-003
  -2.7090134806886717E-003
  -2.7716383313073842E-003
  -2.8354949402182184E-003
  -2.9006016632272071E-003
  -2.9669769751871477E-003
  -3.0346394663865487E-003
  -3.1036078387901619E-003
  -3.1739009021293841E-003
  -3.2455375698398942E-003
  -3.3185368548449600E-003
  -3.3929178651821829E-003
  -3.4686997994714960E-003
  -3.5459019422230684E-003
  -3.6245436589823045E-003
  -3.7046443913112087E-003
  -3.7862236516030996E-003
  -3.8693010177298999E-003
  -3.9538961275198360E-003
  -4.0400286730636883E-003
  -4.1277183948484619E-003
  -4.2169850757165939E-003
  -4.3078485346492801E-003
  -4.4003286203726337E-003
  -4.4944452047849196E-003
  -4.5902181762040011E-003
  -4.6876674324335529E-003
  -4.7868128736470242E-003
  -4.8876743950879110E-003
  -4.9902718795859840E-003
  -5.0946251898876570E-003
  -5.2007541608007921E-003
  -5.3086785911518565E-003
  -5.4184182355560776E-003
  -5.5299927959992562E-003
  -5.6434219132305251E-003
  -5.7587251579666919E-003
  -5.8759220219069333E-003
  -5.9950319085578761E-003
  -6.1160741238696524E-003
  -6.2390678666816744E-003
  -6.3640322189797878E-003
  -6.4909861359637956E-003
  -6.6199484359266642E-003
  -6.7509377899450645E-003
  -6.8839727113826779E-003
  -7.0190715452062525E-003
  -7.1562524571161246E-003
  -7.2955334224913257E-003
  -7.4369322151509919E-003
  -7.5804663959332646E-003
  -7.7261533010926598E-003
  -7.8740100305183594E-003
  -8.0240534357737779E-003
  -8.1763001079607697E-003
  -8.3307663654090015E-003
  -8.4874682411940332E-003
  -8.6464214704846734E-003
  -8.8076414777238723E-003
  -8.9711433636441330E-003
  -9.1369418921217211E-003
  -9.3050514768712525E-003
  -9.4754861679840364E-003
  -9.6482596383144562E-003
  -9.8233851697160906E-003
  -1.0000875639132252E-002
  -1.0180743504544653E-002
  -1.0363000790783852E-002
  -1.0547659075204977E-002
  -1.0734729473234374E-002
  -1.0924222623790293E-002
  -1.1116148674582731E-002
  -1.1310517267297331E-002
  -1.1507337522668037E-002
  -1.1706618025443828E-002
  -1.1908366809254483E-002
  -1.2112591341382083E-002
  -1.2319298507441286E-002
  -1.2528494595977432E-002
  -1.2740185282986583E-002
  -1.2954375616363678E-002
  -1.3171070000286427E-002
  -1.3390272179540259E-002
  -1.3611985223791740E-002
  -1.3836211511817114E-002
  -1.4062952715694244E-002
  -1.4292209784962732E-002
  -1.4523982930762569E-002
  -1.4758271609956689E-002
  -1.4995074509247404E-002
  -1.5234389529292500E-002
  -1.5476213768831225E-002
  -1.5720543508827230E-002
  -1.5967374196637442E-002
  -1.6216700430215631E-002
  -1.6468515942359752E-002
  -1.6722813585011344E-002
  -1.6979585313617804E-002
  -1.7238822171564798E-002
  -1.7500514274690369E-002
  -1.7764650795888539E-002
  -1.8031219949814926E-002
  -1.8300208977700926E-002
  -1.8571604132289685E-002
  -1.8845390662902309E-002
  -1.9121552800645720E-002
  -1.9400073743772339E-002
  -1.9680935643203040E-002
  -1.9964119588221672E-002
  -2.0249605592357105E-002
  -2.0537372579457557E-002
  -2.0827398369974721E-002
  -2.1119659667463726E-002
  -2.1414132045313911E-002
  -2.1710789933720526E-002
  -2.2009606606908785E-002
  -2.2310554170622467E-002
  -2.2613603549889807E-002
  -2.2918724477075436E-002
  -2.3225885480234642E-002
  -2.3535053871778424E-002
  -2.3846195737463521E-002
  -2.4159275925717420E-002
  -2.4474258037314425E-002
  -2.4791104415409618E-002
  -2.5109776135947569E-002
  -2.5430232998456630E-002
  -2.5752433517239218E-002
  -2.6076334912974248E-002
  -2.6401893104738498E-002
  -2.6729062702465899E-002
  -2.7057796999852168E-002
  -2.7388047967717870E-002
  -2.7719766247844502E-002
  -2.8052901147291226E-002
  -2.8387400633211223E-002
  -2.8723211328171499E-002
  -2.9060278505995681E-002
  -2.9398546088137242E-002
  -2.9737956640595732E-002
  -3.0078451371389949E-002
  -3.0419970128596596E-002
  -3.0762451398968851E-002
  -3.1105832307142783E-002
  -3.1450048615448860E-002
  -3.1795034724331442E-002
  -3.2140723673395828E-002
  -3.2487047143085354E-002
  -3.2833935457007732E-002
  -3.3181317584915312E-002
  -3.3529121146349768E-002
  -3.3877272414965076E-002
  -3.4225696323533152E-002
  -3.4574316469650229E-002
  -3.4923055122142492E-002
  -3.5271833228189248E-002
  -3.5620570421168243E-002
  -3.5969185029232499E-002
  -3.6317594084627876E-002
  -3.6665713333758482E-002
  -3.7013457248009057E-002
  -3.7360739035329889E-002
  -3.7707470652593708E-002
  -3.8053562818728286E-002
  -3.8398925028636954E-002
  -3.8743465567904416E-002
  -3.9087091528305314E-002
  -3.9429708824109642E-002
  -3.9771222209196315E-002
  -4.0111535294980669E-002
  -4.0450550569154323E-002
  -4.0788169415247363E-002
  -4.1124292133014530E-002
  -4.1458817959646295E-002
  -4.1791645091809701E-002
  -4.2122670708520778E-002
  -4.2451790994849636E-002
  -4.2778901166461929E-002
  -4.3103895494992842E-002
  -4.3426667334258665E-002
  -4.3747109147304536E-002
  -4.4065112534285467E-002
  -4.4380568261182293E-002
  -4.4693366289349216E-002
  -4.5003395805892896E-002
  -4.5310545254877578E-002
  -4.5614702369356601E-002
  -4.5915754204221726E-002
  -4.6213587169871992E-002
  -4.6508087066691982E-002
  -4.6799139120336453E-002
  -4.7086628017818925E-002
  -4.7370437944389401E-002
  -4.7650452621202884E-002
  -4.7926555343765088E-002
  -4.8198629021150838E-002
  -4.8466556215983676E-002
  -4.8730219185170377E-002
  -4.8989499921376967E-002
  -4.9244280195240103E-002
  -4.9494441598298064E-002
  -4.9739865586634874E-002
  -4.9980433525217173E-002
  -5.0216026732922206E-002
  -5.0446526528234545E-002
  -5.0671814275599671E-002
  -5.0891771432423780E-002
  -5.1106279596697654E-002
  -5.1315220555235318E-002
  -5.1518476332509333E-002
  -5.1715929240063754E-002
  -5.1907461926488943E-002
  -5.2092957427937583E-002
  -5.2272299219166631E-002
  -5.2445371265085923E-002
  -5.2612058072791457E-002
  -5.2772244744061433E-002
  -5.2925817028302312E-002
  -5.3072661375910067E-002
  -5.3212664992039138E-002
  -5.3345715890743904E-002
  -5.3471702949479005E-002
  -5.3590515963928283E-002
  -5.3702045703144054E-002
  -5.3806183964966676E-002
  -5.3902823631701069E-002
  -5.3991858726027304E-002
  -5.4073184467114517E-002
  -5.4146697326916036E-002
  -5.4212295086613495E-002
  -5.4269876893190704E-002
  -5.4319343316098972E-002
  -5.4360596403995355E-002
  -5.4393539741516533E-002
  -5.4418078506065996E-002
  -5.4434119524581596E-002
  -5.4441571330251022E-002
  -5.4440344219155841E-002
  -5.4430350306794599E-002
  -5.4411503584480179E-002
  -5.4383719975549479E-002
  -5.4346917391383420E-002
  -5.4301015787185089E-002
  -5.4245937217488958E-002
  -5.4181605891378049E-002
  -5.4107948227364373E-002
  -5.4024892907907567E-002
  -5.3932370933534951E-002
  -5.3830315676531716E-002
  -5.3718662934171220E-002
  -5.3597350981443463E-002
  -5.3466320623259442E-002
  -5.3325515246084830E-002
  -5.3174880868987535E-002
  -5.3014366194045232E-002
  -5.2843922656098767E-002
  -5.2663504471796393E-002
  -5.2473068687917748E-002
  -5.2272575228929100E-002
  -5.2061986943741409E-002
  -5.1841269651638412E-002
  -5.1610392187338969E-002
  -5.1369326445164842E-002
  -5.1118047422276165E-002
  -5.0856533260944657E-002
  -5.0584765289832620E-002
  -5.0302728064244129E-002
  -5.0010409405313996E-002
  -4.9707800438112029E-002
  -4.9394895628616674E-002
  -4.9071692819541456E-002
  -4.8738193264972085E-002
  -4.8394401663793093E-002
  -4.8040326191865594E-002
  -4.7675978532934059E-002
  -4.7301373908225738E-002
  -4.6916531104722742E-002
  -4.6521472502066778E-002
  -4.6116224098084600E-002
  -4.5700815532891743E-002
  -4.5275280111556515E-002
  -4.4839654825296303E-002
  -4.4393980371181724E-002
  -4.3938301170320659E-002
  -4.3472665384506094E-002
  -4.2997124931288835E-002
  -4.2511735497473002E-002
  -4.2016556550991062E-002
  -4.1511651351162068E-002
  -4.0997086957279834E-002
  -4.0472934235544739E-002
  -3.9939267864296531E-002
  -3.9396166337541942E-002
  -3.8843711966756435E-002
  -3.8281990880942293E-002
  -3.7711093024929032E-002
  -3.7131112155904158E-002
  -3.6542145838153080E-002
  -3.5944295436003783E-002
  -3.5337666104958386E-002
  -3.4722366781003745E-002
  -3.4098510168090818E-002
  -3.3466212723770497E-002
  -3.2825594642986337E-002
  -3.2176779840002778E-002
  -3.1519895928480916E-002
  -3.0855074199682628E-002
  -3.0182449598805686E-002
  -2.9502160699447243E-002
  -2.8814349676186939E-002
  -2.8119162275303498E-002
  -2.7416747783612871E-002
  -2.6707258995431211E-002
  -2.5990852177666512E-002
  -2.5267687033049917E-002
  -2.4537926661498122E-002
  -2.3801737519628434E-002
  -2.3059289378415934E-002
  -2.2310755279019344E-002
  -2.1556311486774581E-002
  -2.0796137443364261E-002
  -2.0030415717185016E-002
  -1.9259331951916168E-002
  -1.8483074813308388E-002
  -1.7701835934208689E-002
  -1.6915809857834186E-002
  -1.6125193979315642E-002
  -1.5330188485529162E-002
  -1.4530996293229601E-002
  -1.3727822985519814E-002
  -1.2920876746663085E-002
  -1.2110368295271561E-002
  -1.1296510815892041E-002
  -1.0479519889014792E-002
  -9.6596134195312405E-003
  -8.8370115636659911E-003
  -8.0119366544193216E-003
  -7.1846131255433781E-003
  -6.3552674340805982E-003
  -5.5241279815027048E-003
  -4.6914250334802133E-003
  -3.8573906383162220E-003
  -3.0222585440782455E-003
  -2.1862641144681852E-003
  -1.3496442434577714E-003
  -5.1263726873801180E-004
   3.2451711598499951E-004
   1.1615779498073849E-003
   1.9983030945163152E-003
   2.8344493255114231E-003
   3.6697724237145374E-003
   4.5040272684280505E-003
   5.3369679310922898E-003
   6.1683477699032204E-003
   6.9979195252468148E-003
   7.8254354158927928E-003
   8.6506472359188773E-003
   9.4733064523009822E-003
   1.0293164303136332E-002
   1.1109971896438545E-002
   1.1923480309460692E-002
   1.2733440688503940E-002
   1.3539604349150261E-002
   1.4341722876875157E-002
   1.5139548227985730E-002
   1.5932832830837042E-002
   1.6721329687272430E-002
   1.7504792474235791E-002
   1.8282975645502429E-002
   1.9055634533478461E-002
   1.9822525451010230E-002
   2.0583405793159527E-002
   2.1338034138879240E-002
   2.2086170352546876E-002
   2.2827575685298793E-002
   2.3562012876102413E-002
   2.4289246252527014E-002
   2.5009041831149884E-002
   2.5721167417545484E-002
   2.6425392705804577E-002
   2.7121489377528240E-002
   2.7809231200245216E-002
   2.8488394125199028E-002
   2.9158756384444706E-002
   2.9820098587215384E-002
   3.0472203815489225E-002
   3.1114857718721422E-002
   3.1747848607672283E-002
   3.2370967547292372E-002
   3.2984008448607195E-002
   3.3586768159549835E-002
   3.4179046554694538E-002
   3.4760646623835906E-002
   3.5331374559371645E-002
   3.5891039842430229E-002
   3.6439455327704331E-002
   3.6976437326935986E-002
   3.7501805691004919E-002
   3.8015383890585536E-002
   3.8516999095310180E-002
   3.9006482251404330E-002
   3.9483668157750403E-002
   3.9948395540327461E-002
   4.0400507124995724E-002
   4.0839849708577534E-002
   4.1266274228189702E-002
   4.1679635828805545E-002
   4.2079793928981875E-002
   4.2466612284736374E-002
   4.2839959051522873E-002
   4.3199706844280844E-002
   4.3545732795514186E-002
   4.3877918611372191E-002
   4.4196150625695797E-002
   4.4500319852002743E-002
   4.4790322033379786E-002
   4.5066057690249274E-002
   4.5327432165985018E-002
   4.5574355670355261E-002
   4.5806743320759957E-002
   4.6024515181243071E-002
   4.6227596299256893E-002
   4.6415916740153197E-002
   4.6589411619387240E-002
   4.6748021132412096E-002
   4.6891690582242677E-002
   4.7020370404681593E-002
   4.7134016191184638E-002
   4.7232588709355663E-002
   4.7316053921059788E-002
   4.7384382998142023E-002
   4.7437552335744142E-002
   4.7475543563210647E-002
   4.7498343552576927E-002
   4.7505944424636362E-002
   4.7498343552581430E-002
   4.7475543563219244E-002
   4.7437552335756319E-002
   4.7384382998159259E-002
   4.7316053921083449E-002
   4.7232588709386222E-002
   4.7134016191222816E-002
   4.7020370404727715E-002
   4.6891690582295802E-002
   4.6748021132474324E-002
   4.6589411619457621E-002
   4.6415916740233543E-002
   4.6227596299345933E-002
   4.6024515181341312E-002
   4.5806743320866365E-002
   4.5574355670470593E-002
   4.5327432166107906E-002
   4.5066057690379427E-002
   4.4790322033517418E-002
   4.4500319852146905E-002
   4.4196150625845837E-002
   4.3877918611529822E-002
   4.3545732795678672E-002
   4.3199706844452256E-002
   4.2839959051700599E-002
   4.2466612284920421E-002
   4.2079793929172389E-002
   4.1679635829001277E-002
   4.1266274228389424E-002
   4.0839849708779581E-002
   4.0400507125200685E-002
   3.9948395540534587E-002
   3.9483668157960172E-002
   3.9006482251617881E-002
   3.8516999095527464E-002
   3.8015383890807698E-002
   3.7501805691232314E-002
   3.6976437327168002E-002
   3.6439455327941787E-002
   3.5891039842671807E-002
   3.5331374559618101E-002
   3.4760646624088232E-002
   3.4179046554952568E-002
   3.3586768159814061E-002
   3.2984008448877271E-002
   3.2370967547569435E-002
   3.1747848607955667E-002
   3.1114857719011318E-002
   3.0472203815785980E-002
   2.9820098587518815E-002
   2.9158756384755239E-002
   2.8488394125516875E-002
   2.7809231200570349E-002
   2.7121489377859867E-002
   2.6425392706143636E-002
   2.5721167417891592E-002
   2.5009041831501773E-002
   2.4289246252884356E-002
   2.3562012876465619E-002
   2.2827575685668615E-002
   2.2086170352923120E-002
   2.1338034139261084E-002
   2.0583405793547404E-002
   1.9822525451405500E-002
   1.9055634533880327E-002
   1.8282975645911814E-002
   1.7504792474653180E-002
   1.6721329687697132E-002
   1.5932832831269384E-002
   1.5139548228426596E-002
   1.4341722877324534E-002
   1.3539604349606651E-002
   1.2733440688966483E-002
   1.1923480309929527E-002
   1.1109971896914244E-002
   1.0293164303618296E-002
   9.4733064527873900E-003
   8.6506472364086505E-003
   7.8254354163877597E-003
   6.9979195257469260E-003
   6.1683477704091343E-003
   5.3369679316033862E-003
   4.5040272689440258E-003
   3.6697724242350563E-003
   2.8344493260359263E-003
   1.9983030950455963E-003
   1.1615779503410723E-003
   3.2451711652324328E-004
  -5.1263726819513985E-004
  -1.3496442429114248E-003
  -2.1862641139186339E-003
  -3.0222585435259498E-003
  -3.8573906377603966E-003
  -4.6914250329218561E-003
  -5.5241279809410569E-003
  -6.3552674335158182E-003
  -7.1846131249751876E-003
  -8.0119366538474041E-003
  -8.8370115630907204E-003
  -9.6596134189531006E-003
  -1.0479519888434706E-002
  -1.1296510815309560E-002
  -1.2110368294686943E-002
  -1.2920876746076757E-002
  -1.3727822984931986E-002
  -1.4530996292639528E-002
  -1.5330188484938350E-002
  -1.6125193978723629E-002
  -1.6915809857240463E-002
  -1.7701835933614258E-002
  -1.8483074812714339E-002
  -1.9259331951321776E-002
  -2.0030415716590838E-002
  -2.0796137442769889E-002
  -2.1556311486179845E-002
  -2.2310755278425461E-002
  -2.3059289377823540E-002
  -2.3801737519038815E-002
  -2.4537926660911983E-002
  -2.5267687032465541E-002
  -2.5990852177084675E-002
  -2.6707258994850717E-002
  -2.7416747783033876E-002
  -2.8119162274724753E-002
  -2.8814349675609949E-002
  -2.9502160698872473E-002
  -3.0182449598234729E-002
  -3.0855074199113659E-002
  -3.1519895927914141E-002
  -3.2176779839436918E-002
  -3.2825594642421983E-002
  -3.3466212723206823E-002
  -3.4098510167527060E-002
  -3.4722366780440411E-002
  -3.5337666104395191E-002
  -3.5944295435441469E-002
  -3.6542145837591862E-002
  -3.7131112155345258E-002
  -3.7711093024371992E-002
  -3.8281990880387085E-002
  -3.8843711966202690E-002
  -3.9396166336988718E-002
  -3.9939267863742516E-002
  -4.0472934234990106E-002
  -4.0997086956724237E-002
  -4.1511651350604500E-002
  -4.2016556550432113E-002
  -4.2511735496912686E-002
  -4.2997124930729352E-002
  -4.3472665383945841E-002
  -4.3938301169759518E-002
  -4.4393980370618487E-002
  -4.4839654824731789E-002
  -4.5275280110990544E-002
  -4.5700815532324100E-002
  -4.6116224097514549E-002
  -4.6521472501494902E-002
  -4.6916531104148729E-002
  -4.7301373907649720E-002
  -4.7675978532355244E-002
  -4.8040326191284108E-002
  -4.8394401663209761E-002
  -4.8738193264387955E-002
  -4.9071692818956417E-002
  -4.9394895628032266E-002
  -4.9707800437528434E-002
  -5.0010409404731927E-002
  -5.0302728063663357E-002
  -5.0584765289253861E-002
  -5.0856533260367882E-002
  -5.1118047421701146E-002
  -5.1369326444591856E-002
  -5.1610392186767697E-002
  -5.1841269651069152E-002
  -5.2061986943174217E-002
  -5.2272575228363885E-002
  -5.2473068687355406E-002
  -5.2663504471237632E-002
  -5.2843922655543843E-002
  -5.3014366193493798E-002
  -5.3174880868438856E-002
  -5.3325515245539967E-002
  -5.3466320622719915E-002
  -5.3597350980909071E-002
  -5.3718662933641088E-002
  -5.3830315676006484E-002
  -5.3932370933015082E-002
  -5.4024892907392937E-002
  -5.4107948226855170E-002
  -5.4181605890873473E-002
  -5.4245937216988574E-002
  -5.4301015786687445E-002
  -5.4346917390888747E-002
  -5.4383719975056803E-002
  -5.4411503583990932E-002
  -5.4430350306310292E-002
  -5.4440344218674136E-002
  -5.4441571329773515E-002
  -5.4434119524107517E-002
  -5.4418078505596428E-002
  -5.4393539741051572E-002
  -5.4360596403536160E-002
  -5.4319343315647119E-002
  -5.4269876892747593E-002
  -5.4212295086181014E-002
  -5.4146697326495435E-002
  -5.4073184466706593E-002
  -5.3991858725632204E-002
  -5.3902823631318299E-002
  -5.3806183964595820E-002
  -5.3702045702784501E-002
  -5.3590515963582205E-002
  -5.3471702949146271E-002
  -5.3345715890424764E-002
  -5.3212664991733424E-002
  -5.3072661375616947E-002
  -5.2925817028021648E-002
  -5.2772244743792766E-002
  -5.2612058072534301E-002
  -5.2445371264840786E-002
  -5.2272299218932949E-002
  -5.2092957427714227E-002
  -5.1907461926276273E-002
  -5.1715929239861118E-002
  -5.1518476332318056E-002
  -5.1315220555054532E-002
  -5.1106279596527845E-002
  -5.0891771432265323E-002
  -5.0671814275451185E-002
  -5.0446526528094990E-002
  -5.0216026732791748E-002
  -4.9980433525095402E-002
  -4.9739865586521041E-002
  -4.9494441598191781E-002
  -4.9244280195139656E-002
  -4.8989499921281703E-002
  -4.8730219185079415E-002
  -4.8466556215896524E-002
  -4.8198629021066287E-002
  -4.7926555343683508E-002
  -4.7650452621122427E-002
  -4.7370437944310201E-002
  -4.7086628017740141E-002
  -4.6799139120258605E-002
  -4.6508087066615800E-002
  -4.6213587169797857E-002
  -4.5915754204148784E-002
  -4.5614702369285332E-002
  -4.5310545254807495E-002
  -4.5003395805824124E-002
  -4.4693366289283214E-002
  -4.4380568261118337E-002
  -4.4065112534223898E-002
  -4.3747109147245840E-002
  -4.3426667334203903E-002
  -4.3103895494941903E-002
  -4.2778901166417159E-002
  -4.2451790994810765E-002
  -4.2122670708488949E-002
  -4.1791645091784346E-002
  -4.1458817959626644E-002
  -4.1124292133000589E-002
  -4.0788169415239141E-002
  -4.0450550569152248E-002
  -4.0111535294984312E-002
  -3.9771222209205190E-002
  -3.9429708824122583E-002
  -3.9087091528323153E-002
  -3.8743465567926252E-002
  -3.8398925028662385E-002
  -3.8053562818756881E-002
  -3.7707470652624440E-002
  -3.7360739035363175E-002
  -3.7013457248043453E-002
  -3.6665713333794314E-002
  -3.6317594084665006E-002
  -3.5969185029271010E-002
  -3.5620570421207608E-002
  -3.5271833228229056E-002
  -3.4923055122183702E-002
  -3.4574316469692647E-002
  -3.4225696323577734E-002
  -3.3877272415010679E-002
  -3.3529121146397486E-002
  -3.3181317584964398E-002
  -3.2833935457058233E-002
  -3.2487047143136695E-002
  -3.2140723673447856E-002
  -3.1795034724385114E-002
  -3.1450048615503233E-002
  -3.1105832307198697E-002
  -3.0762451399025753E-002
  -3.0419970128655525E-002
  -3.0078451371449714E-002
  -2.9737956640655934E-002
  -2.9398546088197756E-002
  -2.9060278506056324E-002
  -2.8723211328232301E-002
  -2.8387400633271592E-002
  -2.8052901147349475E-002
  -2.7719766247901224E-002
  -2.7388047967772177E-002
  -2.7057796999904016E-002
  -2.6729062702515672E-002
  -2.6401893104787910E-002
  -2.6076334913023337E-002
  -2.5752433517287197E-002
  -2.5430232998502920E-002
  -2.5109776135991323E-002
  -2.4791104415451123E-002
  -2.4474258037353477E-002
  -2.4159275925754582E-002
  -2.3846195737498223E-002
  -2.3535053871811748E-002
  -2.3225885480265003E-002
  -2.2918724477103053E-002
  -2.2613603549914551E-002
  -2.2310554170644318E-002
  -2.2009606606928168E-002
  -2.1710789933739316E-002
  -2.1414132045332303E-002
  -2.1119659667482173E-002
  -2.0827398369993318E-002
  -2.0537372579475424E-002
  -2.0249605592373824E-002
  -1.9964119588238381E-002
  -1.9680935643218621E-002
  -1.9400073743787338E-002
  -1.9121552800659771E-002
  -1.8845390662916565E-002
  -1.8571604132303503E-002
  -1.8300208977714148E-002
  -1.8031219949828550E-002
  -1.7764650795901768E-002
  -1.7500514274703758E-002
  -1.7238822171578381E-002
  -1.6979585313630790E-002
  -1.6722813585024449E-002
  -1.6468515942372922E-002
  -1.6216700430228884E-002
  -1.5967374196650338E-002
  -1.5720543508839967E-002
  -1.5476213768843745E-002
  -1.5234389529305156E-002
  -1.4995074509259462E-002
  -1.4758271609968321E-002
  -1.4523982930773132E-002
  -1.4292209784973073E-002
  -1.4062952715703644E-002
  -1.3836211511825269E-002
  -1.3611985223798537E-002
  -1.3390272179546012E-002
  -1.3171070000292096E-002
  -1.2954375616369333E-002
  -1.2740185282992379E-002
  -1.2528494595983524E-002
  -1.2319298507447762E-002
  -1.2112591341389058E-002
  -1.1908366809261679E-002
  -1.1706618025451738E-002
  -1.1507337522676393E-002
  -1.1310517267305831E-002
  -1.1116148674591741E-002
  -1.0924222623800208E-002
  -1.0734729473245072E-002
  -1.0547659075215814E-002
  -1.0363000790795435E-002
  -1.0180743504556363E-002
  -1.0000875639144553E-002
  -9.8233851697292051E-003
  -9.6482596383276140E-003
  -9.4754861679974007E-003
  -9.3050514768844225E-003
  -9.1369418921352762E-003
  -8.9711433636579987E-003
  -8.8076414777376686E-003
  -8.6464214704983014E-003
  -8.4874682412072883E-003
  -8.3307663654212313E-003
  -8.1763001079720211E-003
  -8.0240534357848194E-003
  -7.8740100305302041E-003
  -7.7261533011045462E-003
  -7.5804663959443122E-003
  -7.4369322151613048E-003
  -7.2955334225013628E-003
  -7.1562524571267437E-003
  -7.0190715452170017E-003
  -6.8839727113936535E-003
  -6.7509377899572752E-003
  -6.6199484359393190E-003
  -6.4909861359768485E-003
  -6.3640322189934167E-003
  -6.2390678666958410E-003
  -6.1160741238841139E-003
  -5.9950319085719222E-003
  -5.8759220219206836E-003
  -5.7587251579796972E-003
  -5.6434219132428780E-003
  -5.5299927960107895E-003
  -5.4184182355669890E-003
  -5.3086785911630116E-003
  -5.2007541608116098E-003
  -5.0946251898982536E-003
  -4.9902718795959240E-003
  -4.8876743950977252E-003
  -4.7868128736570916E-003
  -4.6876674324434894E-003
  -4.5902181762132446E-003
  -4.4944452047939081E-003
  -4.4003286203814834E-003
  -4.3078485346579277E-003
  -4.2169850757247922E-003
  -4.1277183948562205E-003
  -4.0400286730711867E-003
  -3.9538961275270446E-003
  -3.8693010177363639E-003
  -3.7862236516094192E-003
  -3.7046443913174671E-003
  -3.6245436589877797E-003
  -3.5459019422277131E-003
  -3.4686997994760340E-003
  -3.3929178651861381E-003
  -3.3185368548486207E-003
  -3.2455375698433727E-003
  -3.1739009021321614E-003
  -3.1036078387926824E-003
  -3.0346394663891547E-003
  -2.9669769751890910E-003
  -2.9006016632287753E-003
  -2.8354949402197359E-003
  -2.7716383313089012E-003
  -2.7090134806897143E-003
  -2.6476021550686699E-003
  -2.5873862469839378E-003
  -2.5283477779844527E-003
  -2.4704689016724875E-003
  -2.4137319066016905E-003
  -2.3581192190478841E-003
  -2.3036134056411139E-003
  -2.2501971758702231E-003
  -2.1978533844566168E-003
  -2.1465650336061669E-003
  -2.0963152751323770E-003
  -2.0470874124640208E-003
  -1.9988649025264138E-003
  -1.9516313575117295E-003
  -1.9053705465342209E-003
  -1.8600663971708488E-003
  -1.8157029968930835E-003
  -1.7722645943935359E-003
  -1.7297356008021177E-003
  -1.6881005908067929E-003
  -1.6473443036669911E-003
  -1.6074516441312093E-003
  -1.5684076832623722E-003
  -1.5301976591640715E-003
  -1.4928069776145496E-003
  -1.4562212126197466E-003
  -1.4204261068695154E-003
  -1.3854075721169829E-003
  -1.3511516894707026E-003
  -1.3176447096061564E-003
  -1.2848730529036393E-003
  -1.2528233095065512E-003
  -1.2214822393054711E-003
  -1.1908367718524314E-003
  -1.1608740062048018E-003
  -1.1315812107016469E-003
  -1.1029458226742821E-003
  -1.0749554480938312E-003
  -1.0475978611566238E-003
  -1.0208610038086518E-003
  -9.9473298521957619E-004
  -9.6920208119135112E-004
  -9.4425673351763724E-004
  -9.1988554929438510E-004
  -8.9607730017377408E-004
  -8.7282092157856569E-004
  -8.5010551186026043E-004
  -8.2792033142095015E-004
  -8.0625480178805062E-004
  -7.8509850464861437E-004
  -7.6444118084518316E-004
  -7.4427272933530811E-004
  -7.2458320610928513E-004
  -7.0536282307948419E-004
  -6.8660194693318151E-004
  -6.6829109795840062E-004
  -6.5042094883299728E-004
  -6.3298232339063451E-004
  -6.1596619535834085E-004
  -5.9936368706956108E-004
  -5.8316606814990616E-004
  -5.6736475418482266E-004
  -5.5195130536325157E-004
  -5.3691742509988057E-004
  -5.2225495864321374E-004
  -5.0795589165836177E-004
  -4.9401234880495318E-004
  -4.8041659228939375E-004
  -4.6716102040751488E-004
  -4.5423816607513458E-004
  -4.4164069534755247E-004
  -4.2936140592437914E-004
  -4.1739322564802837E-004
  -4.0572921099474849E-004
  -3.9436254555537138E-004
  -3.8328653851229096E-004
  -3.7249462310816648E-004
  -3.6198035511154810E-004
  -3.5173741128074120E-004
  -3.4175958781771678E-004
  -3.3204079883029924E-004
  -3.2257507478609520E-004
  -3.1335656096580428E-004
  -3.0437951592102733E-004
  -2.9563830993049309E-004
  -2.8712742345739976E-004
  -2.7884144561383603E-004
  -2.7077507262132785E-004
  -2.6292310628057926E-004
  -2.5528045244328502E-004
  -2.4784211949290062E-004
  -2.4060321682470103E-004
  -2.3355895333491617E-004
  -2.2670463592015563E-004
  -2.2003566797991012E-004
  -2.1354754792543749E-004
  -2.0723586770196684E-004
  -2.0109631131662604E-004
  -1.9512465337565428E-004
  -1.8931675763056058E-004
  -1.8366857553599666E-004
  -1.7817614481681807E-004
  -1.7283558804526473E-004
  -1.6764311123103649E-004
  -1.6259500241901922E-004
  -1.5768763030519090E-004
  -1.5291744285730551E-004
  -1.4828096595239141E-004
  -1.4377480202285012E-004
  -1.3939562872165463E-004
  -1.3514019759345382E-004
  -1.3100533276406428E-004
  -1.2698792963809904E-004
  -1.2308495361668215E-004
  -1.1929343882283091E-004
  -1.1561048684612461E-004
  -1.1203326549434480E-004
  -1.0855900756811778E-004
  -1.0518500964167162E-004
  -1.0190863086277616E-004
  -9.8727291766459360E-005
  -9.5638473101882101E-005
  -9.2639714675088036E-005
  -8.9728614205585147E-005
  -8.6902826197773921E-005
  -8.4160060827970015E-005
  -8.1498082847378478E-005
  -7.8914710494861753E-005
  -7.6407814431892900E-005
  -7.3975316684337414E-005
  -7.1615189607368500E-005
  -6.9325454858134357E-005
  -6.7104182386666154E-005
  -6.4949489443892958E-005
  -6.2859539599029090E-005
  -6.0832541774688761E-005
  -5.8866749296899750E-005
  -5.6960458960909666E-005
  -5.5112010106688229E-005
  -5.3319783713449107E-005
  -5.1582201509125787E-005
  -4.9897725091542710E-005
  -4.8264855062480765E-005
  -4.6682130182740250E-005
  -4.5148126531653253E-005
  -4.3661456691391295E-005
  -4.2220768935087924E-005
  -4.0824746433762335E-005
  -3.9472106478830355E-005
  -3.8161599715002542E-005
  -3.6892009386604624E-005
  -3.5662150597920851E-005
  -3.4470869587434646E-005
  -3.3317043014600568E-005
  -3.2199577262492230E-005
  -3.1117407745189325E-005
  -3.0069498236900731E-005
  -2.9054840208784800E-005
  -2.8072452180421580E-005
  -2.7121379081096124E-005
  -2.6200691625247897E-005
  -2.5309485701334222E-005
  -2.4446881767312015E-005
  -2.3612024263248003E-005
  -2.2804081033765944E-005
  -2.2022242760445694E-005
  -2.1265722407064013E-005
  -2.0533754676610417E-005
  -1.9825595478070612E-005
  -1.9140521404078580E-005
  -1.8477829217128145E-005
  -1.7836835354940697E-005
  -1.7216875432839121E-005
  -1.6617303768757754E-005
  -1.6037492911199222E-005
  -1.5476833178920796E-005
  -1.4934732211325032E-005
  -1.4410614526496172E-005
  -1.3903921093062971E-005
  -1.3414108904075611E-005
  -1.2940650568762684E-005
  -1.2483033904541810E-005
  -1.2040761547198700E-005
  -1.1613350561813392E-005
  -1.1200332065073182E-005
  -1.0801250858718093E-005
  -1.0415665067451900E-005
  -1.0043145787693519E-005
  -9.6832767427794311E-006
  -9.3356539463653268E-006
  -8.9998853733429808E-006
  -8.6755906405640345E-006
  -8.3624006936665019E-006
  -8.0599574967116939E-006
  -7.7679137390035488E-006
  -7.4859325376985315E-006
  -7.2136871574237511E-006
  -6.9508607299866926E-006
  -6.6971459827954909E-006
  -6.4522449740249177E-006
  -6.2158688354765346E-006
  -5.9877375198996664E-006
  -5.7675795533571721E-006
  -5.5551317957161433E-006
  -5.3501392095509120E-006
  -5.1523546276682030E-006
  -4.9615385340112563E-006
  -4.7774588452247857E-006
  -4.5998906987522607E-006
  -4.4286162471850390E-006
  -4.2634244576847116E-006
  -4.1041109156511584E-006
  -3.9504776345819359E-006
  -3.8023328689383586E-006
  -3.6594909348316053E-006
  -3.5217720320925706E-006
  -3.3890020739313397E-006
  -3.2610125178271444E-006
  -3.1376402033991343E-006
  -3.0187271957014425E-006
  -2.9041206276844033E-006
  -2.7936725512553627E-006
  -2.6872397918506700E-006
  -2.5846838043484496E-006
  -2.4858705365521846E-006
  -2.3906702925881687E-006
  -2.2989576014997776E-006
  -2.2106110929107295E-006
  -2.1255133679629682E-006
  -2.0435508837293297E-006
  -1.9646138309268380E-006
  -1.8885960242173781E-006
  -1.8153947885234551E-006
  -1.7449108512129391E-006
  -1.6770482391914783E-006
  -1.6117141743945699E-006
  -1.5488189763788940E-006
  -1.4882759667079947E-006
  -1.4300013725743283E-006
  -1.3739142395860525E-006
  -1.3199363405149553E-006
  -1.2679920910334410E-006
  -1.2180084652203818E-006
  -1.1699149173814304E-006
  -1.1236432998995045E-006
  -1.0791277901321392E-006
  -1.0363048133660456E-006
  -9.9511297419730262E-007
  -9.5549298436759977E-007
  -9.1738759481481530E-007
  -8.8074153258450163E-007
  -8.4550143462354448E-007
  -8.1161578709634733E-007
  -7.7903486394655479E-007
  -7.4771067077791338E-007
  -7.1759688710575932E-007
  -6.8864881108360362E-007
  -6.6082330775680979E-007
  -6.3407875624709487E-007
  -6.0837500133357452E-007
  -5.8367330221630929E-007
  -5.5993628947964094E-007
  -5.3712791612462603E-007
  -5.1521341613842585E-007
  -4.9415925853937097E-007
  -4.7393311008228646E-007
  -4.5450379169401379E-007
  -4.3584124044429855E-007
  -4.1791647380895447E-007
  -4.0070154996430036E-007
  -3.8416953495163594E-007
  -3.6829446786789074E-007
  -3.5305132694047968E-007
  -3.3841599848521300E-007
  -3.2436524442053517E-007
  -3.1087667344280690E-007
  -2.9792871270338538E-007
  -2.8550057698486933E-007
  -2.7357224357443796E-007
  -2.6212442538684141E-007
  -2.5113854428161937E-007
  -2.4059670770182311E-007
  -2.3048168617265127E-007
  -2.2077688523419061E-007
  -2.1146632800384574E-007
  -2.0253463138615667E-007
  -1.9396698629537130E-007
  -1.8574913518420221E-007
  -1.7786735490756896E-007
  -1.7030843634717769E-007
  -1.6305966667304368E-007
  -1.5610881137563014E-007
  -1.4944409819607390E-007
  -1.4305419839072106E-007
  -1.3692821356960049E-007
  -1.3105565759190353E-007
  -1.2542644419875646E-007
  -1.2003087043293969E-007
  -1.1485960357716076E-007
  -1.0990366832353285E-007
  -1.0515443357287797E-007
  -1.0060359861805465E-007
  -9.6243182573165856E-008
  -9.2065512086164878E-008
  -8.8063210555747746E-008
  -8.4229185493846574E-008
  -8.0556620613619634E-008
  -7.7038964286406146E-008
  -7.3669918622787596E-008
  -7.0443432944592981E-008
  -6.7353691963373054E-008
  -6.4395107747001406E-008
  -6.1562312044539122E-008
  -5.8850146862526763E-008
  -5.6253658663129977E-008
  -5.3768087195527107E-008
  -5.1388861767531556E-008
  -4.9111592073444221E-008
  -4.6932061806289282E-008
  -4.4846222515128243E-008
  -4.2850186495449797E-008
  -4.0940221082541834E-008
  -3.9112742994153363E-008
  -3.7364312455740800E-008
  -3.5691627403561479E-008
  -3.4091518288179896E-008
  -3.2560943126229999E-008
  -3.1096982799394932E-008
  -2.9696836654960089E-008
  -2.8357815853486626E-008
  -2.7077341759095645E-008
  -2.5852939895722191E-008
  -2.4682237000723699E-008
  -2.3562955493844891E-008
  -2.2492911989480595E-008
  -2.1470012036316306E-008
  -2.0492246785542479E-008
  -1.9557690151552501E-008
  -1.8664494350684540E-008
  -1.7810889267451852E-008
  -1.6995176236953431E-008
  -1.6215727591731897E-008
  -1.5470983853570769E-008
  -1.4759448377654377E-008
  -1.4079688374936437E-008
  -1.3430329996841591E-008
  -1.2810056323164093E-008
  -1.2217606545475762E-008
  -1.1651771261116483E-008
  -1.1111393320091089E-008
  -1.0595362409397911E-008
  -1.0102616575154350E-008
  -9.6321371802659097E-009
  -9.1829492313580024E-009
  -8.7541198814236711E-009
  -8.3447543727262694E-009
  -7.9539962917937116E-009
  -7.5810259656740198E-009
  -7.2250583756037031E-009
  -6.8853415488489672E-009
  -6.5611569630009089E-009
  -6.2518154176005483E-009
  -5.9566578221092260E-009
  -5.6750524123361164E-009
  -5.4063975349545284E-009
  -5.1501141322196036E-009
  -4.9056500036780879E-009
  -4.6724758518599105E-009
  -4.4500854696701855E-009
  -4.2379949701827641E-009
  -4.0357414956290991E-009
  -3.8428820225965391E-009
  -3.6589933444049977E-009
  -3.4836702210712113E-009
  -3.3165247965441278E-009
  -3.1571870591408555E-009
  -3.0053031690582890E-009
  -2.8605335708546073E-009
  -2.7225544429105340E-009
  -2.5910571973203218E-009
  -2.4657456055651408E-009
  -2.3463374104989436E-009
  -2.2325620452141950E-009
  -2.1241603494742410E-009
  -2.0208870718894873E-009
  -1.9225056656348299E-009
  -1.8287911425822854E-009
  -1.7395283513734254E-009
  -1.6545112907577771E-009
  -1.5735435295718988E-009
  -1.4964382348238984E-009
  -1.4230155999547029E-009
  -1.3531049414123399E-009
  -1.2865423244311879E-009
  -1.2231720978693100E-009
  -1.1628461574716439E-009
  -1.1054206830198183E-009
  -1.0507609100941186E-009
  -9.9873675269401600E-010
  -9.4922492700328821E-010
  -9.0210762926936490E-010
  -8.5727116309505350E-010
  -8.1460856560880230E-010
  -7.7401733588297260E-010
  -7.3539993832927653E-010
  -6.9866251402608166E-010
  -6.6371564649596223E-010
  -6.3047452191018406E-010
  -5.9885810236945520E-010
  -5.6878938046898523E-010
  -5.4019430809699163E-010
  -5.1300226077965921E-010
  -4.8714681026271388E-010
  -4.6256288668979380E-010
  -4.3919078074682174E-010
  -4.1697173307120251E-010
  -3.9585018901341140E-010
  -3.7577311784089123E-010
  -3.5669053174817945E-010
  -3.3855475568456891E-010
  -3.2131970154132600E-010
  -3.0494097266808602E-010
  -2.8937834055792695E-010
  -2.7459152971685744E-010
  -2.6054287000171545E-010
  -2.4719610993806917E-010
  -2.3451754382755105E-010
  -2.2247475406204322E-010
  -2.1103625997234504E-010
  -2.0017237734267121E-010
  -1.8985510918909144E-010
  -1.8005769133453106E-010
  -1.7075455516894818E-010
  -1.6192107894310885E-010
  -1.5353430242203644E-010
  -1.4557251270541810E-010
  -1.3801380841267343E-010
  -1.3083937483160838E-010
  -1.2402918334246170E-010
  -1.1756610234818808E-010
  -1.1143220730320804E-010
  -1.0561087459622579E-010
  -1.0008735060891793E-010
  -9.4846413711940826E-011
  -8.9873841859034068E-011
  -8.5156098497173989E-011
  -8.0681057441227234E-011
  -7.6436097109652405E-011
  -7.2409257973204321E-011
  -6.8589859416920893E-011
  -6.4967957547475072E-011
  -6.1533270131348960E-011
  -5.8276193052304644E-011
  -5.5187769940258506E-011
  -5.2259750506875089E-011
  -4.9483370215886250E-011
  -4.6851904803781333E-011
  -4.4357163704929425E-011
  -4.1992709274751280E-011
  -3.9750921404870569E-011
  -3.7627045201082092E-011
  -3.5613978246144448E-011
  -3.3706275163299464E-011
  -3.1898505195446168E-011
  -3.0186220265511868E-011
  -2.8563806736723232E-011
  -2.7026407966171735E-011
  -2.5570320203808407E-011
  -2.4191531545515737E-011
  -2.2884900580468984E-011
  -2.1647680496704095E-011
  -2.0475422188588553E-011
  -1.9366017121567327E-011
  -1.8315110400029994E-011
  -1.7320755427962616E-011
  -1.6378447636347439E-011
  -1.5486742205624560E-011
  -1.4642629079783447E-011
  -1.3843407362024996E-011
  -1.3087341747004909E-011
  -1.2371719855788969E-011
  -1.1693996641220835E-011
  -1.1053039445573582E-011
  -1.0446311319897343E-011
  -9.8726530758221445E-012
  -9.3296810619198003E-012
  -8.8159989544719506E-012
  -8.3297634558741111E-012
  -7.8701349811765453E-012
  -7.4346819482651877E-012
  -7.0236667414404665E-012
  -6.6346118089402153E-012
  -6.2670837635307738E-012
  -5.9188106201348717E-012
  -5.5900130746608419E-012
  -5.2788107720582697E-012
  -4.9850363134075769E-012
  -4.7068728012196173E-012
  -4.4440749567616366E-012
  -4.1960418655855830E-012
  -3.9612739466770123E-012
  -3.7390805568313508E-012
  -3.5294981748551404E-012
  -3.3314415606825888E-012
  -3.1440920749604449E-012
  -2.9668707412224051E-012
  -2.7999491524408802E-012
  -2.6420384794390917E-012
  -2.4930809326999737E-012
  -2.3523104706782688E-012
  -2.2191912756639961E-012
  -2.0931797860170728E-012
  -1.9749408028993918E-012
  -1.8625606621213662E-012
  -1.7564723125210146E-012
  -1.6567980537821037E-012
  -1.5626855154944711E-012
  -1.4736104961492046E-012
  -1.3895168061349055E-012
  -1.3100201323898650E-012
  -1.2351434914053369E-012
  -1.1639647675099708E-012
  -1.0977535719450424E-012
  -1.0347376374542023E-012
  -9.7498126986121262E-013
  -9.1893789316693008E-013
  -8.6592508550907362E-013
  -8.1611352521207081E-013
  -7.6892505550777131E-013
  -7.2457863159313258E-013
  -6.8284009612636600E-013
  -6.4335181192652424E-013
  -6.0591933985502403E-013
  -5.7089905068084798E-013
  -5.3743513090905103E-013
  -5.0641085055184523E-013
  -4.7719169434893195E-013
  -4.4909615614616761E-013
  -4.2317986667176086E-013
  -3.9819665983224251E-013
  -3.7510470364884754E-013
  -3.5291664469859825E-013
  -3.3245873166428198E-013
  -3.1297763998884343E-013
  -2.9409798040414610E-013
  -2.7714840711384265E-013
  -2.6086489034291597E-013
  -2.4561316713748830E-013
  -2.3107789815898713E-013
  -2.1753826460310714E-013
  -2.0486635893768847E-013
  -1.9236708831486186E-013
  -1.8122112324507969E-013
  -1.7037757565469547E-013
  -1.6041316348809219E-013
  -1.5100777172003049E-013
  -1.4208381328820007E-013
  -1.3360198077001438E-013
  -1.2555578671240646E-013
  -1.1784011946321227E-013
  -1.1092168548763600E-013
  -1.0425152532103840E-013
  -9.7513655318087218E-014
  -9.2234686748665076E-014
  -8.6967518416297613E-014
  -8.1557454760461634E-014
  -7.6684843927036608E-014
  -7.2171280204415425E-014
  -6.7500045768264556E-014
  -6.3631034925159036E-014
  -5.9759511868055102E-014
  -5.6093066489415756E-014
  -5.2778109555626419E-014
  -4.9409798861439977E-014
  -4.6896396337749894E-014
  -4.3850197012406472E-014
  -4.1320943415463714E-014
  -3.8591782890792296E-014
  -3.5993790979233337E-014
  -3.3863463283468282E-014
  -3.1791873350952781E-014
  -2.9850235591561222E-014
  -2.8026174252580535E-014
  -2.6033545886468747E-014
  -2.4800415109475633E-014
  -2.3180837062773682E-014
  -2.1935906908295877E-014
  -2.0856223244188669E-014
  -1.9304580147079124E-014
  -1.8143702551708243E-014
  -1.7159169778492803E-014
  -1.5895487723032992E-014
  -1.4848641764049724E-014
  -1.3927966197759254E-014
  -1.3425911596021664E-014
  -1.2484692222574550E-014
  -1.1536911377035512E-014
  -1.0986900980807977E-014
  -1.0235381245481153E-014
  -9.5243290849521201E-015
  -8.9135035774410807E-015
  -8.6738032325582373E-015
  -7.9078492866898468E-015
  -7.1250973916397778E-015
  -6.8989885061824567E-015
  -6.4075609802305250E-015
  -6.4183874744121545E-015
  -6.0838664539788667E-015
  -5.5237217202384129E-015
  -4.9544337111222742E-015
  -4.8940595598750434E-015
  -4.5873358434390439E-015
  -4.5128750356241343E-015
  -4.0409469052281552E-015
  -3.5947752806380020E-015
  -3.8088619493155241E-015
  -3.1369791747132212E-015
  -3.0572520249478312E-015
  -2.9653770447753453E-015
  -2.8273231624148154E-015
  -2.6297430421767838E-015
  -2.0976487231866213E-015
  -2.0862622944176795E-015
  -2.2081195455511986E-015
  -1.9570289812133741E-015
  -1.6885396094730554E-015
  -1.5169443458529949E-015
  -1.7160247637187319E-015
  -1.4527907154286261E-015
  -1.3256946068315447E-015
  -1.0518579753818606E-015
  -1.1065153890642214E-015
  -8.8129498987491137E-016
  -1.1449331113201271E-015
  -1.0407973348718361E-015
  -1.0237323519764040E-015
  -1.1820130584589670E-015
  -7.1939465790390368E-016
  -7.9701083189291213E-016
  -7.6418818675256280E-016
  -8.2642525136643485E-016
  -5.9046698248035180E-016
  -5.8094078261093326E-016
  -4.8414456943216370E-016
  -7.2079329809668238E-016
  -3.6431477579839254E-016
  -2.5740185957335046E-016
  -5.0797850661415584E-016
  -4.5004813786588920E-016
  -2.4388134707903334E-016
  -3.1788456767752547E-016
  -4.3038485806880142E-016
  -3.1057013658974377E-016
  -1.7399187777327658E-016
  -4.0870604807324571E-016
  -1.0185276455042169E-016
  -1.5720860795498652E-016
  -1.7725329056248048E-016
  -1.2578852674550465E-016
  -3.8060435352085728E-017
  -1.0743320780806474E-016
  -1.7369822041385957E-016
  -6.8686397076066515E-017
  -2.1153594993047199E-016
  -2.0225610183086690E-016
  -2.8425824438482023E-017
  -2.2119266455382485E-016
  -1.9313555248270672E-016
  -4.6440605175772430E-016
  -2.0761041633916407E-016
   3.9740867874876382E-017
  -2.8287918296751652E-016
  -3.3193314143852704E-016
   1.7477193396398274E-016
   9.4596502866195001E-017
  -2.3029508156970517E-016
   2.6452520874289124E-016
   5.0697073475002799E-017
   1.8506240569649955E-016
   3.5157640335495561E-017
  -2.8298852053594772E-016
  -9.4820662474994108E-018
   2.0172822744497636E-016
  -2.5001644468587930E-016
  -2.6702149603317189E-016
  -1.1122765846053317E-016
  -2.9117740154441606E-016
  -2.5442670043752008E-016
  -7.5988043975078543E-017
   7.9373146417084471E-017
   3.1104953651581529E-016
  -1.3818562872332194E-016
   2.2325301127750366E-016
   3.4303465201509871E-016
   5.7924539324809436E-017
  -1.3590123535885514E-016
   1.3777864762692828E-016
   2.7221827391231082E-016
  -2.8558097168911944E-016
  -3.4948596734106897E-017
   3.5528938445226115E-016
   3.3944605086873223E-016
   5.9247814876514981E-017
   2.1840469947992183E-016
   1.4584793977810676E-016
  -8.7897870015457308E-017
   1.3511486318169285E-016
   1.9049563772306458E-016
   1.3803374517492006E-016
  -7.0007436867323110E-017
   1.2665111886004974E-016
   4.5550684888345024E-017
   1.2096095000124853E-017
  -1.3047114361278198E-016
  -1.2422597837445328E-016
  -2.8397376893301077E-016
   9.1912866882699504E-017
  -1.1915252583384552E-017
   2.9351962486533612E-016
   3.0695761214743860E-019
  -1.5324671729993654E-016
  -2.4757407151794657E-016
   3.8193144014944172E-017
  -7.5916448531172790E-017
   1.4308818407895291E-016
   2.8996062426857410E-016
   1.8547470966289370E-016
   2.2692302459175006E-017
   1.4670208332506823E-016
  -3.5760075989851151E-017
   2.7998125674869882E-016
   1.0230280967867964E-016
   3.6103335847179846E-017
  -2.3002506921199172E-016
  -2.0178723815766804E-016
  -1.5854279377315452E-016
   2.1817841891067959E-016
   8.2635915179627455E-017
  -1.1379516326316998E-016
  -5.0195031930945074E-017
  -2.1492577914759905E-016
   1.9127704205556138E-016
  -1.5257082744225726E-016
   1.1221243312786382E-016
   1.0534059254620247E-016
  -7.9594521575726069E-017
  -2.2605366322106041E-016
   9.7410516186088185E-017
   8.3655993415171952E-017
  -2.7758665990001183E-016
  -2.1467783048917360E-016
   1.0369302861622429E-016
   2.8448070204779541E-017
  -3.7555524797548659E-017
  -6.9059068151004173E-017
  -2.1803054659697928E-016
   3.8457918080315614E-017
  -3.3517259744500236E-017
   1.4568720261258324E-016
   4.6046606475291240E-017
  -1.5069452564680908E-016
  -6.4509860667331817E-017
   2.9879764039189719E-017
   1.8479113114644570E-016
   2.0543127452399099E-016
   2.6048506559306486E-016
   2.8524283999562839E-016
  -9.7944623662830895E-017
   3.4218937973308314E-017
   5.1686364049332694E-017
   3.5330359302463484E-016
  -1.2413201695821246E-016
   2.9033473260011312E-016
   2.6327216295338448E-016
   2.4123033392935913E-016
   2.5141790791609850E-017
   4.4275337531953375E-017
   6.9776917244546819E-017
   7.2657299329272161E-017
  -7.4343726203898499E-017
   8.1089832469877280E-017
   3.1829845354901293E-017
   7.8755617457666294E-017
   8.4606844715712763E-018
  -3.4096816451073356E-017
   9.9004434849758578E-017
   8.3994126813710457E-017
   2.7517696047222094E-019
  -5.4418683566422602E-017
  -1.4830908337184908E-018
   6.7339993690725006E-017
  -2.0437505125502709E-017
   3.8936657178078218E-018
  -1.0283250686626839E-016
   9.6191768932623746E-017
   6.0001630813410839E-017
  -7.1741751367213367E-017
   1.0757625983077984E-016
  -1.6484698842287026E-016
   2.1673358321831166E-016
   2.2196325009321606E-016
   1.8250425540415600E-016
   7.6337832659914833E-017
   3.8959731508672535E-016
  -3.8934179102346650E-017
   9.8827124806235691E-017
   1.6871372764716026E-016
  -2.2551014569311727E-016
   1.3506613524629157E-016
   6.0277051725675931E-017
  -5.3669820916868680E-017
   6.8804678238295340E-017
   5.4196368453215643E-017
   2.7493211483396747E-017
   1.3043003885891847E-016
   1.5400497525404842E-016
   4.7795408694074238E-017
