  -2.1539627097016338E-007
  -4.3086146879127956E-007
  -6.4646426672987087E-007
  -8.6227310655431895E-007
  -1.0783562203722891E-006
  -1.2947816522273072E-006
  -1.5116172794623008E-006
  -1.7289308338579319E-006
  -1.9467899225531077E-006
  -2.1652620487551894E-006
  -2.3844146322471122E-006
  -2.6043150296985108E-006
  -2.8250305547878306E-006
  -3.0466284981422401E-006
  -3.2691761471021284E-006
  -3.4927408053165355E-006
  -3.7173898121762299E-006
  -3.9431905620906394E-006
  -4.1702105236145703E-006
  -4.3985172584313931E-006
  -4.6281784401979403E-006
  -4.8592618732574026E-006
  -5.0918355112260746E-006
  -5.3259674754589913E-006
  -5.5617260734005819E-006
  -5.7991798168255123E-006
  -6.0383974399747217E-006
  -6.2794479175925212E-006
  -6.5224004828694737E-006
  -6.7673246452958355E-006
  -7.0142902084312227E-006
  -7.2633672875944962E-006
  -7.5146263274793786E-006
  -7.7681381196995977E-006
  -8.0239738202693261E-006
  -8.2822049670220669E-006
  -8.5429034969736635E-006
  -8.8061417636328338E-006
  -9.0719925542639274E-006
  -9.3405291071059837E-006
  -9.6118251285521627E-006
  -9.8859548102941119E-006
  -1.0162992846434046E-005
  -1.0443014450569767E-005
  -1.0726095372855274E-005
  -1.1012311917042056E-005
  -1.1301740957503467E-005
  -1.1594459956246733E-005
  -1.1890546979915755E-005
  -1.2190080716787514E-005
  -1.2493140493767525E-005
  -1.2799806293385915E-005
  -1.3110158770797687E-005
  -1.3424279270791751E-005
  -1.3742249844809875E-005
  -1.4064153267981061E-005
  -1.4390073056172087E-005
  -1.4720093483059377E-005
  -1.5054299597223981E-005
  -1.5392777239273004E-005
  -1.5735613058989852E-005
  -1.6082894532517344E-005
  -1.6434709979575540E-005
  -1.6791148580717292E-005
  -1.7152300394624520E-005
  -1.7518256375447528E-005
  -1.7889108390189857E-005
  -1.8264949236141953E-005
  -1.8645872658365561E-005
  -1.9031973367231632E-005
  -1.9423347056014315E-005
  -1.9820090418543383E-005
  -2.0222301166916550E-005
  -2.0630078049276088E-005
  -2.1043520867650137E-005
  -2.1462730495862058E-005
  -2.1887808897509602E-005
  -2.2318859144015654E-005
  -2.2755985432754116E-005
  -2.3199293105250905E-005
  -2.3648888665465205E-005
  -2.4104879798149473E-005
  -2.4567375387293495E-005
  -2.5036485534651291E-005
  -2.5512321578356353E-005
  -2.5994996111623584E-005
  -2.6484623001542190E-005
  -2.6981317407961183E-005
  -2.7485195802466728E-005
  -2.7996375987458328E-005
  -2.8514977115319332E-005
  -2.9041119707689106E-005
  -2.9574925674833967E-005
  -3.0116518335121668E-005
  -3.0666022434599975E-005
  -3.1223564166680395E-005
  -3.1789271191929105E-005
  -3.2363272657966939E-005
  -3.2945699219481045E-005
  -3.3536683058344396E-005
  -3.4136357903852781E-005
  -3.4744859053072985E-005
  -3.5362323391308874E-005
  -3.5988889412683654E-005
  -3.6624697240842198E-005
  -3.7269888649769830E-005
  -3.7924607084737974E-005
  -3.8588997683365072E-005
  -3.9263207296806883E-005
  -3.9947384511069153E-005
  -4.0641679668445080E-005
  -4.1346244889081249E-005
  -4.2061234092671079E-005
  -4.2786803020276827E-005
  -4.3523109256284036E-005
  -4.4270312250482098E-005
  -4.5028573340281694E-005
  -4.5798055773062456E-005
  -4.6578924728655147E-005
  -4.7371347341960164E-005
  -4.8175492725698620E-005
  -4.8991531993300133E-005
  -4.9819638281930949E-005
  -5.0659986775655989E-005
  -5.1512754728741069E-005
  -5.2378121489095380E-005
  -5.3256268521851137E-005
  -5.4147379433088195E-005
  -5.5051639993695177E-005
  -5.5969238163372588E-005
  -5.6900364114783274E-005
  -5.7845210257839255E-005
  -5.8803971264134799E-005
  -5.9776844091522622E-005
  -6.0764028008833706E-005
  -6.1765724620741369E-005
  -6.2782137892772582E-005
  -6.3813474176458549E-005
  -6.4859942234637532E-005
  -6.5921753266897257E-005
  -6.6999120935166246E-005
  -6.8092261389449742E-005
  -6.9201393293711960E-005
  -7.0326737851904132E-005
  -7.1468518834138983E-005
  -7.2626962603013025E-005
  -7.3802298140071451E-005
  -7.4994757072421308E-005
  -7.6204573699490858E-005
  -7.7431985019932534E-005
  -7.8677230758673433E-005
  -7.9940553394114113E-005
  -8.1222198185467890E-005
  -8.2522413200248357E-005
  -8.3841449341898270E-005
  -8.5179560377567651E-005
  -8.6537002966032559E-005
  -8.7914036685758461E-005
  -8.9310924063106521E-005
  -9.0727930600684010E-005
  -9.2165324805831519E-005
  -9.3623378219260877E-005
  -9.5102365443826945E-005
  -9.6602564173438755E-005
  -9.8124255222116035E-005
  -9.9667722553182332E-005
  -1.0123325330859439E-004
  -1.0282113783841105E-004
  -1.0443166973039334E-004
  -1.0606514583974694E-004
  -1.0772186631899944E-004
  -1.0940213464799870E-004
  -1.1110625766406386E-004
  -1.1283454559224833E-004
  -1.1458731207574181E-004
  -1.1636487420640186E-004
  -1.1816755255541530E-004
  -1.1999567120407259E-004
  -1.2184955777469318E-004
  -1.2372954346164206E-004
  -1.2563596306249965E-004
  -1.2756915500933014E-004
  -1.2952946140007928E-004
  -1.3151722803009125E-004
  -1.3353280442373561E-004
  -1.3557654386615246E-004
  -1.3764880343510895E-004
  -1.3974994403296594E-004
  -1.4188033041876086E-004
  -1.4404033124038501E-004
  -1.4623031906688068E-004
  -1.4845067042083078E-004
  -1.5070176581085472E-004
  -1.5298398976420217E-004
  -1.5529773085944424E-004
  -1.5764338175925844E-004
  -1.6002133924330735E-004
  -1.6243200424120844E-004
  -1.6487578186559222E-004
  -1.6735308144524207E-004
  -1.6986431655831785E-004
  -1.7240990506566585E-004
  -1.7499026914420001E-004
  -1.7760583532036152E-004
  -1.8025703450365494E-004
  -1.8294430202023870E-004
  -1.8566807764660480E-004
  -1.8842880564329926E-004
  -1.9122693478872582E-004
  -1.9406291841298976E-004
  -1.9693721443179944E-004
  -1.9985028538044167E-004
  -2.0280259844776384E-004
  -2.0579462551024996E-004
  -2.0882684316608853E-004
  -2.1189973276932719E-004
  -2.1501378046402564E-004
  -2.1816947721846339E-004
  -2.2136731885935261E-004
  -2.2460780610609595E-004
  -2.2789144460506254E-004
  -2.3121874496386926E-004
  -2.3459022278568190E-004
  -2.3800639870352354E-004
  -2.4146779841458896E-004
  -2.4497495271455445E-004
  -2.4852839753190825E-004
  -2.5212867396222122E-004
  -2.5577632830248062E-004
  -2.5947191208532810E-004
  -2.6321598211334119E-004
  -2.6700910049324379E-004
  -2.7085183467012432E-004
  -2.7474475746158743E-004
  -2.7868844709188671E-004
  -2.8268348722599939E-004
  -2.8673046700367836E-004
  -2.9082998107341851E-004
  -2.9498262962638640E-004
  -2.9918901843027434E-004
  -3.0344975886308876E-004
  -3.0776546794687259E-004
  -3.1213676838132555E-004
  -3.1656428857738126E-004
  -3.2104866269064297E-004
  -3.2559053065476184E-004
  -3.3019053821468968E-004
  -3.3484933695984470E-004
  -3.3956758435715444E-004
  -3.4434594378398193E-004
  -3.4918508456092246E-004
  -3.5408568198446827E-004
  -3.5904841735955186E-004
  -3.6407397803192934E-004
  -3.6916305742041975E-004
  -3.7431635504899506E-004
  -3.7953457657870102E-004
  -3.8481843383941897E-004
  -3.9016864486143317E-004
  -3.9558593390684276E-004
  -4.0107103150076236E-004
  -4.0662467446235463E-004
  -4.1224760593561502E-004
  -4.1794057542000109E-004
  -4.2370433880081125E-004
  -4.2953965837936968E-004
  -4.3544730290294648E-004
  -4.4142804759444602E-004
  -4.4748267418188520E-004
  -4.5361197092757437E-004
  -4.5981673265707161E-004
  -4.6609776078785709E-004
  -4.7245586335772585E-004
  -4.7889185505291829E-004
  -4.8540655723593363E-004
  -4.9200079797306168E-004
  -4.9867541206160583E-004
  -5.0543124105679581E-004
  -5.1226913329835368E-004
  -5.1918994393676413E-004
  -5.2619453495919913E-004
  -5.3328377521503958E-004
  -5.4045854044113190E-004
  -5.4771971328659538E-004
  -5.5506818333732018E-004
  -5.6250484714005431E-004
  -5.7003060822609006E-004
  -5.7764637713456893E-004
  -5.8535307143537101E-004
  -5.9315161575158350E-004
  -6.0104294178154704E-004
  -6.0902798832046458E-004
  -6.1710770128156687E-004
  -6.2528303371681528E-004
  -6.3355494583714627E-004
  -6.4192440503223636E-004
  -6.5039238588978894E-004
  -6.5895987021434370E-004
  -6.6762784704554315E-004
  -6.7639731267591405E-004
  -6.8526927066815137E-004
  -6.9424473187178876E-004
  -7.0332471443942739E-004
  -7.1251024384232922E-004
  -7.2180235288549319E-004
  -7.3120208172214578E-004
  -7.4071047786764595E-004
  -7.5032859621280187E-004
  -7.6005749903656637E-004
  -7.6989825601814341E-004
  -7.7985194424846005E-004
  -7.8991964824097526E-004
  -8.0010245994187117E-004
  -8.1040147873959190E-004
  -8.2081781147370643E-004
  -8.3135257244305112E-004
  -8.4200688341324573E-004
  -8.5278187362344826E-004
  -8.6367867979245865E-004
  -8.7469844612406199E-004
  -8.8584232431161399E-004
  -8.9711147354189669E-004
  -9.0850706049827189E-004
  -9.2003025936297507E-004
  -9.3168225181868448E-004
  -9.4346422704927020E-004
  -9.5537738173977747E-004
  -9.6742292007553454E-004
  -9.7960205374048514E-004
  -9.9191600191460521E-004
  -1.0043659912706171E-003
  -1.0169532559696397E-003
  -1.0296790376561429E-003
  -1.0425445854518962E-003
  -1.0555511559490844E-003
  -1.0687000132024692E-003
  -1.0819924287206663E-003
  -1.0954296814564290E-003
  -1.1090130577960551E-003
  -1.1227438515477692E-003
  -1.1366233639291642E-003
  -1.1506529035536803E-003
  -1.1648337864160047E-003
  -1.1791673358765378E-003
  -1.1936548826448139E-003
  -1.2082977647618878E-003
  -1.2230973275816229E-003
  -1.2380549237510214E-003
  -1.2531719131894251E-003
  -1.2684496630665726E-003
  -1.2838895477796746E-003
  -1.2994929489292787E-003
  -1.3152612552940863E-003
  -1.3311958628045950E-003
  -1.3472981745155355E-003
  -1.3635696005772464E-003
  -1.3800115582058342E-003
  -1.3966254716521753E-003
  -1.4134127721696006E-003
  -1.4303748979805262E-003
  -1.4475132942417584E-003
  -1.4648294130085581E-003
  -1.4823247131975194E-003
  -1.5000006605481043E-003
  -1.5178587275830001E-003
  -1.5359003935670557E-003
  -1.5541271444650478E-003
  -1.5725404728980628E-003
  -1.5911418780985211E-003
  -1.6099328658639119E-003
  -1.6289149485091416E-003
  -1.6480896448175342E-003
  -1.6674584799904811E-003
  -1.6870229855956238E-003
  -1.7067846995137506E-003
  -1.7267451658840871E-003
  -1.7469059350483647E-003
  -1.7672685634932534E-003
  -1.7878346137915439E-003
  -1.8086056545417381E-003
  -1.8295832603060630E-003
  -1.8507690115472204E-003
  -1.8721644945634537E-003
  -1.8937713014221995E-003
  -1.9155910298920974E-003
  -1.9376252833735767E-003
  -1.9598756708278367E-003
  -1.9823438067042651E-003
  -2.0050313108662446E-003
  -2.0279398085154433E-003
  -2.0510709301143752E-003
  -2.0744263113075352E-003
  -2.0980075928406982E-003
  -2.1218164204787476E-003
  -2.1458544449217405E-003
  -2.1701233217193677E-003
  -2.1946247111837361E-003
  -2.2193602783004774E-003
  -2.2443316926380324E-003
  -2.2695406282555544E-003
  -2.2949887636086229E-003
  -2.3206777814537057E-003
  -2.3466093687505279E-003
  -2.3727852165628029E-003
  -2.3992070199573084E-003
  -2.4258764779010269E-003
  -2.4527952931565266E-003
  -2.4799651721757418E-003
  -2.5073878249916065E-003
  -2.5350649651082039E-003
  -2.5629983093889129E-003
  -2.5911895779427616E-003
  -2.6196404940089005E-003
  -2.6483527838393034E-003
  -2.6773281765794655E-003
  -2.7065684041475170E-003
  -2.7360752011110303E-003
  -2.7658503045622437E-003
  -2.7958954539913108E-003
  -2.8262123911576647E-003
  -2.8568028599593610E-003
  -2.8876686063005769E-003
  -2.9188113779571399E-003
  -2.9502329244401864E-003
  -2.9819349968578106E-003
  -3.0139193477747464E-003
  -3.0461877310700674E-003
  -3.0787419017929713E-003
  -3.1115836160165119E-003
  -3.1447146306894770E-003
  -3.1781367034860995E-003
  -3.2118515926538127E-003
  -3.2458610568591949E-003
  -3.2801668550313623E-003
  -3.3147707462041105E-003
  -3.3496744893554650E-003
  -3.3848798432453511E-003
  -3.4203885662512424E-003
  -3.4562024162018211E-003
  -3.4923231502084063E-003
  -3.5287525244946036E-003
  -3.5654922942237126E-003
  -3.6025442133239510E-003
  -3.6399100343119952E-003
  -3.6775915081140483E-003
  -3.7155903838850799E-003
  -3.7539084088259902E-003
  -3.7925473279985839E-003
  -3.8315088841383745E-003
  -3.8707948174655235E-003
  -3.9104068654937218E-003
  -3.9503467628367647E-003
  -3.9906162410130478E-003
  -4.0312170282482355E-003
  -4.0721508492756091E-003
  -4.1134194251341884E-003
  -4.1550244729652280E-003
  -4.1969677058060918E-003
  -4.2392508323825092E-003
  -4.2818755568981813E-003
  -4.3248435788230052E-003
  -4.3681565926784044E-003
  -4.4118162878213872E-003
  -4.4558243482259096E-003
  -4.5001824522623241E-003
  -4.5448922724747936E-003
  -4.5899554753566826E-003
  -4.6353737211235592E-003
  -4.6811486634845637E-003
  -4.7272819494113549E-003
  -4.7737752189051987E-003
  -4.8206301047619684E-003
  -4.8678482323349101E-003
  -4.9154312192954018E-003
  -4.9633806753919835E-003
  -5.0116982022067836E-003
  -5.0603853929105172E-003
  -5.1094438320148199E-003
  -5.1588750951232047E-003
  -5.2086807486793670E-003
  -5.2588623497142268E-003
  -5.3094214455900457E-003
  -5.3603595737432503E-003
  -5.4116782614251797E-003
  -5.4633790254407510E-003
  -5.5154633718848024E-003
  -5.5679327958773435E-003
  -5.6207887812957475E-003
  -5.6740328005060459E-003
  -5.7276663140917285E-003
  -5.7816907705807085E-003
  -5.8361076061703814E-003
  -5.8909182444510776E-003
  -5.9461240961270912E-003
  -6.0017265587364111E-003
  -6.0577270163680360E-003
  -6.1141268393782866E-003
  -6.1709273841043556E-003
  -6.2281299925767307E-003
  -6.2857359922293791E-003
  -6.3437466956083486E-003
  -6.4021634000788795E-003
  -6.4609873875303165E-003
  -6.5202199240794153E-003
  -6.5798622597722832E-003
  -6.6399156282840452E-003
  -6.7003812466173178E-003
  -6.7612603147990651E-003
  -6.8225540155752648E-003
  -6.8842635141046988E-003
  -6.9463899576506219E-003
  -7.0089344752708553E-003
  -7.0718981775068426E-003
  -7.1352821560704445E-003
  -7.1990874835300284E-003
  -7.2633152129945875E-003
  -7.3279663777961693E-003
  -7.3930419911714456E-003
  -7.4585430459414978E-003
  -7.5244705141902582E-003
  -7.5908253469421007E-003
  -7.6576084738372617E-003
  -7.7248208028063269E-003
  -7.7924632197437253E-003
  -7.8605365881791820E-003
  -7.9290417489489423E-003
  -7.9979795198652035E-003
  -8.0673506953844523E-003
  -8.1371560462745896E-003
  -8.2073963192811020E-003
  -8.2780722367919654E-003
  -8.3491844965020556E-003
  -8.4207337710755260E-003
  -8.4927207078082309E-003
  -8.5651459282885933E-003
  -8.6380100280575023E-003
  -8.7113135762676396E-003
  -8.7850571153418495E-003
  -8.8592411606306931E-003
  -8.9338662000689618E-003
  -9.0089326938319943E-003
  -9.0844410739905623E-003
  -9.1603917441654692E-003
  -9.2367850791819240E-003
  -9.3136214247221127E-003
  -9.3909010969787324E-003
  -9.4686243823068877E-003
  -9.5467915368754978E-003
  -9.6254027863187288E-003
  -9.7044583253870602E-003
  -9.7839583175972616E-003
  -9.8639028948831822E-003
  -9.9442921572451028E-003
  -1.0025126172399871E-002
  -1.0106404975429445E-002
  -1.0188128568430942E-002
  -1.0270296920164887E-002
  -1.0352909965705280E-002
  -1.0435967606087317E-002
  -1.0519469707957540E-002
  -1.0603416103222211E-002
  -1.0687806588696714E-002
  -1.0772640925754853E-002
  -1.0857918839977845E-002
  -1.0943640020804659E-002
  -1.1029804121181656E-002
  -1.1116410757213169E-002
  -1.1203459507812168E-002
  -1.1290949914351129E-002
  -1.1378881480313926E-002
  -1.1467253670948118E-002
  -1.1556065912917038E-002
  -1.1645317593954039E-002
  -1.1735008062515928E-002
  -1.1825136627437715E-002
  -1.1915702557589166E-002
  -1.2006705081529826E-002
  -1.2098143387167309E-002
  -1.2190016621415552E-002
  -1.2282323889853116E-002
  -1.2375064256384785E-002
  -1.2468236742902001E-002
  -1.2561840328946198E-002
  -1.2655873951372021E-002
  -1.2750336504012839E-002
  -1.2845226837346705E-002
  -1.2940543758164285E-002
  -1.3036286029238692E-002
  -1.3132452368995025E-002
  -1.3229041451184254E-002
  -1.3326051904555660E-002
  -1.3423482312533958E-002
  -1.3521331212895067E-002
  -1.3619597097446224E-002
  -1.3718278411706865E-002
  -1.3817373554591174E-002
  -1.3916880878093800E-002
  -1.4016798686976185E-002
  -1.4117125238455291E-002
  -1.4217858741895462E-002
  -1.4318997358501657E-002
  -1.4420539201014514E-002
  -1.4522482333409683E-002
  -1.4624824770596900E-002
  -1.4727564478124268E-002
  -1.4830699371882897E-002
  -1.4934227317814779E-002
  -1.5038146131624398E-002
  -1.5142453578491342E-002
  -1.5247147372787113E-002
  -1.5352225177793749E-002
  -1.5457684605426512E-002
  -1.5563523215958271E-002
  -1.5669738517748520E-002
  -1.5776327966972689E-002
  -1.5883288967358820E-002
  -1.5990618869923711E-002
  -1.6098314972714640E-002
  -1.6206374520553218E-002
  -1.6314794704782986E-002
  -1.6423572663021215E-002
  -1.6532705478913279E-002
  -1.6642190181891985E-002
  -1.6752023746938838E-002
  -1.6862203094350763E-002
  -1.6972725089509540E-002
  -1.7083586542656085E-002
  -1.7194784208668226E-002
  -1.7306314786841984E-002
  -1.7418174920678035E-002
  -1.7530361197671152E-002
  -1.7642870149105691E-002
  -1.7755698249853478E-002
  -1.7868841918176632E-002
  -1.7982297515536452E-002
  -1.8096061346404110E-002
  -1.8210129658078229E-002
  -1.8324498640506306E-002
  -1.8439164426110793E-002
  -1.8554123089619266E-002
  -1.8669370647901105E-002
  -1.8784903059807317E-002
  -1.8900716226016957E-002
  -1.9016805988887563E-002
  -1.9133168132311456E-002
  -1.9249798381576460E-002
  -1.9366692403232487E-002
  -1.9483845804963706E-002
  -1.9601254135464798E-002
  -1.9718912884324515E-002
  -1.9836817481913443E-002
  -1.9954963299277297E-002
  -2.0073345648037682E-002
  -2.0191959780295851E-002
  -2.0310800888544384E-002
  -2.0429864105584679E-002
  -2.0549144504448905E-002
  -2.0668637098328876E-002
  -2.0788336840511613E-002
  -2.0908238624319862E-002
  -2.1028337283059490E-002
  -2.1148627589973185E-002
  -2.1269104258200257E-002
  -2.1389761940741950E-002
  -2.1510595230436101E-002
  -2.1631598659934234E-002
  -2.1752766701689037E-002
  -2.1874093767945434E-002
  -2.1995574210740786E-002
  -2.2117202321909588E-002
  -2.2238972333098257E-002
  -2.2360878415783030E-002
  -2.2482914681297605E-002
  -2.2605075180864981E-002
  -2.2727353905639971E-002
  -2.2849744786756273E-002
  -2.2972241695381677E-002
  -2.3094838442780024E-002
  -2.3217528780380619E-002
  -2.3340306399855636E-002
  -2.3463164933203814E-002
  -2.3586097952842625E-002
  -2.3709098971706779E-002
  -2.3832161443356231E-002
  -2.3955278762089721E-002
  -2.4078444263067156E-002
  -2.4201651222440088E-002
  -2.4324892857489226E-002
  -2.4448162326768798E-002
  -2.4571452730262171E-002
  -2.4694757109540815E-002
  -2.4818068447935139E-002
  -2.4941379670711986E-002
  -2.5064683645259565E-002
  -2.5187973181281215E-002
  -2.5311241030996915E-002
  -2.5434479889353701E-002
  -2.5557682394244576E-002
  -2.5680841126733273E-002
  -2.5803948611291046E-002
  -2.5926997316037714E-002
  -2.6049979652996810E-002
  -2.6172887978353456E-002
  -2.6295714592723604E-002
  -2.6418451741430975E-002
  -2.6541091614794444E-002
  -2.6663626348421232E-002
  -2.6786048023510513E-002
  -2.6908348667165648E-002
  -2.7030520252714425E-002
  -2.7152554700037981E-002
  -2.7274443875909948E-002
  -2.7396179594343859E-002
  -2.7517753616947790E-002
  -2.7639157653290298E-002
  -2.7760383361273969E-002
  -2.7881422347516945E-002
  -2.8002266167746325E-002
  -2.8122906327197106E-002
  -2.8243334281023654E-002
  -2.8363541434715492E-002
  -2.8483519144528537E-002
  -2.8603258717919588E-002
  -2.8722751413993809E-002
  -2.8841988443957856E-002
  -2.8960960971585410E-002
  -2.9079660113689929E-002
  -2.9198076940607848E-002
  -2.9316202476689267E-002
  -2.9434027700799694E-002
  -2.9551543546829720E-002
  -2.9668740904213640E-002
  -2.9785610618459482E-002
  -2.9902143491684446E-002
  -3.0018330283164866E-002
  -3.0134161709888887E-002
  -3.0249628447123832E-002
  -3.0364721128991284E-002
  -3.0479430349048917E-002
  -3.0593746660885584E-002
  -3.0707660578722224E-002
  -3.0821162578024190E-002
  -3.0934243096122405E-002
  -3.1046892532842336E-002
  -3.1159101251142542E-002
  -3.1270859577764043E-002
  -3.1382157803888734E-002
  -3.1492986185805531E-002
  -3.1603334945585475E-002
  -3.1713194271766811E-002
  -3.1822554320049982E-002
  -3.1931405214000175E-002
  -3.2039737045760332E-002
  -3.2147539876772456E-002
  -3.2254803738507282E-002
  -3.2361518633203891E-002
  -3.2467674534619996E-002
  -3.2573261388786287E-002
  -3.2678269114776531E-002
  -3.2782687605479331E-002
  -3.2886506728383898E-002
  -3.2989716326373306E-002
  -3.3092306218525616E-002
  -3.3194266200926179E-002
  -3.3295586047485330E-002
  -3.3396255510765881E-002
  -3.3496264322822204E-002
  -3.3595602196041685E-002
  -3.3694258824003169E-002
  -3.3792223882335624E-002
  -3.3889487029592401E-002
  -3.3986037908127639E-002
  -3.4081866144985082E-002
  -3.4176961352793828E-002
  -3.4271313130672873E-002
  -3.4364911065143992E-002
  -3.4457744731051315E-002
  -3.4549803692491270E-002
  -3.4641077503748278E-002
  -3.4731555710239177E-002
  -3.4821227849468117E-002
  -3.4910083451985423E-002
  -3.4998112042355409E-002
  -3.5085303140133250E-002
  -3.5171646260848212E-002
  -3.5257130916994832E-002
  -3.5341746619032118E-002
  -3.5425482876388990E-002
  -3.5508329198479099E-002
  -3.5590275095719992E-002
  -3.5671310080562117E-002
  -3.5751423668523109E-002
  -3.5830605379230489E-002
  -3.5908844737470282E-002
  -3.5986131274243889E-002
  -3.6062454527827990E-002
  -3.6137804044848093E-002
  -3.6212169381349836E-002
  -3.6285540103885072E-002
  -3.6357905790597708E-002
  -3.6429256032320084E-002
  -3.6499580433674988E-002
  -3.6568868614181571E-002
  -3.6637110209371188E-002
  -3.6704294871903811E-002
  -3.6770412272694362E-002
  -3.6835452102044017E-002
  -3.6899404070775375E-002
  -3.6962257911374953E-002
  -3.7024003379139490E-002
  -3.7084630253330045E-002
  -3.7144128338328891E-002
  -3.7202487464801835E-002
  -3.7259697490864482E-002
  -3.7315748303256624E-002
  -3.7370629818518318E-002
  -3.7424331984171520E-002
  -3.7476844779906607E-002
  -3.7528158218771646E-002
  -3.7578262348367635E-002
  -3.7627147252045974E-002
  -3.7674803050112109E-002
  -3.7721219901030237E-002
  -3.7766388002635112E-002
  -3.7810297593343388E-002
  -3.7852938953371114E-002
  -3.7894302405955087E-002
  -3.7934378318574387E-002
  -3.7973157104177126E-002
  -3.8010629222409845E-002
  -3.8046785180848038E-002
  -3.8081615536230899E-002
  -3.8115110895698183E-002
  -3.8147261918030001E-002
  -3.8178059314885514E-002
  -3.8207493852049627E-002
  -3.8235556350674188E-002
  -3.8262237688526476E-002
  -3.8287528801238112E-002
  -3.8311420683552526E-002
  -3.8333904390576108E-002
  -3.8354971039029975E-002
  -3.8374611808504218E-002
  -3.8392817942709344E-002
  -3.8409580750731982E-002
  -3.8424891608287333E-002
  -3.8438741958975474E-002
  -3.8451123315535303E-002
  -3.8462027261100117E-002
  -3.8471445450452682E-002
  -3.8479369611277688E-002
  -3.8485791545416773E-002
  -3.8490703130121776E-002
  -3.8494096319304748E-002
  -3.8495963144791187E-002
  -3.8496295717569788E-002
  -3.8495086229040618E-002
  -3.8492326952261541E-002
  -3.8488010243192546E-002
  -3.8482128541940955E-002
  -3.8474674374001594E-002
  -3.8465640351496515E-002
  -3.8455019174410465E-002
  -3.8442803631826006E-002
  -3.8428986603152769E-002
  -3.8413561059358059E-002
  -3.8396520064191218E-002
  -3.8377856775405311E-002
  -3.8357564445975587E-002
  -3.8335636425313034E-002
  -3.8312066160476409E-002
  -3.8286847197378383E-002
  -3.8259973181989100E-002
  -3.8231437861533844E-002
  -3.8201235085686618E-002
  -3.8169358807758756E-002
  -3.8135803085883109E-002
  -3.8100562084192699E-002
  -3.8063630073996046E-002
  -3.8025001434942064E-002
  -3.7984670656186215E-002
  -3.7942632337541589E-002
  -3.7898881190633990E-002
  -3.7853412040045817E-002
  -3.7806219824452772E-002
  -3.7757299597755117E-002
  -3.7706646530203239E-002
  -3.7654255909512727E-002
  -3.7600123141977471E-002
  -3.7544243753572223E-002
  -3.7486613391046079E-002
  -3.7427227823013665E-002
  -3.7366082941030929E-002
  -3.7303174760671791E-002
  -3.7238499422587175E-002
  -3.7172053193564737E-002
  -3.7103832467570722E-002
  -3.7033833766790897E-002
  -3.6962053742657167E-002
  -3.6888489176870605E-002
  -3.6813136982408505E-002
  -3.6735994204525405E-002
  -3.6657058021744869E-002
  -3.6576325746839139E-002
  -3.6493794827801303E-002
  -3.6409462848805384E-002
  -3.6323327531156628E-002
  -3.6235386734232315E-002
  -3.6145638456406948E-002
  -3.6054080835975069E-002
  -3.5960712152052647E-002
  -3.5865530825476090E-002
  -3.5768535419684173E-002
  -3.5669724641589358E-002
  -3.5569097342439224E-002
  -3.5466652518663447E-002
  -3.5362389312712308E-002
  -3.5256307013875728E-002
  -3.5148405059097387E-002
  -3.5038683033769190E-002
  -3.4927140672522047E-002
  -3.4813777859993386E-002
  -3.4698594631587899E-002
  -3.4581591174222104E-002
  -3.4462767827056394E-002
  -3.4342125082213217E-002
  -3.4219663585479128E-002
  -3.4095384136999453E-002
  -3.3969287691948805E-002
  -3.3841375361195920E-002
  -3.3711648411949326E-002
  -3.3580108268390085E-002
  -3.3446756512288726E-002
  -3.3311594883606868E-002
  -3.3174625281084412E-002
  -3.3035849762811605E-002
  -3.2895270546784990E-002
  -3.2752890011449223E-002
  -3.2608710696218408E-002
  -3.2462735301987011E-002
  -3.2314966691624016E-002
  -3.2165407890447681E-002
  -3.2014062086686605E-002
  -3.1860932631923918E-002
  -3.1706023041520967E-002
  -3.1549336995031943E-002
  -3.1390878336593944E-002
  -3.1230651075306037E-002
  -3.1068659385587758E-002
  -3.0904907607518912E-002
  -3.0739400247165802E-002
  -3.0572141976888869E-002
  -3.0403137635629695E-002
  -3.0232392229184078E-002
  -3.0059910930456315E-002
  -2.9885699079692376E-002
  -2.9709762184699472E-002
  -2.9532105921045056E-002
  -2.9352736132233669E-002
  -2.9171658829874866E-002
  -2.8988880193822859E-002
  -2.8804406572305877E-002
  -2.8618244482027079E-002
  -2.8430400608255371E-002
  -2.8240881804893599E-002
  -2.8049695094527122E-002
  -2.7856847668454372E-002
  -2.7662346886698171E-002
  -2.7466200277996625E-002
  -2.7268415539775798E-002
  -2.7069000538100393E-002
  -2.6867963307610831E-002
  -2.6665312051433878E-002
  -2.6461055141075562E-002
  -2.6255201116297713E-002
  -2.6047758684971382E-002
  -2.5838736722908630E-002
  -2.5628144273679668E-002
  -2.5415990548403593E-002
  -2.5202284925525363E-002
  -2.4987036950567844E-002
  -2.4770256335865663E-002
  -2.4551952960277804E-002
  -2.4332136868879892E-002
  -2.4110818272638990E-002
  -2.3888007548063861E-002
  -2.3663715236836112E-002
  -2.3437952045421710E-002
  -2.3210728844662808E-002
  -2.2982056669344709E-002
  -2.2751946717748783E-002
  -2.2520410351177810E-002
  -2.2287459093466671E-002
  -2.2053104630467640E-002
  -2.1817358809518156E-002
  -2.1580233638886944E-002
  -2.1341741287198835E-002
  -2.1101894082839648E-002
  -2.0860704513339708E-002
  -2.0618185224737778E-002
  -2.0374349020922757E-002
  -2.0129208862954790E-002
  -1.9882777868369512E-002
  -1.9635069310453286E-002
  -1.9386096617507183E-002
  -1.9135873372084007E-002
  -1.8884413310206370E-002
  -1.8631730320564192E-002
  -1.8377838443694890E-002
  -1.8122751871134522E-002
  -1.7866484944560015E-002
  -1.7609052154900259E-002
  -1.7350468141432658E-002
  -1.7090747690857486E-002
  -1.6829905736350327E-002
  -1.6567957356599269E-002
  -1.6304917774816408E-002
  -1.6040802357733051E-002
  -1.5775626614570614E-002
  -1.5509406195994715E-002
  -1.5242156893049322E-002
  -1.4973894636069096E-002
  -1.4704635493572241E-002
  -1.4434395671133688E-002
  -1.4163191510240520E-002
  -1.3891039487122329E-002
  -1.3617956211570382E-002
  -1.3343958425727828E-002
  -1.3069063002870357E-002
  -1.2793286946156120E-002
  -1.2516647387367743E-002
  -1.2239161585627425E-002
  -1.1960846926096448E-002
  -1.1681720918653955E-002
  -1.1401801196559719E-002
  -1.1121105515095313E-002
  -1.0839651750188427E-002
  -1.0557457897016474E-002
  -1.0274542068596031E-002
  -9.9909224943493490E-003
  -9.7066175186552098E-003
  -9.4216455993828864E-003
  -9.1360253064046576E-003
  -8.8497753200948992E-003
  -8.5629144298075069E-003
  -8.2754615323377707E-003
  -7.9874356303708399E-003
  -7.6988558309054071E-003
  -7.4097413436657860E-003
  -7.1201114794947470E-003
  -6.8299856487326468E-003
  -6.5393833595737538E-003
  -6.2483242164158848E-003
  -5.9568279181851386E-003
  -5.6649142566506158E-003
  -5.3726031147162201E-003
  -5.0799144647034836E-003
  -4.7868683666177064E-003
  -4.4934849663967481E-003
  -4.1997844941466115E-003
  -3.9057872623584930E-003
  -3.6115136641153098E-003
  -3.3169841712816957E-003
  -3.0222193326802055E-003
  -2.7272397722543501E-003
  -2.4320661872141106E-003
  -2.1367193461688840E-003
  -1.8412200872512414E-003
  -1.5455893162225249E-003
  -1.2498480045683704E-003
  -9.5401718757607504E-004
  -6.5811796240521222E-004
  -3.6217148614236665E-004
  -6.6198973845646816E-005
   2.2977830342516049E-004
   5.2573902058755879E-004
   8.2166180052978743E-004
   1.1175252161147126E-003
   1.4133077921930906E-003
   1.7089880076302294E-003
   2.0045442973433201E-003
   2.2999550543446236E-003
   2.5951986318029797E-003
   2.8902533451062810E-003
   3.1850974739419660E-003
   3.4797092643818893E-003
   3.7740669309772414E-003
   4.0681486588636101E-003
   4.3619326058729774E-003
   4.6553969046572033E-003
   4.9485196648165483E-003
   5.2412789750370253E-003
   5.5336529052378933E-003
   5.8256195087233540E-003
   6.1171568243431444E-003
   6.4082428786587080E-003
   6.6988556881170877E-003
   6.9889732612321322E-003
   7.2785736007701237E-003
   7.5676347059412180E-003
   7.8561345745982482E-003
   8.1440512054379612E-003
   8.4313626002109950E-003
   8.7180467659328832E-003
   9.0040817171019808E-003
   9.2894454779203807E-003
   9.5741160845203635E-003
   9.8580715871907296E-003
   1.0141290052611293E-002
   1.0423749566087933E-002
   1.0705428233789565E-002
   1.0986304184988050E-002
   1.1266355574302734E-002
   1.1545560583943024E-002
   1.1823897425957264E-002
   1.2101344344476175E-002
   1.2377879617965624E-002
   1.2653481561472163E-002
   1.2928128528877203E-002
   1.3201798915140594E-002
   1.3474471158556871E-002
   1.3746123743000450E-002
   1.4016735200175722E-002
   1.4286284111862514E-002
   1.4554749112164476E-002
   1.4822108889753270E-002
   1.5088342190111324E-002
   1.5353427817770621E-002
   1.5617344638552468E-002
   1.5880071581801880E-002
   1.6141587642619335E-002
   1.6401871884089918E-002
   1.6660903439507015E-002
   1.6918661514594847E-002
   1.7175125389723683E-002
   1.7430274422121861E-002
   1.7684088048084006E-002
   1.7936545785170992E-002
   1.8187627234408636E-002
   1.8437312082475805E-002
   1.8685580103891531E-002
   1.8932411163189496E-002
   1.9177785217092933E-002
   1.9421682316677864E-002
   1.9664082609530124E-002
   1.9904966341895085E-002
   2.0144313860818084E-002
   2.0382105616279574E-002
   2.0618322163321365E-002
   2.0852944164158272E-002
   2.1085952390292637E-002
   2.1317327724604707E-002
   2.1547051163447056E-002
   2.1775103818718677E-002
   2.2001466919937214E-002
   2.2226121816293860E-002
   2.2449049978702666E-002
   2.2670233001834621E-002
   2.2889652606143455E-002
   2.3107290639878299E-002
   2.3323129081085373E-002
   2.3537150039598255E-002
   2.3749335759009612E-002
   2.3959668618642013E-002
   2.4168131135493449E-002
   2.4374705966178280E-002
   2.4579375908847748E-002
   2.4782123905105001E-002
   2.4982933041897429E-002
   2.5181786553400511E-002
   2.5378667822883609E-002
   2.5573560384562741E-002
   2.5766447925439438E-002
   2.5957314287120517E-002
   2.6146143467625196E-002
   2.6332919623174821E-002
   2.6517627069967822E-002
   2.6700250285936505E-002
   2.6880773912488581E-002
   2.7059182756231308E-002
   2.7235461790679410E-002
   2.7409596157942175E-002
   2.7581571170396717E-002
   2.7751372312342554E-002
   2.7918985241636166E-002
   2.8084395791310508E-002
   2.8247589971172261E-002
   2.8408553969383223E-002
   2.8567274154020734E-002
   2.8723737074619893E-002
   2.8877929463695499E-002
   2.9029838238245009E-002
   2.9179450501232253E-002
   2.9326753543049477E-002
   2.9471734842957814E-002
   2.9614382070513312E-002
   2.9754683086963201E-002
   2.9892625946630676E-002
   3.0028198898269767E-002
   3.0161390386405043E-002
   3.0292189052647168E-002
   3.0420583736988086E-002
   3.0546563479073356E-002
   3.0670117519450407E-002
   3.0791235300799989E-002
   3.0909906469139051E-002
   3.1026120875004802E-002
   3.1139868574615693E-002
   3.1251139831005852E-002
   3.1359925115142739E-002
   3.1466215107016714E-002
   3.1570000696706908E-002
   3.1671272985427483E-002
   3.1770023286543145E-002
   3.1866243126570784E-002
   3.1959924246148859E-002
   3.2051058600984804E-002
   3.2139638362778680E-002
   3.2225655920121193E-002
   3.2309103879372504E-002
   3.2389975065506914E-002
   3.2468262522940272E-002
   3.2543959516327894E-002
   3.2617059531342314E-002
   3.2687556275420991E-002
   3.2755443678488490E-002
   3.2820715893660105E-002
   3.2883367297912885E-002
   3.2943392492732808E-002
   3.3000786304739328E-002
   3.3055543786276093E-002
   3.3107660215987343E-002
   3.3157131099359256E-002
   3.3203952169239208E-002
   3.3248119386327143E-002
   3.3289628939642116E-002
   3.3328477246962737E-002
   3.3364660955239052E-002
   3.3398176940981635E-002
   3.3429022310619401E-002
   3.3457194400836027E-002
   3.3482690778877514E-002
   3.3505509242831556E-002
   3.3525647821882318E-002
   3.3543104776539198E-002
   3.3557878598837458E-002
   3.3569968012511150E-002
   3.3579371973141238E-002
   3.3586089668277662E-002
   3.3590120517531373E-002
   3.3591464172642874E-002
   3.3590120517520652E-002
   3.3586089668255360E-002
   3.3579371973107452E-002
   3.3569968012465985E-002
   3.3557878598782162E-002
   3.3543104776473640E-002
   3.3525647821806330E-002
   3.3505509242746173E-002
   3.3482690778783263E-002
   3.3457194400732373E-002
   3.3429022310505457E-002
   3.3398176940857761E-002
   3.3364660955105097E-002
   3.3328477246819185E-002
   3.3289628939488156E-002
   3.3248119386162830E-002
   3.3203952169064022E-002
   3.3157131099173988E-002
   3.3107660215792201E-002
   3.3055543786071485E-002
   3.3000786304524493E-002
   3.2943392492509084E-002
   3.2883367297678337E-002
   3.2820715893415349E-002
   3.2755443678233007E-002
   3.2687556275155377E-002
   3.2617059531067916E-002
   3.2543959516044288E-002
   3.2468262522646806E-002
   3.2389975065203885E-002
   3.2309103879060233E-002
   3.2225655919798507E-002
   3.2139638362444829E-002
   3.2051058600641183E-002
   3.1959924245796030E-002
   3.1866243126208942E-002
   3.1770023286172518E-002
   3.1671272985048744E-002
   3.1570000696321314E-002
   3.1466215106623424E-002
   3.1359925114741449E-002
   3.1251139830596776E-002
   3.1139868574199304E-002
   3.1026120874581765E-002
   3.0909906468709118E-002
   3.0791235300364258E-002
   3.0670117519009006E-002
   3.0546563478626290E-002
   3.0420583736535566E-002
   3.0292189052189684E-002
   3.0161390385942601E-002
   3.0028198897803123E-002
   2.9892625946160056E-002
   2.9754683086488303E-002
   2.9614382070034029E-002
   2.9471734842474558E-002
   2.9326753542560612E-002
   2.9179450500739369E-002
   2.9029838237747786E-002
   2.8877929463194150E-002
   2.8723737074115588E-002
   2.8567274153513088E-002
   2.8408553968872402E-002
   2.8247589970657717E-002
   2.8084395790793075E-002
   2.7918985241116974E-002
   2.7751372311822106E-002
   2.7581571169874280E-002
   2.7409596157418805E-002
   2.7235461790154940E-002
   2.7059182755706030E-002
   2.6880773911961239E-002
   2.6700250285407786E-002
   2.6517627069437843E-002
   2.6332919622642833E-002
   2.6146143467091574E-002
   2.5957314286585671E-002
   2.5766447924902923E-002
   2.5573560384024311E-002
   2.5378667822343243E-002
   2.5181786552858847E-002
   2.4982933041354051E-002
   2.4782123904559233E-002
   2.4579375908300317E-002
   2.4374705965628879E-002
   2.4168131134943392E-002
   2.3959668618090700E-002
   2.3749335758457765E-002
   2.3537150039045225E-002
   2.3323129080532499E-002
   2.3107290639324273E-002
   2.2889652605588357E-002
   2.2670233001278489E-002
   2.2449049978145823E-002
   2.2226121815735762E-002
   2.2001466919377898E-002
   2.1775103818158489E-002
   2.1547051162885810E-002
   2.1317327724042653E-002
   2.1085952389729219E-002
   2.0852944163594209E-002
   2.0618322162755401E-002
   2.0382105615712756E-002
   2.0144313860249990E-002
   1.9904966341326137E-002
   1.9664082608960173E-002
   1.9421682316106071E-002
   1.9177785216519250E-002
   1.8932411162614144E-002
   1.8685580103315853E-002
   1.8437312081900623E-002
   1.8187627233833104E-002
   1.7936545784594991E-002
   1.7684088047507034E-002
   1.7430274421544677E-002
   1.7175125389145902E-002
   1.6918661514016484E-002
   1.6660903438928076E-002
   1.6401871883509805E-002
   1.6141587642038876E-002
   1.5880071581220619E-002
   1.5617344637970926E-002
   1.5353427817189364E-002
   1.5088342189530502E-002
   1.4822108889172804E-002
   1.4554749111584749E-002
   1.4286284111283827E-002
   1.4016735199598087E-002
   1.3746123742423831E-002
   1.3474471157981083E-002
   1.3201798914564800E-002
   1.2928128528301707E-002
   1.2653481560898443E-002
   1.2377879617393001E-002
   1.2101344343905210E-002
   1.1823897425387904E-002
   1.1545560583375226E-002
   1.1266355573735749E-002
   1.0986304184422787E-002
   1.0705428233225730E-002
   1.0423749565526599E-002
   1.0141290052051671E-002
   9.8580715866326916E-003
   9.5741160839641400E-003
   9.2894454773665876E-003
   9.0040817165498010E-003
   8.7180467653823722E-003
   8.4313625996622621E-003
   8.1440512048912908E-003
   7.8561345740532276E-003
   7.5676347053975444E-003
   7.2785736002276506E-003
   6.9889732606903980E-003
   6.6988556875764464E-003
   6.4082428781190017E-003
   6.1171568238042101E-003
   5.8256195081849487E-003
   5.5336529047002366E-003
   5.2412789745003678E-003
   4.9485196642802994E-003
   4.6553969041224939E-003
   4.3619326053388570E-003
   4.0681486583304879E-003
   3.7740669304454472E-003
   3.4797092638516490E-003
   3.1850974734129382E-003
   2.8902533445780676E-003
   2.5951986312759009E-003
   2.2999550538193047E-003
   2.0045442968181794E-003
   1.7089880071064706E-003
   1.4133077916695738E-003
   1.1175252155921427E-003
   8.2166180000858434E-004
   5.2573902006806874E-004
   2.2977830290729499E-004
  -6.6198974361985429E-005
  -3.6217148665755746E-004
  -6.5811796291852481E-004
  -9.5401718808787864E-004
  -1.2498480050779897E-003
  -1.5455893167301267E-003
  -1.8412200877557375E-003
  -2.1367193466714767E-003
  -2.4320661877149877E-003
  -2.7272397727541352E-003
  -3.0222193331783617E-003
  -3.3169841717779923E-003
  -3.6115136646103431E-003
  -3.9057872628517390E-003
  -4.1997844946382624E-003
  -4.4934849668862237E-003
  -4.7868683671053241E-003
  -5.0799144651891334E-003
  -5.3726031152002921E-003
  -5.6649142571337492E-003
  -5.9568279186670656E-003
  -6.2483242168953302E-003
  -6.5393833600505885E-003
  -6.8299856492074510E-003
  -7.1201114799684783E-003
  -7.4097413441369950E-003
  -7.6988558313741320E-003
  -7.9874356308361621E-003
  -8.2754615327994586E-003
  -8.5629144302657619E-003
  -8.8497753205503855E-003
  -9.1360253068572140E-003
  -9.4216455998318589E-003
  -9.7066175191002010E-003
  -9.9909224947906730E-003
  -1.0274542069032840E-002
  -1.0557457897449324E-002
  -1.0839651750616531E-002
  -1.1121105515520095E-002
  -1.1401801196981184E-002
  -1.1681720919072014E-002
  -1.1960846926510621E-002
  -1.2239161586038584E-002
  -1.2516647387775009E-002
  -1.2793286946559750E-002
  -1.3069063003269824E-002
  -1.3343958426124031E-002
  -1.3617956211962236E-002
  -1.3891039487511579E-002
  -1.4163191510625877E-002
  -1.4434395671516526E-002
  -1.4704635493952329E-002
  -1.4973894636445783E-002
  -1.5242156893422516E-002
  -1.5509406196363649E-002
  -1.5775626614935589E-002
  -1.6040802358094255E-002
  -1.6304917775173570E-002
  -1.6567957356952330E-002
  -1.6829905736699711E-002
  -1.7090747691202515E-002
  -1.7350468141773736E-002
  -1.7609052155236591E-002
  -1.7866484944890598E-002
  -1.8122751871459269E-002
  -1.8377838444014267E-002
  -1.8631730320879909E-002
  -1.8884413310518131E-002
  -1.9135873372392521E-002
  -1.9386096617812376E-002
  -1.9635069310754778E-002
  -1.9882777868666913E-002
  -2.0129208863247736E-002
  -2.0374349021210599E-002
  -2.0618185225020604E-002
  -2.0860704513617566E-002
  -2.1101894083111802E-002
  -2.1341741287465289E-002
  -2.1580233639146785E-002
  -2.1817358809771172E-002
  -2.2053104630713822E-002
  -2.2287459093706080E-002
  -2.2520410351410225E-002
  -2.2751946717973568E-002
  -2.2982056669562746E-002
  -2.3210728844873432E-002
  -2.3437952045625349E-002
  -2.3663715237032305E-002
  -2.3888007548252942E-002
  -2.4110818272820314E-002
  -2.4332136869053098E-002
  -2.4551952960442429E-002
  -2.4770256336022610E-002
  -2.4987036950715802E-002
  -2.5202284925663912E-002
  -2.5415990548532736E-002
  -2.5628144273799894E-002
  -2.5838736723019718E-002
  -2.6047758685072486E-002
  -2.6255201116389345E-002
  -2.6461055141156695E-002
  -2.6665312051505109E-002
  -2.6867963307671938E-002
  -2.7069000538151311E-002
  -2.7268415539816303E-002
  -2.7466200278027507E-002
  -2.7662346886718647E-002
  -2.7856847668464923E-002
  -2.8049695094527156E-002
  -2.8240881804882555E-002
  -2.8430400608234152E-002
  -2.8618244481995538E-002
  -2.8804406572264414E-002
  -2.8988880193770852E-002
  -2.9171658829811185E-002
  -2.9352736132159624E-002
  -2.9532105920960054E-002
  -2.9709762184603868E-002
  -2.9885699079584330E-002
  -3.0059910930335731E-002
  -3.0232392229052250E-002
  -3.0403137635485907E-002
  -3.0572141976733781E-002
  -3.0739400246999352E-002
  -3.0904907607341155E-002
  -3.1068659385399485E-002
  -3.1230651075107054E-002
  -3.1390878336383571E-002
  -3.1549336994810780E-002
  -3.1706023041290075E-002
  -3.1860932631682749E-002
  -3.2014062086435958E-002
  -3.2165407890186654E-002
  -3.2314966691352302E-002
  -3.2462735301705598E-002
  -3.2608710695927280E-002
  -3.2752890011149158E-002
  -3.2895270546474557E-002
  -3.3035849762490049E-002
  -3.3174625280751581E-002
  -3.3311594883262956E-002
  -3.3446756511933871E-002
  -3.3580108268024808E-002
  -3.3711648411572918E-002
  -3.3841375360808508E-002
  -3.3969287691551248E-002
  -3.4095384136592140E-002
  -3.4219663585063051E-002
  -3.4342125081788265E-002
  -3.4462767826622984E-002
  -3.4581591173779687E-002
  -3.4698594631136191E-002
  -3.4813777859532116E-002
  -3.4927140672051667E-002
  -3.5038683033290371E-002
  -3.5148405058610444E-002
  -3.5256307013381234E-002
  -3.5362389312209516E-002
  -3.5466652518152772E-002
  -3.5569097341919341E-002
  -3.5669724641061204E-002
  -3.5768535419148276E-002
  -3.5865530824931782E-002
  -3.5960712151500034E-002
  -3.6054080835412970E-002
  -3.6145638455835599E-002
  -3.6235386733651093E-002
  -3.6323327530567030E-002
  -3.6409462848206585E-002
  -3.6493794827193220E-002
  -3.6576325746221605E-002
  -3.6657058021118155E-002
  -3.6735994203889698E-002
  -3.6813136981762855E-002
  -3.6888489176215407E-002
  -3.6962053741992129E-002
  -3.7033833766117574E-002
  -3.7103832466890169E-002
  -3.7172053192877655E-002
  -3.7238499421894014E-002
  -3.7303174759971913E-002
  -3.7366082940325784E-002
  -3.7427227822302379E-002
  -3.7486613390330055E-002
  -3.7544243752850870E-002
  -3.7600123141251732E-002
  -3.7654255908782096E-002
  -3.7706646529467265E-002
  -3.7757299597013044E-002
  -3.7806219823703906E-002
  -3.7853412039290518E-002
  -3.7898881189872419E-002
  -3.7942632336773745E-002
  -3.7984670655412847E-002
  -3.8025001434163361E-002
  -3.8063630073211403E-002
  -3.8100562083402338E-002
  -3.8135803085087398E-002
  -3.8169358806957772E-002
  -3.8201235084881255E-002
  -3.8231437860724159E-002
  -3.8259973181174967E-002
  -3.8286847196560683E-002
  -3.8312066159655440E-002
  -3.8335636424489249E-002
  -3.8357564445149685E-002
  -3.8377856774576669E-002
  -3.8396520063358079E-002
  -3.8413561058521124E-002
  -3.8428986602311095E-002
  -3.8442803630980946E-002
  -3.8455019173562317E-002
  -3.8465640350644502E-002
  -3.8474674373145737E-002
  -3.8482128541080789E-002
  -3.8488010242327786E-002
  -3.8492326951392042E-002
  -3.8495086228167587E-002
  -3.8496295716692122E-002
  -3.8495963143909469E-002
  -3.8494096318418373E-002
  -3.8490703129232064E-002
  -3.8485791544524472E-002
  -3.8479369610382556E-002
  -3.8471445449554130E-002
  -3.8462027260198622E-002
  -3.8451123314630756E-002
  -3.8438741958068443E-002
  -3.8424891607378255E-002
  -3.8409580749821037E-002
  -3.8392817941797441E-002
  -3.8374611807591330E-002
  -3.8354971038116123E-002
  -3.8333904389661042E-002
  -3.8311420682637057E-002
  -3.8287528800321706E-002
  -3.8262237687608197E-002
  -3.8235556349753556E-002
  -3.8207493851127053E-002
  -3.8178059313961843E-002
  -3.8147261917104686E-002
  -3.8115110894771452E-002
  -3.8081615535303877E-002
  -3.8046785179921445E-002
  -3.8010629221483197E-002
  -3.7973157103250200E-002
  -3.7934378317645692E-002
  -3.7894302405024602E-002
  -3.7852938952438339E-002
  -3.7810297592408164E-002
  -3.7766388001697071E-002
  -3.7721219900089371E-002
  -3.7674803049167177E-002
  -3.7627147251097996E-002
  -3.7578262347416548E-002
  -3.7528158217816736E-002
  -3.7476844778948817E-002
  -3.7424331983210608E-002
  -3.7370629817554908E-002
  -3.7315748302290529E-002
  -3.7259697489895986E-002
  -3.7202487463830862E-002
  -3.7144128337355600E-002
  -3.7084630252353923E-002
  -3.7024003378159316E-002
  -3.6962257910391864E-002
  -3.6899404069788963E-002
  -3.6835452101054440E-002
  -3.6770412271702226E-002
  -3.6704294870908483E-002
  -3.6637110208373923E-002
  -3.6568868613182363E-002
  -3.6499580432674629E-002
  -3.6429256031318073E-002
  -3.6357905789595635E-002
  -3.6285540102882631E-002
  -3.6212169380346083E-002
  -3.6137804043843029E-002
  -3.6062454526821448E-002
  -3.5986131273235286E-002
  -3.5908844736460201E-002
  -3.5830605378218694E-002
  -3.5751423667510870E-002
  -3.5671310079549150E-002
  -3.5590275094706171E-002
  -3.5508329197464598E-002
  -3.5425482875373386E-002
  -3.5341746618015729E-002
  -3.5257130915978117E-002
  -3.5171646259830672E-002
  -3.5085303139115245E-002
  -3.4998112041335142E-002
  -3.4910083450963456E-002
  -3.4821227848443492E-002
  -3.4731555709212616E-002
  -3.4641077502719629E-002
  -3.4549803691461232E-002
  -3.4457744730020272E-002
  -3.4364911064111367E-002
  -3.4271313129640081E-002
  -3.4176961351761022E-002
  -3.4081866143952803E-002
  -3.3986037907096325E-002
  -3.3889487028562128E-002
  -3.3792223881306253E-002
  -3.3694258822975005E-002
  -3.3595602195016346E-002
  -3.3496264321799175E-002
  -3.3396255509745731E-002
  -3.3295586046466867E-002
  -3.3194266199909325E-002
  -3.3092306217509707E-002
  -3.2989716325358139E-002
  -3.2886506727370403E-002
  -3.2782687604467495E-002
  -3.2678269113766464E-002
  -3.2573261387777774E-002
  -3.2467674533611615E-002
  -3.2361518632196468E-002
  -3.2254803737500795E-002
  -3.2147539875766906E-002
  -3.2039737044755677E-002
  -3.1931405212995471E-002
  -3.1822554319044974E-002
  -3.1713194270761504E-002
  -3.1603334944579599E-002
  -3.1492986184799822E-002
  -3.1382157802882782E-002
  -3.1270859576757806E-002
  -3.1159101250137777E-002
  -3.1046892531839527E-002
  -3.0934243095121706E-002
  -3.0821162577024875E-002
  -3.0707660577724085E-002
  -3.0593746659887861E-002
  -3.0479430348052582E-002
  -3.0364721127994800E-002
  -3.0249628446127871E-002
  -3.0134161708892833E-002
  -3.0018330282168552E-002
  -2.9902143490688187E-002
  -2.9785610617461687E-002
  -2.9668740903216011E-002
  -2.9551543545831959E-002
  -2.9434027699801735E-002
  -2.9316202475691354E-002
  -2.9198076939609786E-002
  -2.9079660112692911E-002
  -2.8960960970588496E-002
  -2.8841988442960775E-002
  -2.8722751412996052E-002
  -2.8603258716922039E-002
  -2.8483519143531259E-002
  -2.8363541433719011E-002
  -2.8243334280027767E-002
  -2.8122906326203206E-002
  -2.8002266166754237E-002
  -2.7881422346526883E-002
  -2.7760383360285096E-002
  -2.7639157652302668E-002
  -2.7517753615961461E-002
  -2.7396179593358737E-002
  -2.7274443874925405E-002
  -2.7152554699053748E-002
  -2.7030520251731142E-002
  -2.6908348666184009E-002
  -2.6786048022530668E-002
  -2.6663626347441523E-002
  -2.6541091613815321E-002
  -2.6418451740452004E-002
  -2.6295714591744925E-002
  -2.6172887977374937E-002
  -2.6049979652019009E-002
  -2.5926997315060724E-002
  -2.5803948610314823E-002
  -2.5680841125758146E-002
  -2.5557682393270803E-002
  -2.5434479888381330E-002
  -2.5311241030025609E-002
  -2.5187973180311071E-002
  -2.5064683644290715E-002
  -2.4941379669744981E-002
  -2.4818068446970421E-002
  -2.4694757108578404E-002
  -2.4571452729302751E-002
  -2.4448162325812324E-002
  -2.4324892856535885E-002
  -2.4201651221489751E-002
  -2.4078444262120347E-002
  -2.3955278761146698E-002
  -2.3832161442416511E-002
  -2.3709098970769258E-002
  -2.3586097951907754E-002
  -2.3463164932270499E-002
  -2.3340306398923746E-002
  -2.3217528779450575E-002
  -2.3094838441850941E-002
  -2.2972241694454144E-002
  -2.2849744785830746E-002
  -2.2727353904716432E-002
  -2.2605075179942896E-002
  -2.2482914680378208E-002
  -2.2360878414867041E-002
  -2.2238972332185008E-002
  -2.2117202321000257E-002
  -2.1995574209835531E-002
  -2.1874093767045730E-002
  -2.1752766700793843E-002
  -2.1631598659043242E-002
  -2.1510595229549224E-002
  -2.1389761939859617E-002
  -2.1269104257321522E-002
  -2.1148627589097708E-002
  -2.1028337282188194E-002
  -2.0908238623452962E-002
  -2.0788336839648886E-002
  -2.0668637097471264E-002
  -2.0549144503596049E-002
  -2.0429864104736593E-002
  -2.0310800887701253E-002
  -2.0191959779457296E-002
  -2.0073345647204418E-002
  -1.9954963298448935E-002
  -1.9836817481090341E-002
  -1.9718912883506919E-002
  -1.9601254134652250E-002
  -1.9483845804155776E-002
  -1.9366692402429799E-002
  -1.9249798380779289E-002
  -1.9133168131519433E-002
  -1.9016805988100793E-002
  -1.8900716225236622E-002
  -1.8784903059033051E-002
  -1.8669370647132883E-002
  -1.8554123088856279E-002
  -1.8439164425352955E-002
  -1.8324498639754470E-002
  -1.8210129657331577E-002
  -1.8096061345663626E-002
  -1.7982297514801113E-002
  -1.7868841917448339E-002
  -1.7755698249131851E-002
  -1.7642870148390558E-002
  -1.7530361196962111E-002
  -1.7418174919975143E-002
  -1.7306314786145482E-002
  -1.7194784207977591E-002
  -1.7083586541971604E-002
  -1.6972725088831780E-002
  -1.6862203093679536E-002
  -1.6752023746274377E-002
  -1.6642190181235895E-002
  -1.6532705478263677E-002
  -1.6423572662378615E-002
  -1.6314794704147345E-002
  -1.6206374519924589E-002
  -1.6098314972092548E-002
  -1.5990618869308526E-002
  -1.5883288966750297E-002
  -1.5776327966370750E-002
  -1.5669738517152972E-002
  -1.5563523215369652E-002
  -1.5457684604844573E-002
  -1.5352225177218246E-002
  -1.5247147372217914E-002
  -1.5142453577929111E-002
  -1.5038146131068410E-002
  -1.4934227317265686E-002
  -1.4830699371340853E-002
  -1.4727564477589390E-002
  -1.4624824770068670E-002
  -1.4522482332887998E-002
  -1.4420539200499492E-002
  -1.4318997357993869E-002
  -1.4217858741394635E-002
  -1.4117125237961102E-002
  -1.4016798686488276E-002
  -1.3916880877612704E-002
  -1.3817373554116526E-002
  -1.3718278411238275E-002
  -1.3619597096983743E-002
  -1.3521331212438254E-002
  -1.3423482312082874E-002
  -1.3326051904110410E-002
  -1.3229041450744113E-002
  -1.3132452368560846E-002
  -1.3036286028809898E-002
  -1.2940543757741054E-002
  -1.2845226836928694E-002
  -1.2750336503599606E-002
  -1.2655873950963991E-002
  -1.2561840328543124E-002
  -1.2468236742504097E-002
  -1.2375064255991464E-002
  -1.2282323889464567E-002
  -1.2190016621031119E-002
  -1.2098143386787998E-002
  -1.2006705081155467E-002
  -1.1915702557219920E-002
  -1.1825136627073012E-002
  -1.1735008062156153E-002
  -1.1645317593599221E-002
  -1.1556065912566766E-002
  -1.1467253670602572E-002
  -1.1378881479973279E-002
  -1.1290949914015044E-002
  -1.1203459507480425E-002
  -1.1116410756885626E-002
  -1.1029804120858798E-002
  -1.0943640020486136E-002
  -1.0857918839663161E-002
  -1.0772640925445007E-002
  -1.0687806588391694E-002
  -1.0603416102922000E-002
  -1.0519469707661497E-002
  -1.0435967605795357E-002
  -1.0352909965417068E-002
  -1.0270296919881646E-002
  -1.0188128568152040E-002
  -1.0106404975155176E-002
  -1.0025126172129618E-002
  -9.9442921569790187E-003
  -9.8639028946204497E-003
  -9.7839583173380679E-003
  -9.7044583251317523E-003
  -9.6254027860670152E-003
  -9.5467915366263690E-003
  -9.4686243820601319E-003
  -9.3909010967346204E-003
  -9.3136214244799800E-003
  -9.2367850789425443E-003
  -9.1603917439287141E-003
  -9.0844410737566071E-003
  -9.0089326936006204E-003
  -8.9338661998400893E-003
  -8.8592411604047124E-003
  -8.7850571151188699E-003
  -8.7113135760474511E-003
  -8.6380100278404919E-003
  -8.5651459280742612E-003
  -8.4927207075965756E-003
  -8.4207337708666011E-003
  -8.3491844962963729E-003
  -8.2780722365886576E-003
  -8.2073963190800788E-003
  -8.1371560460761234E-003
  -8.0673506951888033E-003
  -7.9979795196721149E-003
  -7.9290417487585911E-003
  -7.8605365879914138E-003
  -7.7924632195589850E-003
  -7.7248208026237846E-003
  -7.6576084736565070E-003
  -7.5908253467639394E-003
  -7.5244705140142731E-003
  -7.4585430457680341E-003
  -7.3930419910002041E-003
  -7.3279663776271275E-003
  -7.2633152128272595E-003
  -7.1990874833647691E-003
  -7.1352821559066667E-003
  -7.0718981773448238E-003
  -7.0089344751102520E-003
  -6.9463899574920655E-003
  -6.8842635139474972E-003
  -6.8225540154193609E-003
  -6.7612603146441803E-003
  -6.7003812464630124E-003
  -6.6399156281309584E-003
  -6.5798622596203952E-003
  -6.5202199239282176E-003
  -6.4609873873797208E-003
  -6.4021633999288476E-003
  -6.3437466954593021E-003
  -6.2857359920807316E-003
  -6.2281299924289964E-003
  -6.1709273839567801E-003
  -6.1141268392317276E-003
  -6.0577270162221796E-003
  -6.0017265585914801E-003
  -5.9461240959830762E-003
  -5.8909182443076880E-003
  -5.8361076060283552E-003
  -5.7816907704397267E-003
  -5.7276663139512957E-003
  -5.6740328003665004E-003
  -5.6207887811570026E-003
  -5.5679327957396819E-003
  -5.5154633717481357E-003
  -5.4633790253050289E-003
  -5.4116782612906571E-003
  -5.3603595736099055E-003
  -5.3094214454579916E-003
  -5.2588623495834503E-003
  -5.2086807485501457E-003
  -5.1588750949948178E-003
  -5.1094438318876698E-003
  -5.0603853927843907E-003
  -5.0116982020819399E-003
  -4.9633806752678866E-003
  -4.9154312191723899E-003
  -4.8678482322127821E-003
  -4.8206301046403123E-003
  -4.7737752187846762E-003
  -4.7272819492916868E-003
  -4.6811486633657621E-003
  -4.6353737210058938E-003
  -4.5899554752399270E-003
  -4.5448922723591552E-003
  -4.5001824521475556E-003
  -4.4558243481117510E-003
  -4.4118162877082459E-003
  -4.3681565925663707E-003
  -4.3248435787116152E-003
  -4.2818755567875970E-003
  -4.2392508322731514E-003
  -4.1969677056980055E-003
  -4.1550244728578798E-003
  -4.1134194250280138E-003
  -4.0721508491705343E-003
  -4.0312170281438121E-003
  -3.9906162409096384E-003
  -3.9503467627341879E-003
  -3.9104068653920514E-003
  -3.8707948173644724E-003
  -3.8315088840378377E-003
  -3.7925473278987952E-003
  -3.7539084087268833E-003
  -3.7155903837870633E-003
  -3.6775915080170490E-003
  -3.6399100342154344E-003
  -3.6025442132284406E-003
  -3.5654922941286684E-003
  -3.5287525244003652E-003
  -3.4923231501150279E-003
  -3.4562024161089110E-003
  -3.4203885661586949E-003
  -3.3848798431532776E-003
  -3.3496744892644267E-003
  -3.3147707461134148E-003
  -3.2801668549410799E-003
  -3.2458610567697283E-003
  -3.2118515925648756E-003
  -3.1781367033981195E-003
  -3.1447146306017855E-003
  -3.1115836159298152E-003
  -3.0787419017068865E-003
  -3.0461877309848366E-003
  -3.0139193476899301E-003
  -2.9819349967733170E-003
  -2.9502329243565962E-003
  -2.9188113778742582E-003
  -2.8876686062182439E-003
  -2.8568028598780909E-003
  -2.8262123910770738E-003
  -2.7958954539110265E-003
  -2.7658503044825913E-003
  -2.7360752010322283E-003
  -2.7065684040695022E-003
  -2.6773281765019061E-003
  -2.6483527837623888E-003
  -2.6196404939329860E-003
  -2.5911895778669442E-003
  -2.5629983093137720E-003
  -2.5350649650335575E-003
  -2.5073878249174271E-003
  -2.4799651721017987E-003
  -2.4527952930831170E-003
  -2.4258764778279460E-003
  -2.3992070198846699E-003
  -2.3727852164907668E-003
  -2.3466093686789705E-003
  -2.3206777813828215E-003
  -2.2949887635378375E-003
  -2.2695406281855175E-003
  -2.2443316925681300E-003
  -2.2193602782309934E-003
  -2.1946247111146928E-003
  -2.1701233216509059E-003
  -2.1458544448538005E-003
  -2.1218164204116889E-003
  -2.0980075927742791E-003
  -2.0744263112416070E-003
  -2.0510709300491335E-003
  -2.0279398084509090E-003
  -2.0050313108019701E-003
  -1.9823438066407643E-003
  -1.9598756707644004E-003
  -1.9376252833107550E-003
  -1.9155910298299158E-003
  -1.8937713013606745E-003
  -1.8721644945027245E-003
  -1.8507690114870775E-003
  -1.8295832602467762E-003
  -1.8086056544829717E-003
  -1.7878346137336332E-003
  -1.7672685634359945E-003
  -1.7469059349917442E-003
  -1.7267451658282273E-003
  -1.7067846994583396E-003
  -1.6870229855408020E-003
  -1.6674584799363434E-003
  -1.6480896447636909E-003
  -1.6289149484560491E-003
  -1.6099328658117126E-003
  -1.5911418780467344E-003
  -1.5725404728462696E-003
  -1.5541271444138099E-003
  -1.5359003935163330E-003
  -1.5178587275326021E-003
  -1.5000006604981061E-003
  -1.4823247131481800E-003
  -1.4648294129599876E-003
  -1.4475132941935414E-003
  -1.4303748979326535E-003
  -1.4134127721222693E-003
  -1.3966254716056218E-003
  -1.3800115581591929E-003
  -1.3635696005317827E-003
  -1.3472981744703234E-003
  -1.3311958627599556E-003
  -1.3152612552496537E-003
  -1.2994929488852479E-003
  -1.2838895477358214E-003
  -1.2684496630231924E-003
  -1.2531719131470356E-003
  -1.2380549237088023E-003
  -1.2230973275402586E-003
  -1.2082977647207432E-003
  -1.1936548826045042E-003
  -1.1791673358365431E-003
  -1.1648337863763003E-003
  -1.1506529035148760E-003
  -1.1366233638903924E-003
  -1.1227438515095207E-003
  -1.1090130577583485E-003
  -1.0954296814192222E-003
  -1.0819924286838885E-003
  -1.0687000131662768E-003
  -1.0555511559136171E-003
  -1.0425445854169372E-003
  -1.0296790376216186E-003
  -1.0169532559356884E-003
  -1.0043659912370461E-003
  -9.9191600188166867E-004
  -9.7960205370805449E-004
  -9.6742292004355361E-004
  -9.5537738170829766E-004
  -9.4346422701772805E-004
  -9.3168225178762252E-004
  -9.2003025933243905E-004
  -9.0850706046824274E-004
  -8.9711147351206780E-004
  -8.8584232428235799E-004
  -8.7469844609512908E-004
  -8.6367867976374225E-004
  -8.5278187359510949E-004
  -8.4200688338572358E-004
  -8.3135257241560010E-004
  -8.2081781144643083E-004
  -8.1040147871305334E-004
  -8.0010245991595939E-004
  -7.8991964821532824E-004
  -7.7985194422348415E-004
  -7.6989825599381933E-004
  -7.6005749901263153E-004
  -7.5032859618915921E-004
  -7.4071047784476539E-004
  -7.3120208169969261E-004
  -7.2180235286314291E-004
  -7.1251024382046021E-004
  -7.0332471441770107E-004
  -6.9424473185041946E-004
  -6.8526927064701171E-004
  -6.7639731265543412E-004
  -6.6762784702557507E-004
  -6.5895987019473840E-004
  -6.5039238587014613E-004
  -6.4192440501300587E-004
  -6.3355494581841191E-004
  -6.2528303369871691E-004
  -6.1710770126368762E-004
  -6.0902798830264008E-004
  -6.0104294176410386E-004
  -5.9315161573421013E-004
  -5.8535307141811810E-004
  -5.7764637711821970E-004
  -5.7003060820968500E-004
  -5.6250484712345539E-004
  -5.5506818332106821E-004
  -5.4771971327076266E-004
  -5.4045854042597010E-004
  -5.3328377520009884E-004
  -5.2619453494440768E-004
  -5.1918994392218920E-004
  -5.1226913328367347E-004
  -5.0543124104208482E-004
  -4.9867541204708771E-004
  -4.9200079795898289E-004
  -4.8540655722194504E-004
  -4.7889185503904017E-004
  -4.7245586334407021E-004
  -4.6609776077430006E-004
  -4.5981673264363352E-004
  -4.5361197091497139E-004
  -4.4748267416870201E-004
  -4.4142804758184320E-004
  -4.3544730289009180E-004
  -4.2953965836694711E-004
  -4.2370433878847536E-004
  -4.1794057540759559E-004
  -4.1224760592367481E-004
  -4.0662467445027852E-004
  -4.0107103148921355E-004
  -3.9558593389541586E-004
  -3.9016864484964903E-004
  -3.8481843382779247E-004
  -3.7953457656751498E-004
  -3.7431635503788535E-004
  -3.6916305740939710E-004
  -3.6407397802134687E-004
  -3.5904841734935949E-004
  -3.5408568197438031E-004
  -3.4918508455088058E-004
  -3.4434594377410078E-004
  -3.3956758434745414E-004
  -3.3484933695007875E-004
  -3.3019053820504017E-004
  -3.2559053064523333E-004
  -3.2104866268135011E-004
  -3.1656428856819156E-004
  -3.1213676837213032E-004
  -3.0776546793785903E-004
  -3.0344975885421429E-004
  -2.9918901842156283E-004
  -2.9498262961776537E-004
  -2.9082998106495631E-004
  -2.8673046699512753E-004
  -2.8268348721738887E-004
  -2.7868844708378652E-004
  -2.7474475745377418E-004
  -2.7085183466221696E-004
  -2.6700910048527078E-004
  -2.6321598210546007E-004
  -2.5947191207743549E-004
  -2.5577632829506267E-004
  -2.5212867395482365E-004
  -2.4852839752454397E-004
  -2.4497495270726200E-004
  -2.4146779840755021E-004
  -2.3800639869685867E-004
  -2.3459022277889878E-004
  -2.3121874495744702E-004
  -2.2789144459867467E-004
  -2.2460780609998612E-004
  -2.2136731885311176E-004
  -2.1816947721251461E-004
  -2.1501378045825917E-004
  -2.1189973276353839E-004
  -2.0882684316012487E-004
  -2.0579462550458875E-004
  -2.0280259844179070E-004
  -1.9985028537502996E-004
  -1.9693721442618886E-004
  -1.9406291840788566E-004
  -1.9122693478325359E-004
  -1.8842880563817459E-004
  -1.8566807764161522E-004
  -1.8294430201502620E-004
  -1.8025703449874172E-004
  -1.7760583531535170E-004
  -1.7499026913952515E-004
  -1.7240990506093442E-004
  -1.6986431655364019E-004
  -1.6735308144024018E-004
  -1.6487578186100561E-004
  -1.6243200423644445E-004
  -1.6002133923876343E-004
  -1.5764338175498142E-004
  -1.5529773085513367E-004
  -1.5298398976001500E-004
  -1.5070176580675028E-004
  -1.4845067041697785E-004
  -1.4623031906245407E-004
  -1.4404033123617373E-004
  -1.4188033041486188E-004
  -1.3974994402891081E-004
  -1.3764880343105520E-004
  -1.3557654386182525E-004
  -1.3353280441990423E-004
  -1.3151722802636363E-004
  -1.2952946139632579E-004
  -1.2756915500569579E-004
  -1.2563596305855245E-004
  -1.2372954345794766E-004
  -1.2184955777104457E-004
  -1.1999567120055203E-004
  -1.1816755255202785E-004
  -1.1636487420262175E-004
  -1.1458731207231424E-004
  -1.1283454558917601E-004
  -1.1110625766073776E-004
  -1.0940213464486274E-004
  -1.0772186631586416E-004
  -1.0606514583627374E-004
  -1.0443166972715811E-004
  -1.0282113783534856E-004
  -1.0123325330548875E-004
  -9.9667722549905981E-005
  -9.8124255219191834E-005
  -9.6602564170439228E-005
  -9.5102365440735370E-005
  -9.3623378216136884E-005
  -9.2165324803090005E-005
  -9.0727930597963558E-005
  -8.9310924060273568E-005
  -8.7914036682984841E-005
  -8.6537002963440801E-005
  -8.5179560375015588E-005
  -8.3841449339588608E-005
  -8.2522413197706336E-005
  -8.1222198182943868E-005
  -7.9940553391513790E-005
  -7.8677230756293460E-005
  -7.7431985017338770E-005
  -7.6204573697005921E-005
  -7.4994757069841598E-005
  -7.3802298137885577E-005
  -7.2626962600729519E-005
  -7.1468518831694717E-005
  -7.0326737849905622E-005
  -6.9201393291708733E-005
  -6.8092261387589549E-005
  -6.6999120933300890E-005
  -6.5921753265105681E-005
  -6.4859942232594150E-005
  -6.3813474174183256E-005
  -6.2782137891027707E-005
  -6.1765724619079220E-005
  -6.0764028007229473E-005
  -5.9776844089811270E-005
  -5.8803971262358883E-005
  -5.7845210256271628E-005
  -5.6900364112720302E-005
  -5.5969238161495725E-005
  -5.5051639992174448E-005
  -5.4147379431541804E-005
  -5.3256268520049200E-005
  -5.2378121487710312E-005
  -5.1512754727632500E-005
  -5.0659986774524638E-005
  -4.9819638280398247E-005
  -4.8991531991964423E-005
  -4.8175492724317990E-005
  -4.7371347340612914E-005
  -4.6578924727471253E-005
  -4.5798055772040792E-005
  -4.5028573339028607E-005
  -4.4270312249331197E-005
  -4.3523109255341478E-005
  -4.2786803019065773E-005
  -4.2061234091389586E-005
  -4.1346244887551359E-005
  -4.0641679667360851E-005
  -3.9947384509953759E-005
  -3.9263207295648827E-005
  -3.8588997682045462E-005
  -3.7924607083622052E-005
  -3.7269888648871332E-005
  -3.6624697239717785E-005
  -3.5988889411321713E-005
  -3.5362323390478504E-005
  -3.4744859052166911E-005
  -3.4136357902746752E-005
  -3.3536683057732235E-005
  -3.2945699218876549E-005
  -3.2363272657230474E-005
  -3.1789271190991853E-005
  -3.1223564165997185E-005
  -3.0666022433865266E-005
  -3.0116518334477083E-005
  -2.9574925674132054E-005
  -2.9041119706973258E-005
  -2.8514977114640967E-005
  -2.7996375986687267E-005
  -2.7485195801841804E-005
  -2.6981317407143417E-005
  -2.6484623000639496E-005
  -2.5994996110373699E-005
  -2.5512321577570053E-005
  -2.5036485533587418E-005
  -2.4567375386418029E-005
  -2.4104879797180247E-005
  -2.3648888664742506E-005
  -2.3199293104488105E-005
  -2.2755985432297298E-005
  -2.2318859143110867E-005
  -2.1887808896958369E-005
  -2.1462730495076530E-005
  -2.1043520867177946E-005
  -2.0630078048736823E-005
  -2.0222301166271121E-005
  -1.9820090418174867E-005
  -1.9423347055452597E-005
  -1.9031973366340672E-005
  -1.8645872657998321E-005
  -1.8264949235799027E-005
  -1.7889108389649748E-005
  -1.7518256375005349E-005
  -1.7152300394029056E-005
  -1.6791148580264644E-005
  -1.6434709978919336E-005
  -1.6082894532022998E-005
  -1.5735613058497940E-005
  -1.5392777238783856E-005
  -1.5054299596547320E-005
  -1.4720093482743585E-005
  -1.4390073055667148E-005
  -1.4064153267685174E-005
  -1.3742249844597595E-005
  -1.3424279270527997E-005
  -1.3110158770526743E-005
  -1.2799806293257799E-005
  -1.2493140493739601E-005
  -1.2190080716627650E-005
  -1.1890546979628615E-005
  -1.1594459955960027E-005
  -1.1301740957188134E-005
  -1.1012311916568780E-005
  -1.0726095372540495E-005
  -1.0443014450465450E-005
  -1.0162992846228499E-005
  -9.8859548098617965E-006
  -9.6118251281853026E-006
  -9.3405291068156242E-006
  -9.0719925538064670E-006
  -8.8061417633473024E-006
  -8.5429034970141178E-006
  -8.2822049665605898E-006
  -8.0239738199240398E-006
  -7.7681381195043040E-006
  -7.5146263272663397E-006
  -7.2633672874950808E-006
  -7.0142902081565181E-006
  -6.7673246454071000E-006
  -6.5224004825451388E-006
  -6.2794479171124974E-006
  -6.0383974399496266E-006
  -5.7991798168128263E-006
  -5.5617260734009901E-006
  -5.3259674755553658E-006
  -5.0918355110318059E-006
  -4.8592618730022636E-006
  -4.6281784401847545E-006
  -4.3985172582249737E-006
  -4.1702105232796772E-006
  -3.9431905620697913E-006
  -3.7173898121640674E-006
  -3.4927408054774171E-006
  -3.2691761470514720E-006
  -3.0466284979680436E-006
  -2.8250305546997781E-006
  -2.6043150295128784E-006
  -2.3844146326085620E-006
  -2.1652620487951295E-006
  -1.9467899223061616E-006
  -1.7289308335843632E-006
  -1.5116172794869535E-006
  -1.2947816523830838E-006
  -1.0783562203365763E-006
  -8.6227310664720818E-007
  -6.4646426670735282E-007
  -4.3086146896279579E-007
  -2.1539627090761108E-007
