  -4.7764477252491343E-005
  -9.5530032588636544E-005
  -1.4329773619594879E-004
  -1.9106865039901911E-004
  -2.3884382969220470E-004
  -2.8662432077179180E-004
  -3.3441116256764051E-004
  -3.8220538627431222E-004
  -4.3000801538169099E-004
  -4.7782006570508520E-004
  -5.2564254541484501E-004
  -5.7347645506547527E-004
  -6.2132278762425260E-004
  -6.6918252849934644E-004
  -7.1705665556746857E-004
  -7.6494613920106080E-004
  -8.1285194229494776E-004
  -8.6077502029259295E-004
  -9.0871632121182814E-004
  -9.5667678567015919E-004
  -1.0046573469095618E-003
  -1.0526589308209333E-003
  -1.1006824559679413E-003
  -1.1487288336105613E-003
  -1.1967989677280685E-003
  -1.2448937550416771E-003
  -1.2930140850367113E-003
  -1.3411608399843062E-003
  -1.3893348949627624E-003
  -1.4375371178784045E-003
  -1.4857683694860593E-003
  -1.5340295034091073E-003
  -1.5823213661591469E-003
  -1.6306447971552300E-003
  -1.6790006287427041E-003
  -1.7273896862116658E-003
  -1.7758127878149889E-003
  -1.8242707447859651E-003
  -1.8727643613555729E-003
  -1.9212944347694184E-003
  -1.9698617553041103E-003
  -2.0184671062835370E-003
  -2.0671112640944841E-003
  -2.1157949982020955E-003
  -2.1645190711649023E-003
  -2.2132842386494338E-003
  -2.2620912494445509E-003
  -2.3109408454753716E-003
  -2.3598337618168817E-003
  -2.4087707267071092E-003
  -2.4577524615601036E-003
  -2.5067796809784414E-003
  -2.5558530927654848E-003
  -2.6049733979371975E-003
  -2.6541412907337969E-003
  -2.7033574586308958E-003
  -2.7526225823504336E-003
  -2.8019373358713056E-003
  -2.8513023864395661E-003
  -2.9007183945783700E-003
  -2.9501860140977248E-003
  -2.9997058921036848E-003
  -3.0492786690074153E-003
  -3.0989049785340064E-003
  -3.1485854477307654E-003
  -3.1983206969754363E-003
  -3.2481113399840445E-003
  -3.2979579838183846E-003
  -3.3478612288934560E-003
  -3.3978216689842028E-003
  -3.4478398912324189E-003
  -3.4979164761530712E-003
  -3.5480519976405570E-003
  -3.5982470229744376E-003
  -3.6485021128252288E-003
  -3.6988178212596762E-003
  -3.7491946957458511E-003
  -3.7996332771580944E-003
  -3.8501340997814208E-003
  -3.9006976913159002E-003
  -3.9513245728809814E-003
  -4.0020152590189931E-003
  -4.0527702576989731E-003
  -4.1035900703199034E-003
  -4.1544751917139211E-003
  -4.2054261101491571E-003
  -4.2564433073324524E-003
  -4.3075272584117436E-003
  -4.3586784319782591E-003
  -4.4098972900684626E-003
  -4.4611842881659286E-003
  -4.5125398752028619E-003
  -4.5639644935613179E-003
  -4.6154585790746400E-003
  -4.6670225610279314E-003
  -4.7186568621591651E-003
  -4.7703618986593361E-003
  -4.8221380801731573E-003
  -4.8739858097987809E-003
  -4.9259054840880070E-003
  -4.9778974930460487E-003
  -5.0299622201308196E-003
  -5.0821000422525088E-003
  -5.1343113297725044E-003
  -5.1865964465025666E-003
  -5.2389557497036880E-003
  -5.2913895900846284E-003
  -5.3438983118004454E-003
  -5.3964822524507966E-003
  -5.4491417430779709E-003
  -5.5018771081650165E-003
  -5.5546886656333300E-003
  -5.6075767268406289E-003
  -5.6605415965781504E-003
  -5.7135835730681983E-003
  -5.7667029479611907E-003
  -5.8199000063326152E-003
  -5.8731750266802461E-003
  -5.9265282809206560E-003
  -5.9799600343859666E-003
  -6.0334705458201634E-003
  -6.0870600673755609E-003
  -6.1407288446089755E-003
  -6.1944771164777227E-003
  -6.2483051153357748E-003
  -6.3022130669294239E-003
  -6.3562011903931098E-003
  -6.4102696982447881E-003
  -6.4644187963817674E-003
  -6.5186486840757884E-003
  -6.5729595539682165E-003
  -6.6273515920654618E-003
  -6.6818249777337397E-003
  -6.7363798836943059E-003
  -6.7910164760176910E-003
  -6.8457349141191979E-003
  -6.9005353507530466E-003
  -6.9554179320070282E-003
  -7.0103827972970755E-003
  -7.0654300793612018E-003
  -7.1205599042542022E-003
  -7.1757723913416904E-003
  -7.2310676532943092E-003
  -7.2864457960815860E-003
  -7.3419069189660131E-003
  -7.3974511144967890E-003
  -7.4530784685034636E-003
  -7.5087890600902671E-003
  -7.5645829616292123E-003
  -7.6204602387540165E-003
  -7.6764209503533999E-003
  -7.7324651485647560E-003
  -7.7885928787674551E-003
  -7.8448041795762865E-003
  -7.9010990828347807E-003
  -7.9574776136085192E-003
  -8.0139397901782088E-003
  -8.0704856240328641E-003
  -8.1271151198630005E-003
  -8.1838282755539588E-003
  -8.2406250821786924E-003
  -8.2975055239908908E-003
  -8.3544695784177770E-003
  -8.4115172160534671E-003
  -8.4686484006512072E-003
  -8.5258630891170972E-003
  -8.5831612315023214E-003
  -8.6405427709966461E-003
  -8.6980076439207941E-003
  -8.7555557797192457E-003
  -8.8131871009532615E-003
  -8.8709015232934056E-003
  -8.9286989555126418E-003
  -8.9865792994787801E-003
  -9.0445424501478140E-003
  -9.1025882955563346E-003
  -9.1607167168141299E-003
  -9.2189275880974128E-003
  -9.2772207766410354E-003
  -9.3355961427322026E-003
  -9.3940535397021973E-003
  -9.4525928139198179E-003
  -9.5112138047840598E-003
  -9.5699163447168674E-003
  -9.6287002591564277E-003
  -9.6875653665493538E-003
  -9.7465114783440113E-003
  -9.8055383989834911E-003
  -9.8646459258984777E-003
  -9.9238338495004630E-003
  -9.9831019531741814E-003
  -1.0042450013271278E-002
  -1.0101877799103215E-002
  -1.0161385072934223E-002
  -1.0220971589974735E-002
  -1.0280637098374292E-002
  -1.0340381339215107E-002
  -1.0400204046505270E-002
  -1.0460104947172253E-002
  -1.0520083761055916E-002
  -1.0580140200902591E-002
  -1.0640273972358033E-002
  -1.0700484773961452E-002
  -1.0760772297138760E-002
  -1.0821136226196822E-002
  -1.0881576238316690E-002
  -1.0942092003547696E-002
  -1.1002683184801293E-002
  -1.1063349437845269E-002
  -1.1124090411297777E-002
  -1.1184905746621069E-002
  -1.1245795078116263E-002
  -1.1306758032917518E-002
  -1.1367794230986135E-002
  -1.1428903285105589E-002
  -1.1490084800875341E-002
  -1.1551338376706131E-002
  -1.1612663603814372E-002
  -1.1674060066217224E-002
  -1.1735527340727312E-002
  -1.1797064996948020E-002
  -1.1858672597268100E-002
  -1.1920349696857707E-002
  -1.1982095843663363E-002
  -1.2043910578403720E-002
  -1.2105793434564424E-002
  -1.2167743938394430E-002
  -1.2229761608901150E-002
  -1.2291845957847155E-002
  -1.2353996489746123E-002
  -1.2416212701858451E-002
  -1.2478494084187648E-002
  -1.2540840119476740E-002
  -1.2603250283205407E-002
  -1.2665724043585748E-002
  -1.2728260861559707E-002
  -1.2790860190796035E-002
  -1.2853521477686997E-002
  -1.2916244161345592E-002
  -1.2979027673602716E-002
  -1.3041871439005179E-002
  -1.3104774874812647E-002
  -1.3167737390996003E-002
  -1.3230758390234998E-002
  -1.3293837267916594E-002
  -1.3356973412132607E-002
  -1.3420166203678712E-002
  -1.3483415016052026E-002
  -1.3546719215451175E-002
  -1.3610078160773592E-002
  -1.3673491203616054E-002
  -1.3736957688272032E-002
  -1.3800476951732784E-002
  -1.3864048323686153E-002
  -1.3927671126516154E-002
  -1.3991344675302907E-002
  -1.4055068277822682E-002
  -1.4118841234547840E-002
  -1.4182662838647277E-002
  -1.4246532375987215E-002
  -1.4310449125131722E-002
  -1.4374412357343562E-002
  -1.4438421336585875E-002
  -1.4502475319522928E-002
  -1.4566573555521227E-002
  -1.4630715286651663E-002
  -1.4694899747691790E-002
  -1.4759126166126560E-002
  -1.4823393762152201E-002
  -1.4887701748677332E-002
  -1.4952049331326605E-002
  -1.5016435708442561E-002
  -1.5080860071089870E-002
  -1.5145321603057423E-002
  -1.5209819480862795E-002
  -1.5274352873755163E-002
  -1.5338920943719516E-002
  -1.5403522845481001E-002
  -1.5468157726508603E-002
  -1.5532824727019955E-002
  -1.5597522979986267E-002
  -1.5662251611137157E-002
  -1.5727009738965791E-002
  -1.5791796474734481E-002
  -1.5856610922479766E-002
  -1.5921452179019656E-002
  -1.5986319333958193E-002
  -1.6051211469692756E-002
  -1.6116127661420614E-002
  -1.6181066977144800E-002
  -1.6246028477682466E-002
  -1.6311011216670616E-002
  -1.6376014240575169E-002
  -1.6441036588697160E-002
  -1.6506077293182080E-002
  -1.6571135379027810E-002
  -1.6636209864092928E-002
  -1.6701299759105351E-002
  -1.6766404067671048E-002
  -1.6831521786283735E-002
  -1.6896651904333957E-002
  -1.6961793404120070E-002
  -1.7026945260856286E-002
  -1.7092106442684357E-002
  -1.7157275910683566E-002
  -1.7222452618882018E-002
  -1.7287635514266920E-002
  -1.7352823536795976E-002
  -1.7418015619410036E-002
  -1.7483210688042837E-002
  -1.7548407661634999E-002
  -1.7613605452145333E-002
  -1.7678802964564311E-002
  -1.7743999096926914E-002
  -1.7809192740324269E-002
  -1.7874382778920145E-002
  -1.7939568089961368E-002
  -1.8004747543793748E-002
  -1.8069920003875951E-002
  -1.8135084326794022E-002
  -1.8200239362275990E-002
  -1.8265383953207700E-002
  -1.8330516935647967E-002
  -1.8395637138843641E-002
  -1.8460743385246274E-002
  -1.8525834490528307E-002
  -1.8590909263599516E-002
  -1.8655966506624627E-002
  -1.8721005015039063E-002
  -1.8786023577567382E-002
  -1.8851020976240297E-002
  -1.8915995986414240E-002
  -1.8980947376788199E-002
  -1.9045873909423059E-002
  -1.9110774339760446E-002
  -1.9175647416641812E-002
  -1.9240491882327421E-002
  -1.9305306472516930E-002
  -1.9370089916369682E-002
  -1.9434840936525529E-002
  -1.9499558249124711E-002
  -1.9564240563829230E-002
  -1.9628886583843295E-002
  -1.9693495005937239E-002
  -1.9758064520467637E-002
  -1.9822593811400252E-002
  -1.9887081556332106E-002
  -1.9951526426515546E-002
  -2.0015927086880506E-002
  -2.0080282196059108E-002
  -2.0144590406408345E-002
  -2.0208850364035892E-002
  -2.0273060708823020E-002
  -2.0337220074450622E-002
  -2.0401327088422776E-002
  -2.0465380372094142E-002
  -2.0529378540693879E-002
  -2.0593320203354720E-002
  -2.0657203963135910E-002
  -2.0721028417051628E-002
  -2.0784792156099328E-002
  -2.0848493765285320E-002
  -2.0912131823652969E-002
  -2.0975704904311828E-002
  -2.1039211574464697E-002
  -2.1102650395436767E-002
  -2.1166019922705274E-002
  -2.1229318705928864E-002
  -2.1292545288975600E-002
  -2.1355698209955781E-002
  -2.1418776001250094E-002
  -2.1481777189542559E-002
  -2.1544700295848939E-002
  -2.1607543835550132E-002
  -2.1670306318422979E-002
  -2.1732986248673900E-002
  -2.1795582124968887E-002
  -2.1858092440467637E-002
  -2.1920515682857480E-002
  -2.1982850334384085E-002
  -2.2045094871888986E-002
  -2.2107247766840508E-002
  -2.2169307485370077E-002
  -2.2231272488305420E-002
  -2.2293141231206567E-002
  -2.2354912164402062E-002
  -2.2416583733023913E-002
  -2.2478154377043553E-002
  -2.2539622531309058E-002
  -2.2600986625581521E-002
  -2.2662245084572624E-002
  -2.2723396327980872E-002
  -2.2784438770531476E-002
  -2.2845370822012788E-002
  -2.2906190887315880E-002
  -2.2966897366472283E-002
  -2.3027488654694669E-002
  -2.3087963142415818E-002
  -2.3148319215328807E-002
  -2.3208555254425691E-002
  -2.3268669636040400E-002
  -2.3328660731888076E-002
  -2.3388526909107116E-002
  -2.3448266530300851E-002
  -2.3507877953578067E-002
  -2.3567359532597591E-002
  -2.3626709616609391E-002
  -2.3685926550498473E-002
  -2.3745008674827706E-002
  -2.3803954325881470E-002
  -2.3862761835709706E-002
  -2.3921429532171811E-002
  -2.3979955738982837E-002
  -2.4038338775757059E-002
  -2.4096576958053843E-002
  -2.4154668597423764E-002
  -2.4212612001454067E-002
  -2.4270405473816009E-002
  -2.4328047314310614E-002
  -2.4385535818916199E-002
  -2.4442869279835376E-002
  -2.4500045985543548E-002
  -2.4557064220836148E-002
  -2.4613922266878020E-002
  -2.4670618401252491E-002
  -2.4727150898009111E-002
  -2.4783518027713509E-002
  -2.4839718057497677E-002
  -2.4895749251110960E-002
  -2.4951609868968799E-002
  -2.5007298168204340E-002
  -2.5062812402719483E-002
  -2.5118150823236162E-002
  -2.5173311677348788E-002
  -2.5228293209576130E-002
  -2.5283093661413829E-002
  -2.5337711271386183E-002
  -2.5392144275101204E-002
  -2.5446390905301951E-002
  -2.5500449391922555E-002
  -2.5554317962139996E-002
  -2.5607994840430266E-002
  -2.5661478248622440E-002
  -2.5714766405954711E-002
  -2.5767857529127806E-002
  -2.5820749832363623E-002
  -2.5873441527458626E-002
  -2.5925930823842556E-002
  -2.5978215928632413E-002
  -2.6030295046691451E-002
  -2.6082166380686111E-002
  -2.6133828131143542E-002
  -2.6185278496510069E-002
  -2.6236515673208699E-002
  -2.6287537855699050E-002
  -2.6338343236534837E-002
  -2.6388930006423970E-002
  -2.6439296354286698E-002
  -2.6489440467318218E-002
  -2.6539360531046614E-002
  -2.6589054729394695E-002
  -2.6638521244738735E-002
  -2.6687758257972014E-002
  -2.6736763948564175E-002
  -2.6785536494623861E-002
  -2.6834074072961796E-002
  -2.6882374859151108E-002
  -2.6930437027591719E-002
  -2.6978258751571161E-002
  -2.7025838203329208E-002
  -2.7073173554122199E-002
  -2.7120262974284628E-002
  -2.7167104633294657E-002
  -2.7213696699837898E-002
  -2.7260037341873201E-002
  -2.7306124726696069E-002
  -2.7351957021004326E-002
  -2.7397532390962692E-002
  -2.7442849002270512E-002
  -2.7487905020227143E-002
  -2.7532698609798276E-002
  -2.7577227935681313E-002
  -2.7621491162373630E-002
  -2.7665486454239639E-002
  -2.7709211975577352E-002
  -2.7752665890687041E-002
  -2.7795846363937695E-002
  -2.7838751559837886E-002
  -2.7881379643102711E-002
  -2.7923728778721235E-002
  -2.7965797132026821E-002
  -2.8007582868766642E-002
  -2.8049084155171138E-002
  -2.8090299158022657E-002
  -2.8131226044727561E-002
  -2.8171862983383995E-002
  -2.8212208142853485E-002
  -2.8252259692832685E-002
  -2.8292015803924632E-002
  -2.8331474647706471E-002
  -2.8370634396804938E-002
  -2.8409493224965950E-002
  -2.8448049307126588E-002
  -2.8486300819487342E-002
  -2.8524245939586267E-002
  -2.8561882846370432E-002
  -2.8599209720266795E-002
  -2.8636224743258817E-002
  -2.8672926098957004E-002
  -2.8709311972673790E-002
  -2.8745380551496676E-002
  -2.8781130024362798E-002
  -2.8816558582132598E-002
  -2.8851664417663566E-002
  -2.8886445725886046E-002
  -2.8920900703877355E-002
  -2.8955027550936770E-002
  -2.8988824468660551E-002
  -2.9022289661017622E-002
  -2.9055421334425145E-002
  -2.9088217697822938E-002
  -2.9120676962751675E-002
  -2.9152797343426757E-002
  -2.9184577056816818E-002
  -2.9216014322719211E-002
  -2.9247107363836015E-002
  -2.9277854405850675E-002
  -2.9308253677506748E-002
  -2.9338303410681849E-002
  -2.9368001840468744E-002
  -2.9397347205250376E-002
  -2.9426337746777716E-002
  -2.9454971710248901E-002
  -2.9483247344386423E-002
  -2.9511162901514728E-002
  -2.9538716637639798E-002
  -2.9565906812524995E-002
  -2.9592731689771879E-002
  -2.9619189536897444E-002
  -2.9645278625415022E-002
  -2.9670997230910375E-002
  -2.9696343633123540E-002
  -2.9721316116024667E-002
  -2.9745912967897175E-002
  -2.9770132481415267E-002
  -2.9793972953722787E-002
  -2.9817432686512772E-002
  -2.9840509986109605E-002
  -2.9863203163545609E-002
  -2.9885510534644034E-002
  -2.9907430420097185E-002
  -2.9928961145547838E-002
  -2.9950101041668190E-002
  -2.9970848444240934E-002
  -2.9991201694239505E-002
  -3.0011159137909853E-002
  -3.0030719126848359E-002
  -3.0049880018084833E-002
  -3.0068640174162865E-002
  -3.0086997963219168E-002
  -3.0104951759067314E-002
  -3.0122499941274632E-002
  -3.0139640895248038E-002
  -3.0156373012310764E-002
  -3.0172694689785944E-002
  -3.0188604331077361E-002
  -3.0204100345751151E-002
  -3.0219181149616026E-002
  -3.0233845164803853E-002
  -3.0248090819853246E-002
  -3.0261916549789401E-002
  -3.0275320796204951E-002
  -3.0288302007343226E-002
  -3.0300858638178264E-002
  -3.0312989150496659E-002
  -3.0324692012979621E-002
  -3.0335965701283545E-002
  -3.0346808698121220E-002
  -3.0357219493345595E-002
  -3.0367196584028328E-002
  -3.0376738474543207E-002
  -3.0385843676646672E-002
  -3.0394510709559272E-002
  -3.0402738100048309E-002
  -3.0410524382506535E-002
  -3.0417868099036547E-002
  -3.0424767799530558E-002
  -3.0431222041751384E-002
  -3.0437229391415358E-002
  -3.0442788422272587E-002
  -3.0447897716187462E-002
  -3.0452555863221039E-002
  -3.0456761461710721E-002
  -3.0460513118353662E-002
  -3.0463809448284945E-002
  -3.0466649075159963E-002
  -3.0469030631236068E-002
  -3.0470952757452815E-002
  -3.0472414103512133E-002
  -3.0473413327957482E-002
  -3.0473949098257066E-002
  -3.0474020090883524E-002
  -3.0473624991393791E-002
  -3.0472762494509798E-002
  -3.0471431304198715E-002
  -3.0469630133752326E-002
  -3.0467357705867063E-002
  -3.0464612752725096E-002
  -3.0461394016072535E-002
  -3.0457700247300115E-002
  -3.0453530207521527E-002
  -3.0448882667652909E-002
  -3.0443756408494119E-002
  -3.0438150220805715E-002
  -3.0432062905387944E-002
  -3.0425493273160999E-002
  -3.0418440145242327E-002
  -3.0410902353025671E-002
  -3.0402878738259535E-002
  -3.0394368153123956E-002
  -3.0385369460310618E-002
  -3.0375881533099804E-002
  -3.0365903255437941E-002
  -3.0355433522014301E-002
  -3.0344471238339943E-002
  -3.0333015320824254E-002
  -3.0321064696850558E-002
  -3.0308618304854835E-002
  -3.0295675094401030E-002
  -3.0282234026257564E-002
  -3.0268294072473126E-002
  -3.0253854216453921E-002
  -3.0238913453037752E-002
  -3.0223470788569774E-002
  -3.0207525240978573E-002
  -3.0191075839850097E-002
  -3.0174121626503677E-002
  -3.0156661654065067E-002
  -3.0138694987543149E-002
  -3.0120220703899886E-002
  -3.0101237892128201E-002
  -3.0081745653324599E-002
  -3.0061743100761103E-002
  -3.0041229359958097E-002
  -3.0020203568758019E-002
  -2.9998664877397729E-002
  -2.9976612448580985E-002
  -2.9954045457549153E-002
  -2.9930963092154744E-002
  -2.9907364552931304E-002
  -2.9883249053164591E-002
  -2.9858615818963832E-002
  -2.9833464089332004E-002
  -2.9807793116235059E-002
  -2.9781602164673845E-002
  -2.9754890512750428E-002
  -2.9727657451739609E-002
  -2.9699902286157424E-002
  -2.9671624333830068E-002
  -2.9642822925962774E-002
  -2.9613497407203444E-002
  -2.9583647135714108E-002
  -2.9553271483238264E-002
  -2.9522369835166411E-002
  -2.9490941590602369E-002
  -2.9458986162429729E-002
  -2.9426502977376721E-002
  -2.9393491476083215E-002
  -2.9359951113164074E-002
  -2.9325881357276411E-002
  -2.9291281691180424E-002
  -2.9256151611805302E-002
  -2.9220490630313813E-002
  -2.9184298272160750E-002
  -2.9147574077162692E-002
  -2.9110317599552283E-002
  -2.9072528408047645E-002
  -2.9034206085907427E-002
  -2.8995350230996128E-002
  -2.8955960455844334E-002
  -2.8916036387707435E-002
  -2.8875577668626452E-002
  -2.8834583955487589E-002
  -2.8793054920077558E-002
  -2.8750990249147609E-002
  -2.8708389644467754E-002
  -2.8665252822886629E-002
  -2.8621579516387236E-002
  -2.8577369472143649E-002
  -2.8532622452578316E-002
  -2.8487338235416236E-002
  -2.8441516613741859E-002
  -2.8395157396053982E-002
  -2.8348260406319398E-002
  -2.8300825484025599E-002
  -2.8252852484235730E-002
  -2.8204341277640297E-002
  -2.8155291750610951E-002
  -2.8105703805253339E-002
  -2.8055577359454704E-002
  -2.8004912346938145E-002
  -2.7953708717311999E-002
  -2.7901966436119773E-002
  -2.7849685484890897E-002
  -2.7796865861186775E-002
  -2.7743507578650583E-002
  -2.7689610667055557E-002
  -2.7635175172351464E-002
  -2.7580201156712007E-002
  -2.7524688698580345E-002
  -2.7468637892715583E-002
  -2.7412048850238027E-002
  -2.7354921698671920E-002
  -2.7297256581992373E-002
  -2.7239053660666861E-002
  -2.7180313111698481E-002
  -2.7121035128668196E-002
  -2.7061219921777152E-002
  -2.7000867717886914E-002
  -2.6939978760560226E-002
  -2.6878553310103036E-002
  -2.6816591643601534E-002
  -2.6754094054962207E-002
  -2.6691060854949940E-002
  -2.6627492371227270E-002
  -2.6563388948388524E-002
  -2.6498750947997803E-002
  -2.6433578748624006E-002
  -2.6367872745878259E-002
  -2.6301633352447486E-002
  -2.6234860998126448E-002
  -2.6167556129855191E-002
  -2.6099719211749094E-002
  -2.6031350725132137E-002
  -2.5962451168567206E-002
  -2.5893021057888654E-002
  -2.5823060926232700E-002
  -2.5752571324065464E-002
  -2.5681552819212687E-002
  -2.5610005996889278E-002
  -2.5537931459725795E-002
  -2.5465329827796285E-002
  -2.5392201738643400E-002
  -2.5318547847305910E-002
  -2.5244368826343167E-002
  -2.5169665365859357E-002
  -2.5094438173527231E-002
  -2.5018687974612486E-002
  -2.4942415511995570E-002
  -2.4865621546193109E-002
  -2.4788306855378101E-002
  -2.4710472235402556E-002
  -2.4632118499815919E-002
  -2.4553246479883360E-002
  -2.4473857024606898E-002
  -2.4393951000740245E-002
  -2.4313529292807570E-002
  -2.4232592803119006E-002
  -2.4151142451787806E-002
  -2.4069179176741291E-002
  -2.3986703933739695E-002
  -2.3903717696388493E-002
  -2.3820221456147865E-002
  -2.3736216222349928E-002
  -2.3651703022205567E-002
  -2.3566682900818925E-002
  -2.3481156921192767E-002
  -2.3395126164243239E-002
  -2.3308591728804139E-002
  -2.3221554731636382E-002
  -2.3134016307434856E-002
  -2.3045977608833944E-002
  -2.2957439806414355E-002
  -2.2868404088707679E-002
  -2.2778871662200176E-002
  -2.2688843751335994E-002
  -2.2598321598518167E-002
  -2.2507306464114359E-002
  -2.2415799626454222E-002
  -2.2323802381833721E-002
  -2.2231316044509973E-002
  -2.2138341946704901E-002
  -2.2044881438600145E-002
  -2.1950935888334650E-002
  -2.1856506682003302E-002
  -2.1761595223650593E-002
  -2.1666202935267890E-002
  -2.1570331256784290E-002
  -2.1473981646064143E-002
  -2.1377155578897588E-002
  -2.1279854548993039E-002
  -2.1182080067968415E-002
  -2.1083833665342916E-002
  -2.0985116888523472E-002
  -2.0885931302797638E-002
  -2.0786278491318633E-002
  -2.0686160055095038E-002
  -2.0585577612975726E-002
  -2.0484532801636451E-002
  -2.0383027275565249E-002
  -2.0281062707045303E-002
  -2.0178640786138950E-002
  -2.0075763220672303E-002
  -1.9972431736216340E-002
  -1.9868648076066017E-002
  -1.9764414001221871E-002
  -1.9659731290369804E-002
  -1.9554601739860657E-002
  -1.9449027163687044E-002
  -1.9343009393460273E-002
  -1.9236550278386364E-002
  -1.9129651685243703E-002
  -1.9022315498356875E-002
  -1.8914543619570411E-002
  -1.8806337968221624E-002
  -1.8697700481112682E-002
  -1.8588633112485240E-002
  -1.8479137833987799E-002
  -1.8369216634646423E-002
  -1.8258871520835007E-002
  -1.8148104516243300E-002
  -1.8036917661844766E-002
  -1.7925313015862036E-002
  -1.7813292653734904E-002
  -1.7700858668084535E-002
  -1.7588013168678366E-002
  -1.7474758282393057E-002
  -1.7361096153176398E-002
  -1.7247028942012396E-002
  -1.7132558826878468E-002
  -1.7017688002711463E-002
  -1.6902418681361241E-002
  -1.6786753091553377E-002
  -1.6670693478845287E-002
  -1.6554242105584222E-002
  -1.6437401250863744E-002
  -1.6320173210478520E-002
  -1.6202560296880601E-002
  -1.6084564839132027E-002
  -1.5966189182859570E-002
  -1.5847435690205421E-002
  -1.5728306739779884E-002
  -1.5608804726611593E-002
  -1.5488932062098559E-002
  -1.5368691173956270E-002
  -1.5248084506165972E-002
  -1.5127114518922307E-002
  -1.5005783688582497E-002
  -1.4884094507609535E-002
  -1.4762049484519649E-002
  -1.4639651143824000E-002
  -1.4516902025974103E-002
  -1.4393804687304865E-002
  -1.4270361699976603E-002
  -1.4146575651915645E-002
  -1.4022449146754760E-002
  -1.3897984803774075E-002
  -1.3773185257839545E-002
  -1.3648053159339459E-002
  -1.3522591174124592E-002
  -1.3396801983440709E-002
  -1.3270688283869929E-002
  -1.3144252787260733E-002
  -1.3017498220665290E-002
  -1.2890427326271136E-002
  -1.2763042861335049E-002
  -1.2635347598114237E-002
  -1.2507344323796476E-002
  -1.2379035840433483E-002
  -1.2250424964867295E-002
  -1.2121514528661285E-002
  -1.1992307378026708E-002
  -1.1862806373751955E-002
  -1.1733014391125896E-002
  -1.1602934319866488E-002
  -1.1472569064044771E-002
  -1.1341921542008592E-002
  -1.1210994686306711E-002
  -1.1079791443612010E-002
  -1.0948314774643095E-002
  -1.0816567654085826E-002
  -1.0684553070511565E-002
  -1.0552274026299607E-002
  -1.0419733537556312E-002
  -1.0286934634031528E-002
  -1.0153880359035829E-002
  -1.0020573769360303E-002
  -9.8870179351898575E-003
  -9.7532159400197625E-003
  -9.6191708805695685E-003
  -9.4848858666975629E-003
  -9.3503640213141882E-003
  -9.2156084802921846E-003
  -9.0806223923826854E-003
  -8.9454089191217511E-003
  -8.8099712347430616E-003
  -8.6743125260871808E-003
  -8.5384359925110807E-003
  -8.4023448457947875E-003
  -8.2660423100497579E-003
  -8.1295316216242804E-003
  -7.9928160290122108E-003
  -7.8558987927568758E-003
  -7.7187831853550264E-003
  -7.5814724911614784E-003
  -7.4439700062937731E-003
  -7.3062790385330090E-003
  -7.1684029072269697E-003
  -7.0303449431902369E-003
  -6.8921084886060628E-003
  -6.7536968969265192E-003
  -6.6151135327701871E-003
  -6.4763617718227515E-003
  -6.3374450007326298E-003
  -6.1983666170109548E-003
  -6.0591300289271170E-003
  -5.9197386554048163E-003
  -5.7801959259177341E-003
  -5.6405052803835355E-003
  -5.5006701690583117E-003
  -5.3606940524314351E-003
  -5.2205804011173258E-003
  -5.0803326957478559E-003
  -4.9399544268637708E-003
  -4.7994490948063623E-003
  -4.6588202096069812E-003
  -4.5180712908781092E-003
  -4.3772058677022888E-003
  -4.2362274785199047E-003
  -4.0951396710180383E-003
  -3.9539460020172968E-003
  -3.8126500373610759E-003
  -3.6712553517985963E-003
  -3.5297655288714265E-003
  -3.3881841608003533E-003
  -3.2465148483683029E-003
  -3.1047612008051812E-003
  -2.9629268356709702E-003
  -2.8210153787404948E-003
  -2.6790304638815766E-003
  -2.5369757329414405E-003
  -2.3948548356247396E-003
  -2.2526714293764480E-003
  -2.1104291792617652E-003
  -1.9681317578445793E-003
  -1.8257828450670695E-003
  -1.6833861281298629E-003
  -1.5409453013686973E-003
  -1.3984640661329492E-003
  -1.2559461306612359E-003
  -1.1133952099605542E-003
  -9.7081502568044636E-004
  -8.2820930599025039E-004
  -6.8558178545302542E-004
  -5.4293620490092516E-004
  -4.0027631130907273E-004
  -2.5760585766995751E-004
  -1.1492860286683570E-004
   2.7751688455240691E-005
   1.7043124601392887E-004
   3.1310629401886639E-004
   4.5577305130138466E-004
   5.9842773144194727E-004
   7.4106654289982858E-004
   8.8368568914251350E-004
   1.0262813687758900E-003
   1.1688497756747647E-003
   1.3113870991146820E-003
   1.4538895239020861E-003
   1.5963532305071847E-003
   1.7387743951950089E-003
   1.8811491901581648E-003
   2.0234737836501617E-003
   2.1657443401181461E-003
   2.3079570203368284E-003
   2.4501079815417949E-003
   2.5921933775655162E-003
   2.7342093589700850E-003
   2.8761520731833239E-003
   3.0180176646345453E-003
   3.1598022748884585E-003
   3.3015020427828454E-003
   3.4431131045639528E-003
   3.5846315940242270E-003
   3.7260536426386368E-003
   3.8673753797006994E-003
   4.0085929324613460E-003
   4.1497024262679913E-003
   4.2906999846995027E-003
   4.4315817297071857E-003
   4.5723437817529041E-003
   4.7129822599468549E-003
   4.8534932821881881E-003
   4.9938729653031385E-003
   5.1341174251858211E-003
   5.2742227769378928E-003
   5.4141851350085549E-003
   5.5540006133343858E-003
   5.6936653254806230E-003
   5.8331753847815550E-003
   5.9725269044826985E-003
   6.1117159978796107E-003
   6.2507387784622587E-003
   6.3895913600543015E-003
   6.5282698569557127E-003
   6.6667703840849815E-003
   6.8050890571210035E-003
   6.9432219926449847E-003
   7.0811653082834356E-003
   7.2189151228506630E-003
   7.3564675564913272E-003
   7.4938187308239666E-003
   7.6309647690824909E-003
   7.7679017962606883E-003
   7.9046259392548512E-003
   8.0411333270071408E-003
   8.1774200906496123E-003
   8.3134823636481728E-003
   8.4493162819435485E-003
   8.5849179840973670E-003
   8.7202836114357828E-003
   8.8554093081927784E-003
   8.9902912216551032E-003
   9.1249255023040047E-003
   9.2593083039613690E-003
   9.3934357839329640E-003
   9.5273041031531409E-003
   9.6609094263280602E-003
   9.7942479220810650E-003
   9.9273157630949977E-003
   1.0060109126257603E-002
   1.0192624192806024E-002
   1.0324857148470775E-002
   1.0456804183619184E-002
   1.0588461493400652E-002
   1.0719825277889334E-002
   1.0850891742229772E-002
   1.0981657096779861E-002
   1.1112117557255394E-002
   1.1242269344873261E-002
   1.1372108686496936E-002
   1.1501631814778439E-002
   1.1630834968302800E-002
   1.1759714391732796E-002
   1.1888266335950517E-002
   1.2016487058202968E-002
   1.2144372822243463E-002
   1.2271919898475916E-002
   1.2399124564098099E-002
   1.2525983103244228E-002
   1.2652491807128885E-002
   1.2778646974187947E-002
   1.2904444910223044E-002
   1.3029881928542663E-002
   1.3154954350106019E-002
   1.3279658503664056E-002
   1.3403990725900069E-002
   1.3527947361575253E-002
   1.3651524763666380E-002
   1.3774719293509624E-002
   1.3897527320941655E-002
   1.4019945224439643E-002
   1.4141969391262997E-002
   1.4263596217593381E-002
   1.4384822108674341E-002
   1.4505643478953712E-002
   1.4626056752221457E-002
   1.4746058361750245E-002
   1.4865644750433686E-002
   1.4984812370927730E-002
   1.5103557685787306E-002
   1.5221877167606103E-002
   1.5339767299155076E-002
   1.5457224573518148E-002
   1.5574245494233807E-002
   1.5690826575428592E-002
   1.5806964341957351E-002
   1.5922655329538168E-002
   1.6037896084890035E-002
   1.6152683165867203E-002
   1.6267013141596051E-002
   1.6380882592612726E-002
   1.6494288110994574E-002
   1.6607226300497255E-002
   1.6719693776687913E-002
   1.6831687167079622E-002
   1.6943203111264654E-002
   1.7054238261049695E-002
   1.7164789280585777E-002
   1.7274852846503576E-002
   1.7384425648043027E-002
   1.7493504387186647E-002
   1.7602085778790078E-002
   1.7710166550713589E-002
   1.7817743443951595E-002
   1.7924813212762462E-002
   1.8031372624799258E-002
   1.8137418461238144E-002
   1.8242947516906881E-002
   1.8347956600413624E-002
   1.8452442534274010E-002
   1.8556402155037420E-002
   1.8659832313415958E-002
   1.8762729874409498E-002
   1.8865091717430376E-002
   1.8966914736430557E-002
   1.9068195840025327E-002
   1.9168931951617913E-002
   1.9269120009523265E-002
   1.9368756967090395E-002
   1.9467839792826427E-002
   1.9566365470516621E-002
   1.9664330999347838E-002
   1.9761733394029750E-002
   1.9858569684912411E-002
   1.9954836918110608E-002
   2.0050532155619614E-002
   2.0145652475436471E-002
   2.0240194971675445E-002
   2.0334156754687943E-002
   2.0427534951178081E-002
   2.0520326704319254E-002
   2.0612529173871685E-002
   2.0704139536294030E-002
   2.0795154984862129E-002
   2.0885572729779627E-002
   2.0975389998293126E-002
   2.1064604034804580E-002
   2.1153212100982272E-002
   2.1241211475873240E-002
   2.1328599456014088E-002
   2.1415373355540297E-002
   2.1501530506296145E-002
   2.1587068257943948E-002
   2.1671983978070838E-002
   2.1756275052297547E-002
   2.1839938884383955E-002
   2.1922972896334530E-002
   2.2005374528506066E-002
   2.2087141239710718E-002
   2.2168270507320370E-002
   2.2248759827368764E-002
   2.2328606714654840E-002
   2.2407808702844964E-002
   2.2486363344572869E-002
   2.2564268211540943E-002
   2.2641520894618492E-002
   2.2718119003942310E-002
   2.2794060169013707E-002
   2.2869342038795350E-002
   2.2943962281808342E-002
   2.3017918586228679E-002
   2.3091208659981044E-002
   2.3163830230833606E-002
   2.3235781046490756E-002
   2.3307058874687585E-002
   2.3377661503280071E-002
   2.3447586740337180E-002
   2.3516832414230159E-002
   2.3585396373722312E-002
   2.3653276488057470E-002
   2.3720470647050178E-002
   2.3786976761168619E-002
   2.3852792761624751E-002
   2.3917916600455918E-002
   2.3982346250614139E-002
   2.4046079706044721E-002
   2.4109114981773382E-002
   2.4171450113985627E-002
   2.4233083160109622E-002
   2.4294012198894696E-002
   2.4354235330492163E-002
   2.4413750676534268E-002
   2.4472556380211005E-002
   2.4530650606346849E-002
   2.4588031541477554E-002
   2.4644697393925181E-002
   2.4700646393871820E-002
   2.4755876793434058E-002
   2.4810386866733709E-002
   2.4864174909971500E-002
   2.4917239241495387E-002
   2.4969578201872875E-002
   2.5021190153958192E-002
   2.5072073482959763E-002
   2.5122226596510304E-002
   2.5171647924729118E-002
   2.5220335920290705E-002
   2.5268289058486038E-002
   2.5315505837288820E-002
   2.5361984777415830E-002
   2.5407724422388058E-002
   2.5452723338595575E-002
   2.5496980115351477E-002
   2.5540493364955178E-002
   2.5583261722746289E-002
   2.5625283847164063E-002
   2.5666558419803139E-002
   2.5707084145467581E-002
   2.5746859752224894E-002
   2.5785883991460742E-002
   2.5824155637927802E-002
   2.5861673489800310E-002
   2.5898436368721259E-002
   2.5934443119853205E-002
   2.5969692611924691E-002
   2.6004183737281347E-002
   2.6037915411927862E-002
   2.6070886575575842E-002
   2.6103096191686551E-002
   2.6134543247514849E-002
   2.6165226754151349E-002
   2.6195145746563779E-002
   2.6224299283638470E-002
   2.6252686448217259E-002
   2.6280306347137971E-002
   2.6307158111269179E-002
   2.6333240895549680E-002
   2.6358553879022938E-002
   2.6383096264869350E-002
   2.6406867280442017E-002
   2.6429866177298221E-002
   2.6452092231229723E-002
   2.6473544742294155E-002
   2.6494223034844125E-002
   2.6514126457555891E-002
   2.6533254383454895E-002
   2.6551606209944349E-002
   2.6569181358829189E-002
   2.6585979276340554E-002
   2.6601999433157383E-002
   2.6617241324431648E-002
   2.6631704469808046E-002
   2.6645388413442408E-002
   2.6658292724022658E-002
   2.6670416994787130E-002
   2.6681760843540011E-002
   2.6692323912669971E-002
   2.6702105869162256E-002
   2.6711106404614493E-002
   2.6719325235248191E-002
   2.6726762101921375E-002
   2.6733416770140093E-002
   2.6739289030067139E-002
   2.6744378696532966E-002
   2.6748685609039771E-002
   2.6752209631771100E-002
   2.6754950653595590E-002
   2.6756908588074980E-002
   2.6758083373463346E-002
   2.6758474972712828E-002
   2.6758083373473244E-002
   2.6756908588094545E-002
   2.6754950653625143E-002
   2.6752209631809871E-002
   2.6748685609088604E-002
   2.6744378696591950E-002
   2.6739289030135602E-002
   2.6733416770217309E-002
   2.6726762102007723E-002
   2.6719325235344225E-002
   2.6711106404720790E-002
   2.6702105869279100E-002
   2.6692323912797328E-002
   2.6681760843677790E-002
   2.6670416994935633E-002
   2.6658292724182294E-002
   2.6645388413613108E-002
   2.6631704469989925E-002
   2.6617241324624664E-002
   2.6601999433360446E-002
   2.6585979276554185E-002
   2.6569181359053756E-002
   2.6551606210179927E-002
   2.6533254383700425E-002
   2.6514126457812433E-002
   2.6494223035111578E-002
   2.6473544742573032E-002
   2.6452092231520449E-002
   2.6429866177600736E-002
   2.6406867280756398E-002
   2.6383096265194691E-002
   2.6358553879359203E-002
   2.6333240895896785E-002
   2.6307158111626785E-002
   2.6280306347507224E-002
   2.6252686448599388E-002
   2.6224299284033348E-002
   2.6195145746970537E-002
   2.6165226754570003E-002
   2.6134543247945362E-002
   2.6103096192129513E-002
   2.6070886576030849E-002
   2.6037915412394818E-002
   2.6004183737760461E-002
   2.5969692612416738E-002
   2.5934443120357139E-002
   2.5898436369237599E-002
   2.5861673490328134E-002
   2.5824155638466708E-002
   2.5785883992009793E-002
   2.5746859752783985E-002
   2.5707084146035921E-002
   2.5666558420380698E-002
   2.5625283847750972E-002
   2.5583261723342358E-002
   2.5540493365560493E-002
   2.5496980115966485E-002
   2.5452723339219236E-002
   2.5407724423021499E-002
   2.5361984778056873E-002
   2.5315505837939536E-002
   2.5268289059146548E-002
   2.5220335920961047E-002
   2.5171647925408724E-002
   2.5122226597199062E-002
   2.5072073483658117E-002
   2.5021190154666393E-002
   2.4969578202590683E-002
   2.4917239242223031E-002
   2.4864174910707870E-002
   2.4810386867478936E-002
   2.4755876794187774E-002
   2.4700646394634228E-002
   2.4644697394695731E-002
   2.4588031542255983E-002
   2.4530650607133345E-002
   2.4472556381005890E-002
   2.4413750677336647E-002
   2.4354235331302484E-002
   2.4294012199711952E-002
   2.4233083160934782E-002
   2.4171450114818444E-002
   2.4109114982614272E-002
   2.4046079706894478E-002
   2.3982346251472542E-002
   2.3917916601323336E-002
   2.3852792762500595E-002
   2.3786976762054414E-002
   2.3720470647945451E-002
   2.3653276488962906E-002
   2.3585396374636861E-002
   2.3516832415154336E-002
   2.3447586741270707E-002
   2.3377661504222619E-002
   2.3307058875638029E-002
   2.3235781047449520E-002
   2.3163830231800978E-002
   2.3091208660957385E-002
   2.3017918587212798E-002
   2.2943962282800111E-002
   2.2869342039794151E-002
   2.2794060170019621E-002
   2.2718119004955066E-002
   2.2641520895638315E-002
   2.2564268212567646E-002
   2.2486363345606202E-002
   2.2407808703885018E-002
   2.2328606715702123E-002
   2.2248759828423149E-002
   2.2168270508381615E-002
   2.2087141240778409E-002
   2.2005374529579663E-002
   2.1922972897414357E-002
   2.1839938885469812E-002
   2.1756275053389829E-002
   2.1671983979168943E-002
   2.1587068259047285E-002
   2.1501530507403863E-002
   2.1415373356652022E-002
   2.1328599457129994E-002
   2.1241211476992664E-002
   2.1153212102105128E-002
   2.1064604035930898E-002
   2.0975389999422500E-002
   2.0885572730912138E-002
   2.0795154985997381E-002
   2.0704139537432505E-002
   2.0612529175013033E-002
   2.0520326705464678E-002
   2.0427534952327020E-002
   2.0334156755840684E-002
   2.0240194972832262E-002
   2.0145652476596526E-002
   2.0050532156783180E-002
   1.9954836919276884E-002
   1.9858569686082288E-002
   1.9761733395203585E-002
   1.9664331000526988E-002
   1.9566365471700341E-002
   1.9467839794014861E-002
   1.9368756968284002E-002
   1.9269120010721237E-002
   1.9168931952820323E-002
   1.9068195841231629E-002
   1.8966914737640523E-002
   1.8865091718644023E-002
   1.8762729875626352E-002
   1.8659832314636356E-002
   1.8556402156260778E-002
   1.8452442535499883E-002
   1.8347956601642394E-002
   1.8242947518137848E-002
   1.8137418462471112E-002
   1.8031372626034662E-002
   1.7924813214000603E-002
   1.7817743445192602E-002
   1.7710166551957882E-002
   1.7602085780036879E-002
   1.7493504388436054E-002
   1.7384425649294613E-002
   1.7274852847757712E-002
   1.7164789281842681E-002
   1.7054238262308924E-002
   1.6943203112527002E-002
   1.6831687168344458E-002
   1.6719693777956415E-002
   1.6607226301769112E-002
   1.6494288112269245E-002
   1.6380882593889815E-002
   1.6267013142874782E-002
   1.6152683167147866E-002
   1.6037896086173075E-002
   1.5922655330824615E-002
   1.5806964343246199E-002
   1.5690826576719847E-002
   1.5574245495526712E-002
   1.5457224574813112E-002
   1.5339767300451604E-002
   1.5221877168904389E-002
   1.5103557687086152E-002
   1.4984812372227100E-002
   1.4865644751733713E-002
   1.4746058363050919E-002
   1.4626056753522913E-002
   1.4505643480256040E-002
   1.4384822109977113E-002
   1.4263596218896547E-002
   1.4141969392566730E-002
   1.4019945225744002E-002
   1.3897527322246183E-002
   1.3774719294814469E-002
   1.3651524764971746E-002
   1.3527947362881557E-002
   1.3403990727207792E-002
   1.3279658504971923E-002
   1.3154954351414621E-002
   1.3029881929851456E-002
   1.2904444911531711E-002
   1.2778646975496492E-002
   1.2652491808437246E-002
   1.2525983104552701E-002
   1.2399124565406035E-002
   1.2271919899783764E-002
   1.2144372823551235E-002
   1.2016487059510890E-002
   1.1888266337257989E-002
   1.1759714393039994E-002
   1.1630834969610059E-002
   1.1501631816085232E-002
   1.1372108687802971E-002
   1.1242269346178382E-002
   1.1112117558559155E-002
   1.0981657098083344E-002
   1.0850891743532718E-002
   1.0719825279192078E-002
   1.0588461494702293E-002
   1.0456804184919798E-002
   1.0324857149769938E-002
   1.0192624194103923E-002
   1.0060109127554156E-002
   9.9273157643904406E-003
   9.7942479233759146E-003
   9.6609094276228092E-003
   9.5273041044467432E-003
   9.3934357852255984E-003
   9.2593083052523138E-003
   9.1249255035938722E-003
   8.9902912229437824E-003
   8.8554093094805400E-003
   8.7202836127218287E-003
   8.5849179853820408E-003
   8.4493162832261475E-003
   8.3134823649289608E-003
   8.1774200919288772E-003
   8.0411333282838955E-003
   7.9046259405293161E-003
   7.7679017975333820E-003
   7.6309647703540389E-003
   7.4938187320940236E-003
   7.3564675577591256E-003
   7.2189151241161967E-003
   7.0811653095468807E-003
   6.9432219939064913E-003
   6.8050890583803625E-003
   6.6667703853424349E-003
   6.5282698582109023E-003
   6.3895913613068369E-003
   6.2507387797118528E-003
   6.1117159991268353E-003
   5.9725269057267468E-003
   5.8331753860232614E-003
   5.6936653267192156E-003
   5.5540006145699625E-003
   5.4141851362411522E-003
   5.2742227781673832E-003
   5.1341174264120720E-003
   4.9938729665262357E-003
   4.8534932834081038E-003
   4.7129822611637661E-003
   4.5723437829660821E-003
   4.4315817309167971E-003
   4.2906999859049508E-003
   4.1497024274701269E-003
   4.0085929336602984E-003
   3.8673753808960510E-003
   3.7260536438303675E-003
   3.5846315952127680E-003
   3.4431131057490361E-003
   3.3015020439644423E-003
   3.1598022760660556E-003
   3.0180176658082258E-003
   2.8761520743530900E-003
   2.7342093601350204E-003
   2.5921933787256130E-003
   2.4501079826974789E-003
   2.3079570214883513E-003
   2.1657443412659962E-003
   2.0234737847940926E-003
   1.8811491912979279E-003
   1.7387743963304737E-003
   1.5963532316383858E-003
   1.4538895250285296E-003
   1.3113871002366384E-003
   1.1688497767924273E-003
   1.0262813698888476E-003
   8.8368569025120292E-004
   7.4106654400398321E-004
   5.9842773254181281E-004
   4.5577305239622270E-004
   3.1310629510903856E-004
   1.7043124709929919E-004
   2.7751689535918197E-005
  -1.1492860179083400E-004
  -2.5760585659891821E-004
  -4.0027631024286452E-004
  -5.4293620383920815E-004
  -6.8558178439577250E-004
  -8.2820930493706702E-004
  -9.7081502463199662E-004
  -1.1133952089166642E-003
  -1.2559461296216289E-003
  -1.3984640650983773E-003
  -1.5409453003396396E-003
  -1.6833861271061115E-003
  -1.8257828440483236E-003
  -1.9681317568312129E-003
  -2.1104291782535188E-003
  -2.2526714283736204E-003
  -2.3948548346270906E-003
  -2.5369757319486986E-003
  -2.6790304628942488E-003
  -2.8210153777581521E-003
  -2.9629268346941526E-003
  -3.1047611998333662E-003
  -3.2465148474015359E-003
  -3.3881841598393291E-003
  -3.5297655279158649E-003
  -3.6712553508484319E-003
  -3.8126500364167458E-003
  -3.9539460010780290E-003
  -4.0951396700837977E-003
  -4.2362274775914512E-003
  -4.3772058667798132E-003
  -4.5180712899619627E-003
  -4.6588202086962687E-003
  -4.7994490939012747E-003
  -4.9399544259646237E-003
  -5.0803326948548741E-003
  -5.2205804002303157E-003
  -5.3606940515496552E-003
  -5.5006701681819502E-003
  -5.6405052795128223E-003
  -5.7801959250532190E-003
  -5.9197386545466399E-003
  -6.0591300280746834E-003
  -6.1983666161643343E-003
  -6.3374449998920453E-003
  -6.4763617709887242E-003
  -6.6151135319432817E-003
  -6.7536968961061650E-003
  -6.8921084877922685E-003
  -7.0303449423824394E-003
  -7.1684029064258145E-003
  -7.3062790377385394E-003
  -7.4439700055058322E-003
  -7.5814724903802899E-003
  -7.7187831845801401E-003
  -7.8558987919883725E-003
  -7.9928160282501711E-003
  -8.1295316208684996E-003
  -8.2660423092999948E-003
  -8.4023448450515469E-003
  -8.5384359917737799E-003
  -8.6743125253553512E-003
  -8.8099712340164345E-003
  -8.9454089184012875E-003
  -9.0806223916688657E-003
  -9.2156084795849691E-003
  -9.3503640206126261E-003
  -9.4848858660028235E-003
  -9.6191708798808156E-003
  -9.7532159393372789E-003
  -9.8870179345132685E-003
  -1.0020573768689730E-002
  -1.0153880358371684E-002
  -1.0286934633373612E-002
  -1.0419733536905547E-002
  -1.0552274025654992E-002
  -1.0684553069873108E-002
  -1.0816567653453634E-002
  -1.0948314774017620E-002
  -1.1079791442992802E-002
  -1.1210994685693861E-002
  -1.1341921541402572E-002
  -1.1472569063445711E-002
  -1.1602934319274333E-002
  -1.1733014390540758E-002
  -1.1862806373174224E-002
  -1.1992307377456031E-002
  -1.2121514528096632E-002
  -1.2250424964309134E-002
  -1.2379035839881621E-002
  -1.2507344323251466E-002
  -1.2635347597576181E-002
  -1.2763042860804416E-002
  -1.2890427325747649E-002
  -1.3017498220148376E-002
  -1.3144252786750887E-002
  -1.3270688283367022E-002
  -1.3396801982945083E-002
  -1.3522591173635677E-002
  -1.3648053158859003E-002
  -1.3773185257366313E-002
  -1.3897984803308153E-002
  -1.4022449146295803E-002
  -1.4146575651463714E-002
  -1.4270361699531652E-002
  -1.4393804686867335E-002
  -1.4516902025543545E-002
  -1.4639651143400758E-002
  -1.4762049484103971E-002
  -1.4884094507200886E-002
  -1.5005783688179765E-002
  -1.5127114518525414E-002
  -1.5248084505775913E-002
  -1.5368691173573578E-002
  -1.5488932061722803E-002
  -1.5608804726242993E-002
  -1.5728306739417993E-002
  -1.5847435689850548E-002
  -1.5966189182511626E-002
  -1.6084564838790873E-002
  -1.6202560296546143E-002
  -1.6320173210151705E-002
  -1.6437401250544929E-002
  -1.6554242105273495E-002
  -1.6670693478542407E-002
  -1.6786753091258214E-002
  -1.6902418681072746E-002
  -1.7017688002430118E-002
  -1.7132558826603958E-002
  -1.7247028941743299E-002
  -1.7361096152913640E-002
  -1.7474758282136446E-002
  -1.7588013168428285E-002
  -1.7700858667840415E-002
  -1.7813292653496411E-002
  -1.7925313015629146E-002
  -1.8036917661617750E-002
  -1.8148104516022504E-002
  -1.8258871520619668E-002
  -1.8369216634436671E-002
  -1.8479137833783268E-002
  -1.8588633112286510E-002
  -1.8697700480919253E-002
  -1.8806337968033326E-002
  -1.8914543619388238E-002
  -1.9022315498181213E-002
  -1.9129651685074228E-002
  -1.9236550278223692E-002
  -1.9343009393304911E-002
  -1.9449027163539061E-002
  -1.9554601739720144E-002
  -1.9659731290235266E-002
  -1.9764414001093428E-002
  -1.9868648075944188E-002
  -1.9972431736101061E-002
  -2.0075763220563064E-002
  -2.0178640786035356E-002
  -2.0281062706947267E-002
  -2.0383027275474058E-002
  -2.0484532801552057E-002
  -2.0585577612897206E-002
  -2.0686160055022357E-002
  -2.0786278491251566E-002
  -2.0885931302736443E-002
  -2.0985116888468557E-002
  -2.1083833665294122E-002
  -2.1182080067925692E-002
  -2.1279854548955368E-002
  -2.1377155578865357E-002
  -2.1473981646037303E-002
  -2.1570331256763026E-002
  -2.1666202935252604E-002
  -2.1761595223642072E-002
  -2.1856506682000273E-002
  -2.1950935888336878E-002
  -2.2044881438607385E-002
  -2.2138341946717998E-002
  -2.2231316044528264E-002
  -2.2323802381857386E-002
  -2.2415799626484260E-002
  -2.2507306464150445E-002
  -2.2598321598560716E-002
  -2.2688843751385135E-002
  -2.2778871662256128E-002
  -2.2868404088769660E-002
  -2.2957439806481524E-002
  -2.3045977608905914E-002
  -2.3134016307512044E-002
  -2.3221554731718740E-002
  -2.3308591728892002E-002
  -2.3395126164336894E-002
  -2.3481156921292570E-002
  -2.3566682900924740E-002
  -2.3651703022318320E-002
  -2.3736216222468597E-002
  -2.3820221456273178E-002
  -2.3903717696519892E-002
  -2.3986703933877706E-002
  -2.4069179176885100E-002
  -2.4151142451937925E-002
  -2.4232592803276016E-002
  -2.4313529292971401E-002
  -2.4393951000911230E-002
  -2.4473857024784999E-002
  -2.4553246480068812E-002
  -2.4632118500008082E-002
  -2.4710472235602066E-002
  -2.4788306855585109E-002
  -2.4865621546407115E-002
  -2.4942415512217347E-002
  -2.5018687974840952E-002
  -2.5094438173761793E-002
  -2.5169665366100043E-002
  -2.5244368826590528E-002
  -2.5318547847560127E-002
  -2.5392201738904212E-002
  -2.5465329828063883E-002
  -2.5537931459999198E-002
  -2.5610005997167878E-002
  -2.5681552819495898E-002
  -2.5752571324352515E-002
  -2.5823060926523651E-002
  -2.5893021058182874E-002
  -2.5962451168864153E-002
  -2.6031350725432001E-002
  -2.6099719212052373E-002
  -2.6167556130161359E-002
  -2.6234860998435527E-002
  -2.6301633352759462E-002
  -2.6367872746193781E-002
  -2.6433578748942334E-002
  -2.6498750948318432E-002
  -2.6563388948711547E-002
  -2.6627492371552715E-002
  -2.6691060855276873E-002
  -2.6754094055289512E-002
  -2.6816591643930496E-002
  -2.6878553310433501E-002
  -2.6939978760892293E-002
  -2.7000867718220557E-002
  -2.7061219922113286E-002
  -2.7121035129006404E-002
  -2.7180313112038099E-002
  -2.7239053661007862E-002
  -2.7297256582334471E-002
  -2.7354921699014562E-002
  -2.7412048850581940E-002
  -2.7468637893061060E-002
  -2.7524688698928105E-002
  -2.7580201157062782E-002
  -2.7635175172705938E-002
  -2.7689610667412837E-002
  -2.7743507579011294E-002
  -2.7796865861551039E-002
  -2.7849685485258686E-002
  -2.7901966436490715E-002
  -2.7953708717686425E-002
  -2.8004912347316564E-002
  -2.8055577359837634E-002
  -2.8105703805640970E-002
  -2.8155291751003446E-002
  -2.8204341278036671E-002
  -2.8252852484636121E-002
  -2.8300825484430855E-002
  -2.8348260406728592E-002
  -2.8395157396466256E-002
  -2.8441516614156316E-002
  -2.8487338235832653E-002
  -2.8532622452996821E-002
  -2.8577369472564774E-002
  -2.8621579516811092E-002
  -2.8665252823313302E-002
  -2.8708389644896828E-002
  -2.8750990249578744E-002
  -2.8793054920510791E-002
  -2.8834583955923049E-002
  -2.8875577669064335E-002
  -2.8916036388146795E-002
  -2.8955960456284596E-002
  -2.8995350231437244E-002
  -2.9034206086350677E-002
  -2.9072528408494135E-002
  -2.9110317600002902E-002
  -2.9147574077617516E-002
  -2.9184298272620691E-002
  -2.9220490630778199E-002
  -2.9256151612275225E-002
  -2.9291281691654954E-002
  -2.9325881357755768E-002
  -2.9359951113648964E-002
  -2.9393491476573025E-002
  -2.9426502977871926E-002
  -2.9458986162929919E-002
  -2.9490941591107375E-002
  -2.9522369835676059E-002
  -2.9553271483752142E-002
  -2.9583647136231780E-002
  -2.9613497407725210E-002
  -2.9642822926488895E-002
  -2.9671624334360953E-002
  -2.9699902286692299E-002
  -2.9727657452279253E-002
  -2.9754890513294233E-002
  -2.9781602165222236E-002
  -2.9807793116788005E-002
  -2.9833464089887896E-002
  -2.9858615819522656E-002
  -2.9883249053725913E-002
  -2.9907364553494752E-002
  -2.9930963092719837E-002
  -2.9954045458116203E-002
  -2.9976612449149655E-002
  -2.9998664877968772E-002
  -3.0020203569330783E-002
  -3.0041229360532638E-002
  -3.0061743101337166E-002
  -3.0081745653901384E-002
  -3.0101237892705333E-002
  -3.0120220704477129E-002
  -3.0138694988120975E-002
  -3.0156661654644781E-002
  -3.0174121627085222E-002
  -3.0191075840433464E-002
  -3.0207525241564011E-002
  -3.0223470789157846E-002
  -3.0238913453627392E-002
  -3.0253854217045163E-002
  -3.0268294073065496E-002
  -3.0282234026850888E-002
  -3.0295675094996741E-002
  -3.0308618305452326E-002
  -3.0321064697450193E-002
  -3.0333015321426335E-002
  -3.0344471238945174E-002
  -3.0355433522622696E-002
  -3.0365903256050032E-002
  -3.0375881533716433E-002
  -3.0385369460932170E-002
  -3.0394368153750542E-002
  -3.0402878738891036E-002
  -3.0410902353662953E-002
  -3.0418440145884459E-002
  -3.0425493273807960E-002
  -3.0432062906039444E-002
  -3.0438150221462661E-002
  -3.0443756409156850E-002
  -3.0448882668321131E-002
  -3.0453530208195651E-002
  -3.0457700247980241E-002
  -3.0461394016758916E-002
  -3.0464612753416213E-002
  -3.0467357706562816E-002
  -3.0469630134452069E-002
  -3.0471431304902551E-002
  -3.0472762495217631E-002
  -3.0473624992104865E-002
  -3.0474020091597401E-002
  -3.0473949098974076E-002
  -3.0473413328678232E-002
  -3.0472414104237028E-002
  -3.0470952758182322E-002
  -3.0469030631969398E-002
  -3.0466649075896576E-002
  -3.0463809449025565E-002
  -3.0460513119098871E-002
  -3.0456761462460315E-002
  -3.0452555863975054E-002
  -3.0447897716945546E-002
  -3.0442788423034266E-002
  -3.0437229392180513E-002
  -3.0431222042520398E-002
  -3.0424767800302583E-002
  -3.0417868099811930E-002
  -3.0410524383285113E-002
  -3.0402738100829874E-002
  -3.0394510710342999E-002
  -3.0385843677431860E-002
  -3.0376738475330275E-002
  -3.0367196584817135E-002
  -3.0357219494136025E-002
  -3.0346808698913319E-002
  -3.0335965702077253E-002
  -3.0324692013776113E-002
  -3.0312989151296297E-002
  -3.0300858638981281E-002
  -3.0288302008150976E-002
  -3.0275320797017408E-002
  -3.0261916550606616E-002
  -3.0248090820675574E-002
  -3.0233845165631181E-002
  -3.0219181150448256E-002
  -3.0204100346588911E-002
  -3.0188604331920176E-002
  -3.0172694690633200E-002
  -3.0156373013163183E-002
  -3.0139640896104727E-002
  -3.0122499942137317E-002
  -3.0104951759934603E-002
  -3.0086997964092477E-002
  -3.0068640175040653E-002
  -3.0049880018967832E-002
  -3.0030719127736753E-002
  -3.0011159138803489E-002
  -2.9991201695138761E-002
  -2.9970848445145044E-002
  -2.9950101042577466E-002
  -2.9928961146460809E-002
  -2.9907430421013792E-002
  -2.9885510535563702E-002
  -2.9863203164467920E-002
  -2.9840509987034702E-002
  -2.9817432687441667E-002
  -2.9793972954653702E-002
  -2.9770132482348721E-002
  -2.9745912968832961E-002
  -2.9721316116962646E-002
  -2.9696343634062986E-002
  -2.9670997231852094E-002
  -2.9645278626358251E-002
  -2.9619189537842570E-002
  -2.9592731690719343E-002
  -2.9565906813474818E-002
  -2.9538716638591912E-002
  -2.9511162902469305E-002
  -2.9483247345341697E-002
  -2.9454971711205705E-002
  -2.9426337747736415E-002
  -2.9397347206210966E-002
  -2.9368001841431238E-002
  -2.9338303411645200E-002
  -2.9308253678471216E-002
  -2.9277854406815105E-002
  -2.9247107364800507E-002
  -2.9216014323684043E-002
  -2.9184577057780870E-002
  -2.9152797344389834E-002
  -2.9120676963713288E-002
  -2.9088217698783423E-002
  -2.9055421335384322E-002
  -2.9022289661975599E-002
  -2.8988824469616977E-002
  -2.8955027551890607E-002
  -2.8920900704828736E-002
  -2.8886445726834846E-002
  -2.8851664418609344E-002
  -2.8816558583075871E-002
  -2.8781130025303654E-002
  -2.8745380552434783E-002
  -2.8709311973609448E-002
  -2.8672926099889567E-002
  -2.8636224744188844E-002
  -2.8599209721194292E-002
  -2.8561882847294894E-002
  -2.8524245940508914E-002
  -2.8486300820407668E-002
  -2.8448049308044749E-002
  -2.8409493225883285E-002
  -2.8370634397721542E-002
  -2.8331474648622301E-002
  -2.8292015804838852E-002
  -2.8252259693745629E-002
  -2.8212208143764350E-002
  -2.8171862984293361E-002
  -2.8131226045636247E-002
  -2.8090299158930840E-002
  -2.8049084156077916E-002
  -2.8007582869672466E-002
  -2.7965797132931205E-002
  -2.7923728779624683E-002
  -2.7881379644005000E-002
  -2.7838751560738784E-002
  -2.7795846364835210E-002
  -2.7752665891581783E-002
  -2.7709211976471353E-002
  -2.7665486455131678E-002
  -2.7621491163264532E-002
  -2.7577227936570647E-002
  -2.7532698610685434E-002
  -2.7487905021112327E-002
  -2.7442849003154551E-002
  -2.7397532391844757E-002
  -2.7351957021885333E-002
  -2.7306124727576105E-002
  -2.7260037342751998E-002
  -2.7213696700714520E-002
  -2.7167104634168261E-002
  -2.7120262975156382E-002
  -2.7073173554992030E-002
  -2.7025838204197298E-002
  -2.6978258752437374E-002
  -2.6930437028456995E-002
  -2.6882374860014949E-002
  -2.6834074073824134E-002
  -2.6785536495484812E-002
  -2.6736763949423412E-002
  -2.6687758258829773E-002
  -2.6638521245595306E-002
  -2.6589054730248696E-002
  -2.6539360531898076E-002
  -2.6489440468166689E-002
  -2.6439296355132636E-002
  -2.6388930007267667E-002
  -2.6338343237376067E-002
  -2.6287537856538760E-002
  -2.6236515674045686E-002
  -2.6185278497344911E-002
  -2.6133828131975911E-002
  -2.6082166381516284E-002
  -2.6030295047519244E-002
  -2.5978215929458173E-002
  -2.5925930824665808E-002
  -2.5873441528279591E-002
  -2.5820749833181830E-002
  -2.5767857529943004E-002
  -2.5714766406767651E-002
  -2.5661478249432702E-002
  -2.5607994841239198E-002
  -2.5554317962947375E-002
  -2.5500449392728865E-002
  -2.5446390906107282E-002
  -2.5392144275905179E-002
  -2.5337711272188878E-002
  -2.5283093662215161E-002
  -2.5228293210376961E-002
  -2.5173311678147833E-002
  -2.5118150824034170E-002
  -2.5062812403516793E-002
  -2.5007298169001834E-002
  -2.4951609869765915E-002
  -2.4895749251907906E-002
  -2.4839718058295109E-002
  -2.4783518028510639E-002
  -2.4727150898806578E-002
  -2.4670618402050530E-002
  -2.4613922267677668E-002
  -2.4557064221636598E-002
  -2.4500045986345521E-002
  -2.4442869280638716E-002
  -2.4385535819720829E-002
  -2.4328047315116778E-002
  -2.4270405474622756E-002
  -2.4212612002261866E-002
  -2.4154668598232076E-002
  -2.4096576958862911E-002
  -2.4038338776567671E-002
  -2.3979955739795715E-002
  -2.3921429532986791E-002
  -2.3862761836526660E-002
  -2.3803954326700079E-002
  -2.3745008675648820E-002
  -2.3685926551321266E-002
  -2.3626709617434603E-002
  -2.3567359533425099E-002
  -2.3507877954408129E-002
  -2.3448266531133702E-002
  -2.3388526909943950E-002
  -2.3328660732728743E-002
  -2.3268669636884697E-002
  -2.3208555255273714E-002
  -2.3148319216180602E-002
  -2.3087963143271165E-002
  -2.3027488655552947E-002
  -2.2966897367333275E-002
  -2.2906190888179159E-002
  -2.2845370822879373E-002
  -2.2784438771400475E-002
  -2.2723396328852834E-002
  -2.2662245085446630E-002
  -2.2600986626457754E-002
  -2.2539622532186776E-002
  -2.2478154377922839E-002
  -2.2416583733905277E-002
  -2.2354912165285654E-002
  -2.2293141232092670E-002
  -2.2231272489192950E-002
  -2.2169307486259816E-002
  -2.2107247767731521E-002
  -2.2045094872781036E-002
  -2.1982850335276267E-002
  -2.1920515683750013E-002
  -2.1858092441360506E-002
  -2.1795582125862339E-002
  -2.1732986249567501E-002
  -2.1670306319316882E-002
  -2.1607543836444119E-002
  -2.1544700296743394E-002
  -2.1481777190437135E-002
  -2.1418776002145742E-002
  -2.1355698210851613E-002
  -2.1292545289872636E-002
  -2.1229318706826185E-002
  -2.1166019923603740E-002
  -2.1102650396335819E-002
  -2.1039211575363568E-002
  -2.0975704905210904E-002
  -2.0912131824551979E-002
  -2.0848493766184240E-002
  -2.0784792156999028E-002
  -2.0721028417952439E-002
  -2.0657203964037831E-002
  -2.0593320204257682E-002
  -2.0529378541598392E-002
  -2.0465380372999047E-002
  -2.0401327089329319E-002
  -2.0337220075357421E-002
  -2.0273060709730437E-002
  -2.0208850364943052E-002
  -2.0144590407315408E-002
  -2.0080282196967059E-002
  -2.0015927087789171E-002
  -1.9951526427425214E-002
  -1.9887081557243450E-002
  -1.9822593812313240E-002
  -1.9758064521381791E-002
  -1.9693495006852225E-002
  -1.9628886584758046E-002
  -1.9564240564743745E-002
  -1.9499558250039010E-002
  -1.9434840937438864E-002
  -1.9370089917281931E-002
  -1.9305306473427822E-002
  -1.9240491883237322E-002
  -1.9175647417550991E-002
  -1.9110774340668626E-002
  -1.9045873910329688E-002
  -1.8980947377693159E-002
  -1.8915995987317649E-002
  -1.8851020977142124E-002
  -1.8786023578467252E-002
  -1.8721005015938288E-002
  -1.8655966507523429E-002
  -1.8590909264498436E-002
  -1.8525834491426509E-002
  -1.8460743386145024E-002
  -1.8395637139743220E-002
  -1.8330516936549208E-002
  -1.8265383954110266E-002
  -1.8200239363179990E-002
  -1.8135084327698989E-002
  -1.8069920004782521E-002
  -1.8004747544701986E-002
  -1.7939568090870644E-002
  -1.7874382779830254E-002
  -1.7809192741235279E-002
  -1.7743999097838255E-002
  -1.7678802965477081E-002
  -1.7613605453059511E-002
  -1.7548407662550437E-002
  -1.7483210688960110E-002
  -1.7418015620329071E-002
  -1.7352823537716420E-002
  -1.7287635515188214E-002
  -1.7222452619804002E-002
  -1.7157275911606443E-002
  -1.7092106443607244E-002
  -1.7026945261779870E-002
  -1.6961793405043765E-002
  -1.6896651905258131E-002
  -1.6831521787207263E-002
  -1.6766404068594861E-002
  -1.6701299760028838E-002
  -1.6636209865016380E-002
  -1.6571135379950908E-002
  -1.6506077294103860E-002
  -1.6441036589618343E-002
  -1.6376014241495943E-002
  -1.6311011217591497E-002
  -1.6246028478602410E-002
  -1.6181066978064092E-002
  -1.6116127662339715E-002
  -1.6051211470611438E-002
  -1.5986319334876636E-002
  -1.5921452179937845E-002
  -1.5856610923398351E-002
  -1.5791796475653777E-002
  -1.5727009739886621E-002
  -1.5662251612058427E-002
  -1.5597522980908459E-002
  -1.5532824727942913E-002
  -1.5468157727432069E-002
  -1.5403522846404723E-002
  -1.5338920944643382E-002
  -1.5274352874678416E-002
  -1.5209819481786326E-002
  -1.5145321603980414E-002
  -1.5080860072012005E-002
  -1.5016435709364655E-002
  -1.4952049332248096E-002
  -1.4887701749598711E-002
  -1.4823393763073418E-002
  -1.4759126167047665E-002
  -1.4694899748613060E-002
  -1.4630715287573230E-002
  -1.4566573556442874E-002
  -1.4502475320444092E-002
  -1.4438421337507166E-002
  -1.4374412358264062E-002
  -1.4310449126051488E-002
  -1.4246532376905723E-002
  -1.4182662839565088E-002
  -1.4118841235464837E-002
  -1.4055068278738633E-002
  -1.3991344676217219E-002
  -1.3927671127429202E-002
  -1.3864048324597067E-002
  -1.3800476952642917E-002
  -1.3736957689180965E-002
  -1.3673491204524019E-002
  -1.3610078161680155E-002
  -1.3546719216356600E-002
  -1.3483415016956659E-002
  -1.3420166204582178E-002
  -1.3356973413033969E-002
  -1.3293837268816333E-002
  -1.3230758391132847E-002
  -1.3167737391891714E-002
  -1.3104774875706103E-002
  -1.3041871439896744E-002
  -1.2979027674492055E-002
  -1.2916244162232606E-002
  -1.2853521478572067E-002
  -1.2790860191678787E-002
  -1.2728260862439382E-002
  -1.2665724044462921E-002
  -1.2603250284079503E-002
  -1.2540840120348605E-002
  -1.2478494085056831E-002
  -1.2416212702725254E-002
  -1.2353996490610385E-002
  -1.2291845958708261E-002
  -1.2229761609759101E-002
  -1.2167743939249338E-002
  -1.2105793435416160E-002
  -1.2043910579252762E-002
  -1.1982095844508980E-002
  -1.1920349697699818E-002
  -1.1858672598107118E-002
  -1.1797064997783983E-002
  -1.1735527341560137E-002
  -1.1674060067047055E-002
  -1.1612663604641167E-002
  -1.1551338377529620E-002
  -1.1490084801695246E-002
  -1.1428903285921724E-002
  -1.1367794231798749E-002
  -1.1306758033725973E-002
  -1.1245795078920626E-002
  -1.1184905747421467E-002
  -1.1124090412094011E-002
  -1.1063349438638256E-002
  -1.1002683185590350E-002
  -1.0942092004333373E-002
  -1.0881576239098870E-002
  -1.0821136226975307E-002
  -1.0760772297912898E-002
  -1.0700484774731503E-002
  -1.0640273973124188E-002
  -1.0580140201664267E-002
  -1.0520083761813166E-002
  -1.0460104947925450E-002
  -1.0400204047253782E-002
  -1.0340381339958720E-002
  -1.0280637099113161E-002
  -1.0220971590709364E-002
  -1.0161385073664212E-002
  -1.0101877799828378E-002
  -1.0042450013991429E-002
  -9.9831019538894963E-003
  -9.9238338502106865E-003
  -9.8646459266038787E-003
  -9.8055383996839048E-003
  -9.7465114790394533E-003
  -9.6875653672405734E-003
  -9.6287002598432498E-003
  -9.5699163453988288E-003
  -9.5112138054612213E-003
  -9.4525928145922887E-003
  -9.3940535403694812E-003
  -9.3355961433949051E-003
  -9.2772207772990299E-003
  -9.2189275887511156E-003
  -9.1607167174630605E-003
  -9.1025882962010828E-003
  -9.0445424507875488E-003
  -8.9865793001142787E-003
  -8.9286989561434566E-003
  -8.8709015239200328E-003
  -8.8131871015758676E-003
  -8.7555557803374647E-003
  -8.6980076445346711E-003
  -8.6405427716063927E-003
  -8.5831612321074016E-003
  -8.5258630897179135E-003
  -8.4686484012476589E-003
  -8.4115172166459307E-003
  -8.3544695790057182E-003
  -8.2975055245739955E-003
  -8.2406250827574481E-003
  -8.1838282761286761E-003
  -8.1271151204334001E-003
  -8.0704856245994612E-003
  -8.0139397907410554E-003
  -7.9574776141678096E-003
  -7.9010990833898540E-003
  -7.8448041801277742E-003
  -7.7885928793149572E-003
  -7.7324651491088112E-003
  -7.6764209508936899E-003
  -7.6204602392907087E-003
  -7.5645829621615087E-003
  -7.5087890606183203E-003
  -7.4530784690279841E-003
  -7.3974511150175695E-003
  -7.3419069194829607E-003
  -7.2864457965944665E-003
  -7.2310676538035372E-003
  -7.1757723918464827E-003
  -7.1205599047551157E-003
  -7.0654300798581376E-003
  -7.0103827977899182E-003
  -6.9554179324967484E-003
  -6.9005353512389470E-003
  -6.8457349146007068E-003
  -6.7910164764955127E-003
  -6.7363798841686339E-003
  -6.6818249782047753E-003
  -6.6273515925328484E-003
  -6.5729595544323149E-003
  -6.5186486845361770E-003
  -6.4644187968383891E-003
  -6.4102696986977634E-003
  -6.3562011908419062E-003
  -6.3022130673746736E-003
  -6.2483051157773643E-003
  -6.1944771169155912E-003
  -6.1407288450425011E-003
  -6.0870600678050333E-003
  -6.0334705462456043E-003
  -5.9799600348078037E-003
  -5.9265282813380270E-003
  -5.8731750270932482E-003
  -5.8199000067414262E-003
  -5.7667029483657881E-003
  -5.7135835734679263E-003
  -5.6605415969740178E-003
  -5.6075767272321577E-003
  -5.5546886660203226E-003
  -5.5018771085479715E-003
  -5.4491417434565535E-003
  -5.3964822528249200E-003
  -5.3438983121705912E-003
  -5.2913895904506724E-003
  -5.2389557500653510E-003
  -5.1865964468602631E-003
  -5.1343113301262561E-003
  -5.0821000426022576E-003
  -5.0299622204765925E-003
  -4.9778974933874977E-003
  -4.9259054844252928E-003
  -4.8739858101320161E-003
  -4.8221380805026654E-003
  -4.7703618989847546E-003
  -4.7186568624809563E-003
  -4.6670225613456530E-003
  -4.6154585793884602E-003
  -4.5639644938720745E-003
  -4.5125398755097119E-003
  -4.4611842884693578E-003
  -4.4098972903682384E-003
  -4.3586784322744978E-003
  -4.3075272587047341E-003
  -4.2564433076218060E-003
  -4.2054261104350378E-003
  -4.1544751919965137E-003
  -4.1035900705987949E-003
  -4.0527702579748600E-003
  -4.0020152592907931E-003
  -3.9513245731491523E-003
  -3.9006976915804716E-003
  -3.8501341000423345E-003
  -3.7996332774154029E-003
  -3.7491946959992621E-003
  -3.6988178215088476E-003
  -3.6485021130709251E-003
  -3.5982470232161791E-003
  -3.5480519978785684E-003
  -3.4979164763873642E-003
  -3.4478398914628708E-003
  -3.3978216692112677E-003
  -3.3478612291164564E-003
  -3.2979579840381034E-003
  -3.2481113401995904E-003
  -3.1983206971879438E-003
  -3.1485854479395966E-003
  -3.0989049787396015E-003
  -3.0492786692097834E-003
  -2.9997058923022357E-003
  -2.9501860142933738E-003
  -2.9007183947705258E-003
  -2.8513023866283921E-003
  -2.8019373360570025E-003
  -2.7526225825327457E-003
  -2.7033574588096478E-003
  -2.6541412909096948E-003
  -2.6049733981093597E-003
  -2.5558530929348272E-003
  -2.5067796811443091E-003
  -2.4577524617228419E-003
  -2.4087707268669561E-003
  -2.3598337619729517E-003
  -2.3109408456283933E-003
  -2.2620912495941799E-003
  -2.2132842387957976E-003
  -2.1645190713078066E-003
  -2.1157949983417702E-003
  -2.0671112642310779E-003
  -2.0184671064170049E-003
  -1.9698617554342792E-003
  -1.9212944348962183E-003
  -1.8727643614791184E-003
  -1.8242707449062469E-003
  -1.7758127879318642E-003
  -1.7273896863255602E-003
  -1.6790006288537095E-003
  -1.6306447972631785E-003
  -1.5823213662635159E-003
  -1.5340295035106083E-003
  -1.4857683695843442E-003
  -1.4375371179731874E-003
  -1.3893348950548860E-003
  -1.3411608400732751E-003
  -1.2930140851227815E-003
  -1.2448937551246175E-003
  -1.1967989678076240E-003
  -1.1487288336868467E-003
  -1.1006824560415151E-003
  -1.0526589308910189E-003
  -1.0046573469766026E-003
  -9.5667678573396124E-004
  -9.0871632127239633E-004
  -8.6077502035035913E-004
  -8.1285194234923506E-004
  -7.6494613925240818E-004
  -7.1705665561559327E-004
  -6.6918252854396396E-004
  -6.2132278766583371E-004
  -5.7347645510454970E-004
  -5.2564254545049683E-004
  -4.7782006573740088E-004
  -4.3000801541076609E-004
  -3.8220538630015575E-004
  -3.3441116259009168E-004
  -2.8662432079111717E-004
  -2.3884382970819500E-004
  -1.9106865041148126E-004
  -1.4329773620568649E-004
  -9.5530032594855175E-005
  -4.7764477255786735E-005
