-4.434955887338962732e-01
-2.184081751460364984e-02
-6.468810372740829706e-03
-3.054476064310307493e-03
-1.772457059985299566e-03
-1.156084540258728310e-03
-8.131478254895796454e-04
-6.029222241767939749e-04
-4.648160419886693262e-04
-3.692504810062224863e-04
-3.003915217489883105e-04
-2.491411623077866011e-04
-2.099698384947501495e-04
-1.793596897643467969e-04
-1.549861680909536688e-04
-1.352632876736592493e-04
-1.190789647966816744e-04
-1.056346715286871074e-04
-9.434506393413144565e-05
-8.477314118993106717e-05
