6.399999999999999710e-05
2.629999999999999959e-04
8.490000000000000368e-04
2.675999999999999993e-03
4.226999999999999855e-03
7.498999999999999590e-03
1.808099999999999985e-02
2.682400000000000062e-02
3.755100000000000104e-02
3.302200000000000274e-02
4.558399999999999952e-02
5.934500000000000192e-02
7.646999999999999631e-02
9.740999999999999659e-02
1.356850000000000001e-01
1.564639999999999920e-01
1.756250000000000033e-01
2.246060000000000001e-01
2.608219999999999983e-01
2.984220000000000206e-01
3.582080000000000264e-01
4.078720000000000123e-01
5.202440000000000397e-01
6.338380000000000125e-01
7.382959999999999523e-01
7.130520000000000191e-01
9.467830000000000412e-01
8.506780000000000452e-01
1.148891000000000107e+00
1.061239000000000043e+00
1.175586000000000020e+00
1.655321000000000042e+00
1.473992100000000027e+00
1.556110899999999964e+00
1.806000000000000050e+00
1.894432099999999952e+00
2.088064900000000002e+00
2.271015199999999901e+00
2.602535200000000160e+00
3.049171900000000157e+00
3.164187000000000083e+00
3.384145999999999876e+00
3.713801899999999989e+00
3.891099899999999945e+00
5.501279399999999598e+00
5.846390699999999718e+00
7.149940499999999588e+00
7.760306400000000160e+00
8.914363899999999674e+00
9.669194199999999739e+00
1.094166949999999972e+01
1.006460189999999955e+01
1.202925489999999975e+01
1.273023610000000083e+01
1.376255609999999940e+01
1.255074690000000004e+01
1.559904099999999971e+01
1.664889910000000128e+01
1.756750110000000120e+01
1.868915180000000120e+01
1.789601899999999901e+01
1.889981840000000091e+01
2.069277190000000033e+01
2.428835679999999897e+01
2.219544409999999957e+01
2.578753659999999925e+01
2.394066619999999901e+01
2.485811999999999955e+01
2.905345730000000160e+01
3.033816909999999822e+01
3.186792369999999863e+01
2.858501629999999949e+01
3.159710690000000000e+01
3.197426030000000097e+01
3.339291759999999698e+01
3.511215210000000297e+01
4.100339129999999699e+01
4.260545350000000298e+01
3.991207119999999975e+01
4.301340100000000177e+01
4.494696040000000181e+01
4.604157639999999674e+01
4.758902739999999909e+01
4.892610930000000025e+01
5.289940260000000194e+01
5.645407490000000195e+01
5.677138519999999744e+01
5.552825930000000199e+01
6.119806669999999826e+01
6.146133420000000314e+01
6.674912260000000686e+01
6.615664669999999603e+01
7.393687439999999356e+01
7.664896389999999826e+01
7.561389920000000586e+01
8.393631739999999297e+01
8.343976589999999760e+01
8.664646910000000446e+01
8.933959959999999967e+01
8.377236940000000232e+01
