3.099999999999999999e-04
4.500000000000000283e-05
7.100000000000000462e-05
1.289999999999999914e-04
1.759999999999999954e-04
2.590000000000000071e-04
4.420000000000000101e-04
5.559999999999999621e-04
7.280000000000000230e-04
6.199999999999999999e-04
8.859999999999999603e-04
1.284999999999999901e-03
1.575999999999999927e-03
1.543000000000000101e-03
1.910999999999999938e-03
2.138999999999999842e-03
2.709000000000000036e-03
3.004999999999999859e-03
3.506000000000000002e-03
4.075999999999999762e-03
4.484000000000000138e-03
4.754000000000000413e-03
5.748999999999999770e-03
5.962000000000000285e-03
7.220999999999999988e-03
8.416999999999999135e-03
1.149009999999999962e-02
1.091999999999999915e-02
1.204110000000000076e-02
1.239909999999999970e-02
1.454399999999999964e-02
1.467609999999999922e-02
1.706099999999999978e-02
1.764109999999999984e-02
2.263000000000000081e-02
2.047919999999999949e-02
2.324199999999999877e-02
2.334829999999999892e-02
2.846380000000000091e-02
2.896599999999999869e-02
3.180840000000000056e-02
3.218460000000000071e-02
3.675790000000000307e-02
3.628490000000000187e-02
4.115769999999999845e-02
4.191399999999999987e-02
4.724600000000000327e-02
4.531380000000000130e-02
5.146030000000000049e-02
5.110169999999999990e-02
6.158729999999999760e-02
6.153870000000000173e-02
6.948849999999999472e-02
6.786920000000000452e-02
7.798769999999999314e-02
7.604980000000000073e-02
8.449360000000000204e-02
8.368490000000000650e-02
9.245490000000000652e-02
9.933469999999999800e-02
9.920500000000000151e-02
1.024856999999999990e-01
1.267852999999999897e-01
1.151351999999999931e-01
1.236037999999999998e-01
1.258430000000000104e-01
1.335754000000000108e-01
1.321982999999999908e-01
1.508635999999999866e-01
1.439170999999999923e-01
1.623001000000000027e-01
1.575775000000000092e-01
1.681479999999999919e-01
1.655426000000000120e-01
1.849098000000000130e-01
1.800804000000000016e-01
2.095374999999999877e-01
2.025870999999999922e-01
2.246703999999999923e-01
2.342110000000000025e-01
2.519073000000000007e-01
2.308082999999999940e-01
2.757186999999999832e-01
2.530212000000000017e-01
2.865523999999999849e-01
2.701950000000000185e-01
3.085708999999999813e-01
2.897414999999999852e-01
3.114470999999999767e-01
3.127288999999999763e-01
3.442611999999999894e-01
3.310164999999999913e-01
3.651809999999999778e-01
3.498305999999999916e-01
3.763809000000000182e-01
3.576430999999999916e-01
4.034423999999999788e-01
3.894806000000000101e-01
4.416732999999999909e-01
4.140320000000000111e-01
