6.600000000000000506e-05
2.689999999999999791e-04
8.469999999999999881e-04
2.056999999999999801e-03
5.597999999999999678e-03
7.296000000000000402e-03
1.106799999999999971e-02
2.207100000000000034e-02
3.687200000000000200e-02
4.767699999999999716e-02
4.315200000000000286e-02
5.413799999999999862e-02
6.907800000000000051e-02
8.613800000000000623e-02
1.052590000000000053e-01
1.290290000000000048e-01
1.570090000000000097e-01
1.938130000000000130e-01
2.142989999999999895e-01
2.497250000000000025e-01
2.901440000000000130e-01
3.331000000000000072e-01
3.905210000000000070e-01
4.746469999999999856e-01
5.171869999999999523e-01
5.786520000000000552e-01
6.120120000000000005e-01
7.088020000000000431e-01
8.012679999999999803e-01
8.614199999999999635e-01
9.264229999999999965e-01
1.017571999999999921e+00
1.118020999999999932e+00
1.221567000000000069e+00
1.346939899999999968e+00
1.453027000000000069e+00
1.575342999999999938e+00
1.703885099999999930e+00
1.852557999999999927e+00
2.190277099999999866e+00
2.176824100000000151e+00
2.305652100000000093e+00
2.500567900000000066e+00
2.650516999999999790e+00
2.837389899999999798e+00
3.038100000000000023e+00
3.305633100000000102e+00
3.459364200000000000e+00
3.683444000000000162e+00
3.962446900000000216e+00
4.160727999999999760e+00
4.437273000000000245e+00
4.668518999999999863e+00
4.942517800000000072e+00
5.216886999999999830e+00
5.506618999999999708e+00
5.838283999999999807e+00
6.171490699999999663e+00
6.481537799999999905e+00
7.247163300000000419e+00
7.303442999999999685e+00
7.507041899999999934e+00
7.986957600000000213e+00
8.436741800000000069e+00
1.066918369999999960e+01
9.290457699999999264e+00
9.865370800000000884e+00
9.901043899999999454e+00
1.036403750000000024e+01
1.083967879999999973e+01
1.129895690000000030e+01
1.180691719999999911e+01
1.228367609999999921e+01
1.269470789999999916e+01
1.318727870000000024e+01
1.372953509999999966e+01
1.441483209999999993e+01
1.498603340000000017e+01
1.557796289999999928e+01
1.608072470000000109e+01
1.733236499999999936e+01
1.790694810000000103e+01
1.870599169999999845e+01
1.928972429999999960e+01
2.001907539999999841e+01
2.077648350000000121e+01
2.174255750000000020e+01
2.246150210000000058e+01
2.261796000000000006e+01
2.309985160000000093e+01
2.442084120000000169e+01
2.516401289999999946e+01
2.613426779999999994e+01
2.644407079999999866e+01
2.728466420000000170e+01
3.067025759999999934e+01
2.861615559999999903e+01
2.976083759999999856e+01
3.075545119999999955e+01
3.138636019999999860e+01
